18 27 4 12 22 20
25 12 10 31 19 17
28 13 11 27 3 31
11 25 6 27 21 2
17 0 15 10 6 25
15 10 21 28 30 12
8 3 11 16 28 4
14 18 17 23 26 27
13 6 22 24 18 15
25 17 21 23 29 16
1 30 5 19 4 11
30 3 28 2 6 10
1 30 0 13 5 24
25 8 2 30 12 20
26 7 22 24 18 28
5 4 20 29 17 8
31 19 29 6 9 22
4 7 9 23 15 1
7 0 26 19 14 8
31 1 16 10 18 20
29 0 19 15 27 13
29 9 3 30 23 5
14 8 0 29 16 26
26 7 28 9 21 17
27 8 31 25 14 12
1 13 9 3 24 4
14 23 18 31 7 22
24 0 3 2 20 7
2 11 23 6 5 14
21 20 16 22 9 15
11 12 10 13 21 5
1 19 16 24 26 2
