31 2 23 39 18 1
31 15 20 13 9 0
29 0 14 22 32 28
37 26 16 6 4 12
17 23 22 3 32 25
35 16 36 15 38 6
35 10 19 39 3 5
15 24 36 12 30 38
32 39 9 12 29 10
20 29 33 8 10 1
11 6 20 9 39 8
10 27 28 24 37 26
33 16 8 17 7 3
29 30 27 21 1 26
22 2 19 34 16 20
21 7 1 23 5 24
12 25 3 5 30 14
4 36 39 12 23 27
39 27 36 0 28 21
24 23 37 6 14 27
9 10 1 36 34 14
35 15 13 22 32 18
14 2 26 21 4 24
19 34 15 0 17 4
19 11 7 26 15 22
29 26 16 28 34 4
25 3 22 24 13 11
11 37 18 13 17 19
11 30 25 32 2 18
25 2 9 13 30 8
28 13 16 33 29 7
1 0 37 35 33 38
36 8 2 28 21 4
12 34 9 30 38 31
33 23 25 20 38 14
6 21 38 5 37 31
32 17 18 5 20 7
3 19 31 27 35 11
35 34 33 31 7 5
17 8 18 6 10 0
