38 27 20 16 3 32
23 4 28 15 19 39
31 20 37 13 35 26
35 22 0 9 10 34
32 1 20 10 35 34
19 33 17 11 8 18
26 33 18 25 12 19
26 28 16 14 36 12
9 29 28 30 12 5
8 21 3 18 28 36
24 4 33 32 3 29
14 30 25 15 5 31
17 6 24 8 7 31
30 19 2 15 16 21
11 19 7 39 20 33
35 1 11 34 13 29
18 7 31 0 30 13
12 27 5 23 24 18
16 6 9 5 17 22
14 5 1 13 24 6
2 0 4 39 36 14
29 9 37 25 23 13
38 3 37 34 31 18
1 25 24 38 17 21
23 30 10 12 17 19
27 23 39 11 6 21
7 6 35 36 2 32
25 0 28 17 36 32
27 7 1 38 8 9
39 21 8 10 15 34
13 11 24 8 16 38
2 37 16 22 11 12
4 10 0 27 26 33
6 5 35 10 14 32
36 15 22 4 29 3
15 3 33 26 4 2
34 20 27 26 7 9
39 31 2 21 38 22
0 22 23 37 28 30
29 25 37 20 14 1
