27 15 2 45 46 5
43 41 32 29 42 23
0 18 20 34 5 45
23 20 41 37 15 32
13 23 11 19 16 30
32 25 2 19 39 0
24 46 19 35 26 42
47 17 13 38 29 15
40 11 44 14 12 10
19 16 37 42 22 29
38 18 43 28 8 46
8 21 24 4 40 35
33 30 36 44 8 23
4 42 7 20 14 39
16 8 24 34 37 13
35 0 31 3 41 7
14 9 36 46 33 4
26 25 7 40 36 24
34 41 10 2 26 44
9 6 45 4 5 32
3 44 39 40 2 13
27 11 43 31 22 24
28 41 37 45 9 21
3 27 4 43 1 12
6 11 14 46 21 17
28 47 17 5 36 44
17 30 18 34 33 6
21 0 34 23 29 30
22 29 25 39 10 47
28 1 27 7 9 40
12 35 26 27 4 32
33 45 15 21 43 39
5 1 38 3 19 30
31 12 40 35 26 16
18 27 35 2 14 26
15 30 33 34 6 11
16 41 25 12 39 17
38 3 22 9 14 42
37 10 32 43 7 45
20 28 36 13 5 31
33 8 20 17 11 29
22 36 1 3 18 15
1 13 9 47 37 6
1 23 10 21 38 31
20 8 12 47 25 18
22 19 31 0 38 2
6 16 47 0 24 10
7 25 46 44 42 28
