26 1 31 15 8 38
2 15 12 0 32 21
1 34 17 3 11 31
2 13 32 44 8 45
43 8 36 5 13 38
31 10 21 4 23 14
24 18 27 41 16 38
47 39 27 36 40 38
20 4 3 0 41 27
37 10 25 19 17 44
9 31 12 5 45 46
28 44 47 36 20 2
33 24 14 10 1 44
22 15 40 3 34 4
12 16 39 20 5 19
1 13 18 0 24 23
14 23 37 39 6 21
30 2 34 29 45 9
6 20 45 15 26 30
43 9 22 28 47 14
40 8 18 39 14 11
5 46 39 41 16 1
13 34 35 19 28 31
32 16 43 5 25 15
12 27 6 25 15 43
9 24 23 42 44 46
0 47 43 18 30 33
30 24 45 6 7 8
11 19 22 41 29 45
34 17 28 35 40 37
27 17 33 35 26 18
34 10 5 0 22 2
23 33 1 47 37 3
12 35 32 37 30 26
31 2 29 22 17 13
33 22 44 37 29 30
46 42 4 38 11 7
9 16 33 35 32 29
42 36 6 4 0 7
20 16 14 7 21 41
42 20 13 46 29 7
42 28 6 39 21 8
41 40 36 38 25 46
19 4 23 47 26 24
35 11 12 3 9 25
18 27 10 17 28 3
36 21 40 10 42 25
19 26 11 32 7 43
