40 47 42 26 43 5
35 44 9 6 31 36
6 10 29 12 36 22
34 22 47 39 29 38
25 43 38 45 15 9
21 24 14 0 38 37
12 2 10 1 24 33
28 33 24 16 31 27
12 20 30 41 19 14
43 41 1 18 4 19
43 22 2 25 6 23
17 18 23 32 20 28
6 2 8 44 16 17
27 40 30 34 23 24
35 44 41 15 8 5
18 45 25 14 4 26
31 36 47 12 7 27
11 44 21 12 22 37
33 15 11 36 9 32
42 8 29 40 37 9
39 23 8 27 35 11
35 5 43 17 29 32
10 33 3 36 2 17
20 41 25 11 13 10
25 5 28 6 7 13
24 10 4 15 41 23
27 0 45 38 40 15
26 42 13 20 16 7
42 24 7 39 33 11
2 21 30 19 38 3
31 46 45 8 13 29
16 30 46 37 1 7
39 46 11 21 18 36
18 22 7 46 28 6
3 41 13 40 35 43
14 21 1 20 39 34
16 22 18 2 1 32
47 45 31 17 19 5
40 26 4 29 3 5
20 32 28 3 35 47
38 0 13 26 34 19
23 14 8 25 9 34
28 27 44 0 45 19
10 9 21 4 0 34
14 42 17 1 46 12
15 30 37 26 42 4
32 30 31 44 33 47
0 37 16 3 46 39
