16 46 31 55 11 47
26 17 50 6 19 23
7 21 53 29 43 22
29 17 45 36 32 40
43 53 31 13 54 14
8 22 43 39 44 47
47 41 50 1 30 19
17 14 34 29 2 41
5 42 18 41 51 27
19 33 29 53 11 27
34 20 26 48 23 15
28 20 47 0 9 21
54 55 40 24 22 46
18 48 35 4 55 51
54 27 7 28 4 53
38 24 35 28 10 44
53 0 47 32 51 39
25 48 3 7 42 1
13 53 8 45 36 27
46 9 25 1 43 6
10 11 27 44 31 50
51 25 38 2 42 11
49 5 37 12 55 2
32 40 10 37 42 1
15 49 12 26 38 33
17 21 32 52 19 30
29 1 10 24 37 32
14 20 8 18 39 9
11 14 15 36 49 42
3 26 7 9 2 52
37 48 6 25 49 36
33 44 4 0 20 39
23 25 16 37 26 3
31 45 36 54 9 24
10 7 38 54 40 41
50 15 13 46 52 51
33 49 18 3 28 30
30 22 32 26 38 23
15 21 37 34 45 24
5 55 41 27 31 16
48 23 50 12 34 3
6 8 43 39 34 7
8 17 21 23 50 28
4 52 5 41 19 2
31 48 20 49 15 5
33 18 54 3 38 52
19 52 0 47 12 35
6 11 46 16 0 5
13 17 40 44 10 30
24 22 36 30 44 28
35 6 40 1 42 20
21 55 8 16 35 13
43 46 25 35 29 45
16 4 18 2 9 14
12 14 33 45 4 34
12 51 13 0 39 22
