24 42 3 37 55 40
37 38 26 22 55 54
4 49 6 33 3 40
0 2 11 53 55 44
2 53 10 26 34 46
52 37 42 46 30 21
20 2 26 13 30 46
29 25 14 48 35 52
47 36 15 53 52 26
16 54 41 47 28 10
19 15 4 40 9 53
44 3 48 25 51 31
30 34 46 50 52 31
28 50 48 51 6 52
36 35 23 7 29 48
17 10 8 22 28 18
9 49 35 37 47 42
33 15 41 34 42 18
43 44 42 17 15 47
10 27 29 54 23 28
38 6 23 52 45 50
45 31 54 28 5 42
1 24 48 15 23 31
32 14 20 39 19 22
0 25 35 22 32 50
24 7 27 11 45 33
30 1 6 44 4 8
19 45 40 25 43 32
13 31 21 15 9 19
7 19 32 36 37 14
38 26 12 5 6 53
33 28 21 11 12 22
23 51 29 24 47 27
17 31 2 36 51 25
12 49 17 45 39 4
14 24 48 16 39 7
14 41 50 8 33 29
1 5 0 16 29 38
20 30 1 40 54 37
43 49 23 34 35 53
44 27 38 10 2 0
55 36 9 17 50 46
0 5 17 18 16 21
18 39 55 27 45 51
40 18 11 26 3 46
27 20 21 34 25 43
5 12 41 44 4 6
8 51 32 9 16 18
13 35 11 22 7 14
54 2 55 16 39 34
13 36 41 12 20 24
32 47 13 33 11 43
5 20 8 13 12 7
4 3 8 39 10 30
49 9 19 38 21 1
41 49 0 3 43 1
