14 49 19 9 7 26
27 35 2 53 18 49
13 36 1 24 22 47
34 42 11 4 24 19
28 3 36 22 12 13
8 48 13 25 49 32
55 11 49 12 21 8
54 22 0 41 50 11
36 5 29 21 39 6
18 52 21 41 26 0
44 41 35 48 51 28
45 31 6 3 47 7
40 41 6 30 4 34
2 52 34 5 47 4
23 39 28 0 46 18
24 51 47 26 37 17
23 50 38 30 55 31
45 50 34 21 54 15
9 1 14 20 43 42
46 0 53 3 33 25
37 28 26 29 38 18
34 8 9 38 6 17
7 23 4 31 2 51
16 14 38 22 35 55
15 42 2 3 27 36
35 45 5 33 19 31
44 38 9 20 15 0
1 39 33 30 52 24
14 4 20 32 10 37
8 54 49 20 33 52
43 46 27 12 16 54
32 11 22 16 25 43
31 36 49 48 28 5
48 27 25 39 19 29
3 21 13 52 17 12
45 25 10 1 23 47
8 2 32 4 55 24
52 20 48 15 51 28
26 23 21 16 46 20
14 27 40 8 33 51
54 55 12 39 43 44
42 10 12 9 7 51
41 47 24 3 46 18
30 40 53 18 31 55
10 26 50 45 48 40
35 25 17 11 44 53
30 19 50 14 38 42
42 13 15 11 2 35
33 5 37 10 32 44
0 32 6 29 5 1
16 44 46 17 7 53
15 10 39 37 41 22
37 13 9 34 27 29
54 1 19 43 45 50
7 40 29 53 30 17
6 40 16 36 23 43
