7 50 33 42 54 28
8 24 48 50 41 51
35 51 9 47 19 27
28 40 19 10 16 18
19 52 26 6 45 48
31 40 29 48 55 47
15 16 4 7 8 52
10 0 49 32 6 18
11 1 43 32 6 46
2 39 33 17 30 36
7 30 51 44 3 15
8 17 34 45 20 27
36 17 20 13 49 54
35 22 17 43 49 12
38 29 25 22 31 16
6 18 31 43 10 23
26 6 32 3 53 14
44 11 54 12 13 9
15 21 3 7 41 27
4 29 3 54 2 23
42 11 12 35 37 51
32 27 38 18 52 55
30 32 13 24 14 45
53 46 36 19 15 34
39 55 1 33 22 48
14 33 53 37 38 52
16 34 4 35 28 33
21 53 11 30 2 18
3 30 46 51 0 26
44 19 14 5 55 38
28 22 37 10 9 27
5 36 15 45 14 44
21 8 7 22 16 46
24 0 25 9 43 26
26 11 36 47 53 23
2 52 41 26 13 20
31 41 12 34 23 9
52 30 49 47 25 20
14 21 29 42 48 25
24 50 42 44 48 9
5 3 45 50 55 47
51 36 35 43 18 1
49 39 20 54 0 38
8 50 15 41 33 13
29 17 53 39 10 31
47 11 40 4 31 22
54 23 28 8 32 49
45 2 34 37 5 40
39 1 5 4 24 38
42 7 37 13 12 46
39 0 43 55 40 1
2 41 10 28 20 1
35 37 4 21 6 25
23 44 27 34 25 16
46 42 17 19 0 12
24 29 50 40 5 21
