15 23 49 37 53 12
44 13 22 23 4 29
53 55 14 25 35 34
51 17 27 23 10 6
36 15 31 1 12 20
38 54 22 50 45 34
54 12 52 11 3 34
19 37 26 53 32 11
34 22 25 16 40 31
46 43 35 24 42 45
55 33 22 3 48 29
14 29 6 18 7 46
6 23 4 0 21 28
28 1 30 16 20 36
18 2 11 33 49 24
0 18 4 16 38 30
20 33 15 13 45 8
3 18 54 30 33 53
34 27 15 14 17 11
7 55 47 24 26 25
16 30 54 13 4 55
42 48 46 24 47 12
8 41 10 1 5 45
52 0 3 12 36 1
51 9 50 19 21 14
44 40 8 2 52 19
44 43 41 30 7 19
32 18 3 28 41 33
13 27 55 36 38 12
49 47 35 1 11 10
51 13 26 20 15 17
49 4 51 8 43 35
27 46 40 48 43 7
10 16 42 27 17 14
18 8 6 5 2 45
29 9 49 2 41 31
4 23 40 44 28 13
51 44 42 7 0 54
5 47 15 43 39 28
52 41 54 42 38 48
50 45 25 32 36 8
26 42 22 39 27 35
21 41 33 37 39 9
9 26 48 38 32 31
26 1 25 37 36 55
40 22 16 5 9 34
9 50 32 21 11 53
29 52 38 19 50 21
21 43 53 10 32 39
29 31 0 35 51 14
46 40 24 52 47 5
3 37 30 24 31 49
23 39 47 6 25 50
2 48 0 7 17 46
6 5 39 17 20 37
10 2 19 28 20 44
