59 51 2 33 15 42
13 8 42 34 16 44
30 0 29 33 55 4
11 62 5 32 59 31
61 53 33 50 2 23
31 52 57 46 3 39
46 18 31 8 17 52
39 26 57 56 49 35
10 1 23 32 6 46
10 34 41 48 13 60
9 8 19 49 26 36
62 3 40 42 23 12
16 15 50 37 53 11
1 51 9 29 58 63
45 18 48 33 19 52
12 42 37 49 58 0
30 12 43 1 18 38
47 6 19 35 23 43
14 40 47 16 6 24
10 17 45 14 28 27
58 23 22 49 24 28
22 25 59 31 38 54
30 21 25 32 20 60
40 20 8 11 17 4
44 36 18 20 35 60
37 60 22 21 56 34
33 57 35 7 27 10
32 57 61 41 26 19
51 61 43 35 19 20
63 2 36 13 50 47
16 62 2 41 40 22
5 59 62 6 21 3
57 45 27 8 22 3
26 4 0 2 57 14
9 48 55 1 38 25
26 28 24 17 7 62
53 29 24 51 10 61
49 25 15 12 38 56
45 46 16 34 37 21
41 63 7 54 5 40
23 11 18 30 63 39
39 9 63 30 27 58
1 48 15 11 47 0
52 56 16 28 44 17
24 58 43 1 49 53
38 14 32 54 55 19
50 38 6 54 5 8
48 55 17 18 42 29
59 47 14 42 34 9
37 10 20 44 15 7
46 61 12 29 4 54
13 63 28 0 60 36
43 56 5 55 6 14
36 54 59 4 12 44
39 53 45 46 21 50
47 34 2 45 52 60
52 43 58 25 7 37
32 26 27 5 33 7
56 20 44 13 15 41
0 48 53 31 21 3
25 51 9 24 55 22
4 62 28 50 27 36
11 30 61 31 3 35
39 29 51 41 40 13
