37 21 27 6 32
17 3 5 17 38
24 15 25 35 23
4 32 15 26 14
37 36 0 10 19
19 13 24 6 16
23 3 5 7 31
12 15 31 17 12
9 29 18 14 7
36 27 35 10 34
18 5 29 22 3
1 27 17 38 7
0 15 13 6 16
10 11 8 22 23
29 18 15 8 11
25 22 9 22 23
6 2 34 6 4
24 20 21 39 4
28 5 2 38 16
11 20 35 11 33
31 10 9 10 30
1 13 3 33 25
26 7 2 34 26
38 37 14 35 33
19 28 26 21 1
33 4 33 3 0
39 30 37 8 18
36 25 5 20 12
31 36 37 12 26
22 34 20 0 13
14 29 32 23 0
27 25 29 12 32
39 16 11 1 39
30 27 28 30 32
21 20 21 8 4
19 16 14 34 9
18 30 28 39 2
24 2 17 24 19
35 1 36 28 8
31 7 9 13 38
