27 19 27 23 31
2 20 7 23 31
6 17 30 9 35
36 10 23 11 20
8 35 7 35 9
11 12 29 25 3
10 15 11 3 34
14 34 34 17 39
18 21 20 33 0
5 16 15 26 26
31 9 32 32 1
21 39 4 20 5
25 22 39 34 29
16 16 32 36 26
34 3 20 33 23
39 22 32 35 24
10 33 26 28 1
15 25 36 2 0
38 27 14 32 22
24 10 12 6 15
24 7 8 33 30
25 14 29 0 8
2 21 38 14 24
11 26 37 11 28
5 37 19 38 39
3 8 3 12 1
30 25 4 36 30
17 0 19 13 13
29 37 18 19 36
33 6 16 12 15
24 38 17 7 37
4 10 37 5 9
29 13 2 1 18
18 13 31 27 16
14 4 28 13 6
4 38 30 28 2
1 6 23 22 12
21 21 7 8 31
19 28 5 27 22
9 17 0 18 35
