27 8 10 5 16
16 25 15 17 36
25 35 31 29 38
10 18 35 30 28
1 7 26 3 9
1 11 19 13 9
21 21 27 2 26
2 38 33 24 24
17 36 19 19 16
34 39 22 37 14
7 20 29 7 5
14 22 32 18 21
9 7 25 33 6
20 29 18 14 6
12 11 19 28 13
7 29 30 34 23
37 5 22 17 24
19 23 22 8 31
4 3 25 23 38
21 5 5 26 34
33 31 33 4 27
27 13 32 8 6
10 21 20 26 27
0 0 2 36 11
11 36 13 31 12
32 12 30 20 10
14 35 4 32 16
6 1 1 28 33
38 37 12 32 4
6 23 39 15 18
34 31 9 1 17
35 26 34 30 0
12 8 3 23 24
39 15 0 35 17
28 38 22 3 15
30 37 16 2 24
3 39 28 11 39
29 10 9 20 13
18 4 25 0 36
37 14 15 8 2
