34 28 27 37 2
8 18 8 9 30
38 35 31 7 12
9 14 29 1 31
33 39 13 1 30
21 2 10 32 21
20 29 13 5 37
22 23 30 33 6
35 10 15 25 9
24 23 37 7 11
3 38 17 39 15
32 29 18 18 19
4 19 33 28 35
31 0 16 22 5
25 15 19 26 5
26 27 26 20 8
6 30 4 14 32
7 25 24 28 15
39 24 29 16 0
0 34 39 25 5
36 23 6 18 3
14 2 27 34 33
14 4 27 11 26
13 28 21 30 5
38 18 31 6 3
32 36 10 34 1
2 38 13 12 4
22 6 24 20 32
22 29 23 12 11
11 10 7 25 13
34 20 35 21 28
39 19 36 22 9
21 36 17 37 17
31 24 17 36 0
11 10 0 8 20
16 16 3 26 7
33 17 1 38 27
35 4 23 9 1
19 12 3 14 8
2 16 15 37 12
