33 32 20 32 35
7 4 5 33 24
36 7 35 15 0
11 38 21 30 31
38 6 26 6 15
28 9 22 27 12
27 22 17 19 32
11 24 5 15 39
25 18 23 26 9
11 8 18 25 14
23 2 24 21 37
2 0 14 37 2
4 10 20 31 18
7 32 28 8 6
7 33 1 37 31
7 32 14 16 20
23 17 15 25 5
8 23 12 26 33
4 6 24 28 22
34 0 13 20 28
24 13 30 33 18
12 0 5 2 20
3 27 30 16 35
22 31 2 1 6
22 29 11 16 10
39 35 28 38 9
10 17 34 9 25
36 34 10 12 13
37 21 13 8 12
9 26 3 35 27
4 18 36 17 27
17 11 39 26 34
38 30 25 36 30
29 16 8 5 37
39 1 19 16 19
36 31 10 14 3
29 14 13 38 21
29 0 19 1 15
1 29 21 4 39
23 19 3 34 3
