32 25 34 19 3
13 20 5 17 21
22 39 29 9 10
5 28 16 30 7
12 3 15 28 1
0 17 20 17 27
23 5 7 9 2
12 12 8 38 33
36 5 22 24 16
22 24 4 7 28
32 14 34 37 19
16 19 1 27 37
23 27 8 25 28
25 9 36 15 23
7 30 37 33 24
3 36 12 31 38
1 12 22 35 26
37 21 21 6 13
4 35 34 34 11
31 36 3 7 0
17 32 31 26 38
18 38 26 8 35
8 38 17 13 20
15 6 21 34 4
30 0 14 14 4
39 21 2 11 1
14 36 33 25 10
39 29 13 15 23
15 0 30 11 32
6 35 9 9 35
24 13 31 25 23
18 11 19 37 0
30 29 16 29 16
2 4 5 14 8
6 24 2 29 18
27 27 19 26 18
1 28 10 6 33
18 39 22 11 32
3 39 20 33 31
26 10 20 10 2
