12 28 29 24 45
16 28 34 41 4
14 47 42 35 22
31 35 23 19 9
1 29 25 17 38
36 44 2 3 34
42 29 20 11 32
38 37 38 20 28
4 30 45 28 39
11 40 45 24 17
15 47 21 22 18
45 40 8 20 46
10 2 32 42 23
43 19 2 7 9
4 34 26 37 27
1 43 47 5 39
7 23 23 3 4
41 20 13 36 13
33 28 7 6 10
5 46 12 35 13
15 18 31 34 25
6 33 24 32 39
7 8 1 39 19
43 5 31 46 17
31 5 8 18 21
30 22 5 16 26
11 10 27 6 33
25 0 36 6 24
37 44 21 43 32
16 16 27 8 4
2 36 37 45 23
41 15 12 11 7
29 9 24 0 12
1 9 26 3 30
41 42 27 40 0
40 1 19 31 46
9 42 29 10 33
26 44 17 16 19
32 43 44 17 6
22 44 3 3 40
34 46 47 30 35
37 8 39 27 14
14 2 30 15 10
33 22 15 25 20
18 38 21 12 13
35 26 41 47 38
14 13 36 11 21
25 0 0 14 18
