23 11 25 21 20
37 38 35 44 6
27 22 42 28 10
29 45 30 31 23
17 46 2 16 47
45 14 31 1 11
21 9 28 3 45
12 29 44 15 23
12 45 19 14 20
27 47 13 39 1
43 24 42 33 18
46 38 20 16 39
32 14 37 6 32
8 46 40 3 2
37 18 27 10 10
11 19 25 25 12
21 28 15 32 30
6 7 16 29 15
43 25 14 3 5
7 24 17 17 38
16 0 14 43 23
33 37 47 28 16
42 18 11 40 15
22 9 30 44 34
2 32 34 19 36
0 12 30 33 41
5 34 13 5 9
44 43 23 35 47
38 5 0 8 12
4 31 17 4 40
3 31 43 9 31
47 24 32 35 1
20 39 26 7 5
37 8 4 34 13
27 11 28 46 41
42 34 24 13 8
0 25 26 26 41
9 20 22 45 0
36 33 19 40 21
35 3 27 10 35
44 22 30 26 26
18 39 21 42 7
38 22 41 8 19
36 46 6 4 15
2 6 41 13 10
2 1 33 4 29
7 1 24 17 36
39 40 36 29 18
