31 30 43 14 46
38 35 43 23 16
19 32 17 28 3
37 37 40 41 8
25 19 30 1 13
10 22 23 7 34
14 29 36 7 20
23 31 15 25 47
24 18 7 13 39
20 30 6 29 21
13 43 42 34 9
24 37 29 27 39
21 24 20 9 38
46 33 16 38 5
28 8 40 2 31
4 20 10 23 17
30 34 39 4 7
46 7 29 12 19
17 39 2 44 38
35 37 5 17 2
5 21 42 26 10
33 15 40 13 15
33 3 15 43 45
44 12 43 41 34
35 1 15 21 45
31 47 24 39 4
3 27 11 41 6
46 44 16 1 32
23 11 25 33 41
4 18 26 2 10
26 0 6 0 14
18 14 9 8 16
36 20 47 25 28
19 28 27 42 14
36 9 6 40 0
34 28 32 1 45
38 26 45 47 40
2 11 24 0 8
32 41 6 9 13
35 44 11 25 30
44 31 22 5 5
3 22 42 29 11
18 27 45 27 4
36 19 22 46 10
17 12 42 16 22
18 47 0 26 21
1 32 12 12 37
36 35 8 3 33
