36 41 36 14 9
5 28 10 0 25
42 45 38 3 22
13 38 15 25 0
24 39 42 18 36
27 32 13 6 28
39 42 33 43 30
27 22 15 20 11
34 31 26 0 35
28 16 26 1 24
35 40 21 46 8
27 21 43 9 33
3 21 39 32 23
22 4 47 2 41
30 4 37 12 17
40 28 31 45 31
47 18 41 18 11
37 15 33 27 13
29 11 32 12 1
45 24 47 7 2
45 34 2 7 34
46 23 0 29 6
8 37 4 23 7
1 3 45 21 9
43 38 40 16 8
15 44 9 47 0
14 32 16 5 32
7 42 30 12 21
5 10 35 33 37
17 38 14 16 36
44 44 29 10 5
26 29 20 6 16
40 35 19 4 25
25 28 26 22 14
46 3 44 3 10
41 4 1 19 34
6 11 14 26 10
39 19 31 1 13
7 2 29 11 19
20 5 12 35 6
17 18 44 47 46
19 39 23 9 38
31 27 17 13 36
40 8 8 20 42
15 30 46 17 18
25 34 37 24 20
41 43 33 12 43
23 24 2 30 22
