24 6 11 7 12
3 5 15 15 16
15 29 32 27 11
18 46 30 34 31
44 44 13 22 6
45 26 20 44 16
1 10 4 32 40
4 23 27 21 45
45 5 13 9 19
10 5 43 47 40
8 14 9 6 6
33 31 35 19 42
31 23 2 28 15
1 38 8 10 14
9 32 5 47 2
35 47 5 41 11
8 42 13 39 22
38 29 33 28 20
16 38 4 41 11
37 33 24 39 43
16 10 3 37 8
0 17 25 28 22
30 21 42 12 2
12 42 12 40 39
35 14 3 46 25
44 32 20 36 35
29 12 24 19 14
14 19 34 36 46
34 8 11 31 39
21 32 17 42 21
16 18 1 20 41
46 46 28 26 38
45 39 29 31 45
36 17 0 43 22
0 6 17 37 23
27 7 34 4 43
26 43 1 28 30
20 41 21 4 3
1 30 33 15 37
34 27 2 40 47
47 30 23 10 18
22 24 33 2 9
41 27 26 40 0
36 23 13 24 18
7 25 19 18 0
9 3 37 25 38
44 26 17 29 7
35 13 36 25 7
