44 44 38 5 46
30 3 2 42 32
43 29 27 30 38
31 18 8 15 47
30 45 38 12 9
0 9 43 41 22
31 41 42 4 15
17 2 32 19 14
43 21 35 46 1
36 7 23 41 4
23 47 8 5 11
9 3 46 21 12
26 47 25 33 18
42 0 18 20 11
1 35 40 1 17
20 40 3 24 25
10 44 35 13 45
19 22 35 29 21
36 21 14 28 24
45 13 46 27 6
38 34 15 47 22
31 3 4 28 8
12 8 10 27 34
2 7 6 12 24
47 44 28 30 32
37 23 37 33 39
5 29 38 5 25
10 26 5 45 42
13 16 27 13 40
0 17 25 46 20
0 40 10 29 11
18 34 34 4 8
18 41 11 39 15
12 44 9 1 7
22 20 33 43 40
20 17 36 21 25
16 16 26 39 33
30 36 24 11 32
7 23 13 3 0
26 33 15 9 34
1 6 32 10 17
36 26 35 27 43
19 31 37 29 4
41 28 45 31 19
14 19 28 22 2
2 7 14 39 6
6 39 42 24 23
37 14 16 37 16
