39 51 35 34 24
46 55 50 18 30
48 29 13 9 6
15 0 1 30 42
9 47 16 20 13
54 2 44 18 16
25 49 23 19 17
4 3 34 42 25
31 16 26 53 38
0 43 35 30 28
18 22 28 17 21
22 51 15 50 3
22 41 3 46 10
27 48 3 47 7
49 48 19 47 22
52 33 36 9 38
4 36 51 37 38
23 37 46 24 6
20 31 1 50 24
45 33 52 55 32
44 30 54 13 12
33 1 49 13 47
2 0 49 54 42
11 40 21 27 1
51 55 21 14 17
20 41 30 50 10
29 14 37 54 14
2 49 11 7 1
5 16 43 0 52
21 55 14 34 2
41 29 8 8 25
19 39 39 35 53
15 31 45 6 8
15 31 53 32 12
13 43 7 48 55
45 37 26 44 4
10 44 34 21 42
7 27 4 17 26
28 40 18 19 5
23 23 9 12 14
45 42 35 24 10
43 9 5 43 40
11 39 20 28 29
11 11 19 44 5
45 29 0 2 23
8 27 52 24 33
32 3 12 16 4
25 46 48 32 35
7 10 36 33 38
31 32 26 52 38
47 41 37 8 26
50 25 20 17 6
40 46 34 15 53
22 41 28 18 36
39 36 40 12 27
54 53 6 51 5
