36 8 23 51 19
41 26 40 51 20
23 53 31 42 16
1 51 24 27 25
23 48 39 3 9
20 46 30 44 25
50 45 52 4 17
19 41 50 12 54
15 14 0 29 33
13 27 49 11 36
17 24 54 48 51
44 40 7 29 53
25 18 34 29 45
38 6 53 29 53
43 38 11 37 28
47 55 30 39 3
5 5 49 32 2
31 12 45 45 0
38 8 30 12 14
16 34 34 7 52
16 15 29 18 32
55 13 10 36 37
21 8 49 13 10
12 25 18 27 37
5 43 26 44 14
41 32 15 19 30
39 47 45 6 20
11 16 4 32 28
40 40 49 47 36
34 39 17 42 21
22 6 33 15 4
8 2 48 14 20
22 1 1 9 18
13 10 9 31 47
2 28 51 23 1
46 17 10 20 6
46 30 38 31 24
35 33 42 21 32
21 3 55 52 55
27 43 17 0 38
23 35 8 43 28
31 44 25 5 52
46 3 41 26 33
4 41 11 48 42
54 37 19 50 52
10 9 55 12 37
5 33 42 35 48
21 0 50 4 26
54 46 19 54 3
24 22 13 9 35
27 53 0 15 7
16 11 40 44 50
34 28 24 7 1
14 43 39 49 36
26 2 35 22 18
47 7 6 22 2
