32 18 28 3 3
27 14 31 40 34
42 35 7 24 9
46 16 0 41 10
37 12 29 8 34
25 0 45 27 50
12 49 20 52 55
2 19 14 48 53
19 1 52 24 13
11 37 54 13 23
35 31 11 21 54
44 37 4 12 44
40 5 42 39 32
28 47 33 43 28
42 42 4 50 20
50 17 28 7 27
48 2 4 5 6
24 18 44 3 22
38 55 6 44 29
30 32 6 22 11
43 22 36 45 39
7 52 0 35 36
39 8 45 54 29
53 25 37 38 5
53 51 46 41 25
55 1 26 21 47
19 33 40 21 49
23 49 43 12 32
13 49 48 14 49
4 41 38 50 44
15 3 12 36 2
16 15 53 10 10
1 16 2 17 31
47 37 8 18 18
5 7 1 14 35
16 26 18 21 21
23 15 8 25 46
16 20 4 13 17
42 26 19 30 34
46 29 40 35 22
36 24 33 48 45
40 30 43 1 11
27 28 2 22 29
34 30 54 50 33
23 6 39 17 55
5 38 31 27 17
9 34 43 52 38
36 8 30 15 54
51 23 46 31 6
26 45 19 48 51
53 51 10 41 9
3 15 14 9 47
20 55 9 13 26
0 33 20 41 24
25 47 52 10 11
32 7 39 51 0
