32 13 17 17 18
24 23 36 15 41
33 52 0 38 13
4 28 42 43 14
21 11 16 11 26
22 30 43 29 21
49 0 36 35 38
25 18 20 42 49
45 29 44 14 30
19 18 40 4 31
2 39 9 51 23
45 23 36 37 45
15 49 29 34 35
54 22 25 14 37
32 30 19 5 5
6 11 34 44 26
3 17 7 28 40
37 34 53 50 28
31 27 27 22 1
22 15 53 48 2
43 51 8 37 46
47 12 47 3 9
30 10 27 15 54
17 50 18 32 16
9 50 23 53 53
45 1 4 28 55
9 33 20 39 19
8 25 42 7 38
55 29 0 3 18
6 41 54 24 14
48 12 41 34 47
41 0 7 12 35
39 30 29 5 43
55 36 23 46 22
16 7 1 54 40
13 10 21 25 1
54 8 41 40 2
38 36 50 24 13
12 33 39 46 10
11 38 20 14 44
21 55 20 24 6
3 42 52 39 27
19 24 46 33 6
48 52 8 1 52
34 52 16 20 45
31 4 55 2 13
48 15 8 4 35
51 6 44 50 31
28 51 33 42 26
47 31 27 40 11
43 17 48 25 47
53 5 26 21 44
37 2 49 0 10
12 49 7 46 16
9 32 3 51 32
5 19 10 35 26
