31 32 53 5 55
28 52 19 29 13
48 20 42 46 52
26 20 18 20 10
19 12 3 18 54
44 38 33 17 35
49 8 46 14 0
20 14 42 21 41
45 4 7 36 39
7 42 54 47 11
27 28 40 27 23
22 33 47 48 1
43 43 3 19 4
50 24 11 34 33
46 53 50 48 37
27 0 40 43 55
17 15 36 44 25
28 34 43 5 52
12 11 45 30 23
29 52 38 16 6
39 54 36 22 52
9 30 9 26 53
32 35 51 14 21
5 35 24 50 36
1 30 41 6 31
55 15 45 51 35
11 36 40 22 2
8 13 10 49 4
8 41 33 9 31
23 32 38 30 8
16 34 48 18 3
41 55 49 47 13
2 39 7 3 22
18 28 37 6 54
20 26 25 47 16
29 26 54 21 4
55 29 47 26 13
41 49 10 3 48
22 25 53 6 51
53 33 45 21 9
11 30 51 10 27
8 0 37 21 10
44 24 38 19 4
40 0 42 25 15
6 17 5 37 2
31 13 27 7 17
23 35 45 25 14
50 9 43 34 37
16 15 2 42 1
12 44 44 0 29
32 7 46 1 40
12 12 17 28 32
39 2 49 46 24
24 31 38 1 39
5 34 50 15 18
16 23 14 51 19
