47 46 20 41 47
39 41 41 47 12
36 31 7 55 54
1 51 46 1 46
45 8 52 52 50
34 2 22 33 21
48 21 53 41 11
48 5 36 32 23
37 1 19 11 34
19 28 7 55 18
50 51 0 3 5
18 23 16 30 9
19 9 5 22 43
50 44 51 37 20
30 54 24 25 36
23 17 49 14 25
29 10 5 6 30
2 46 24 36 42
47 44 33 34 2
47 48 51 39 42
21 32 32 54 4
25 49 43 13 16
25 46 11 30 3
7 33 26 53 9
4 42 54 32 29
20 10 44 54 9
22 0 49 16 35
1 20 29 8 15
2 13 6 37 39
38 45 15 28 23
18 15 44 22 50
17 40 49 4 16
15 39 53 1 21
39 44 37 3 36
9 25 28 14 37
51 10 0 26 20
5 19 45 8 12
55 27 12 17 45
24 32 33 16 30
43 29 14 7 38
28 31 55 31 28
3 4 35 35 40
0 0 34 35 52
13 8 15 52 33
18 53 26 26 12
6 40 31 27 31
48 50 21 10 35
22 48 6 10 42
53 40 13 19 14
38 23 18 27 43
24 42 4 7 43
3 13 24 17 49
29 34 6 45 11
17 26 27 27 12
55 2 52 40 38
14 8 11 38 41
