10 32 30 25 2
38 62 27 8 62
52 26 63 4 5
45 6 58 41 23
21 15 43 61 9
54 30 60 54 31
17 44 43 42 45
59 2 46 19 24
5 36 50 21 6
38 18 25 33 16
59 28 19 0 59
30 22 31 38 37
2 37 63 1 25
39 60 48 3 29
19 40 53 28 11
40 39 43 51 57
7 25 62 1 60
22 3 33 52 6
2 33 12 16 61
25 34 61 15 13
56 6 15 51 32
5 33 15 9 55
41 5 55 27 27
42 50 1 3 50
23 27 9 47 21
41 32 47 50 23
9 44 30 19 43
29 17 21 21 53
41 13 9 45 63
48 3 57 59 24
51 54 40 56 56
60 60 55 0 34
61 35 11 31 3
16 36 40 2 49
6 14 53 63 7
10 0 18 7 14
49 16 47 18 20
22 34 48 11 17
35 45 8 57 0
4 41 12 22 28
45 52 10 35 4
55 23 10 58 20
12 52 12 26 28
29 33 7 32 47
31 20 40 26 35
15 32 43 1 58
51 18 5 44 12
29 51 56 37 4
50 27 36 49 24
20 39 8 24 34
13 57 63 36 54
14 57 31 37 47
38 46 62 35 18
10 0 4 44 39
59 8 42 42 52
42 26 7 1 37
48 62 13 17 8
39 61 34 14 29
20 17 36 38 53
11 58 23 49 44
48 11 49 56 30
26 28 19 46 46
24 22 14 53 58
54 46 55 16 13
