5 7 40 5 32
50 63 14 20 20
38 1 50 35 62
24 18 28 45 28
63 62 16 44 30
53 54 11 48 22
43 32 40 47 49
46 31 12 45 33
16 20 36 54 49
4 46 60 36 21
49 27 45 56 14
48 7 29 19 8
56 16 43 31 48
52 15 53 41 20
15 42 34 23 38
43 35 4 62 0
22 33 55 44 50
6 29 54 39 60
30 9 57 27 13
48 47 21 10 5
58 41 26 8 51
53 14 52 23 53
58 62 16 61 21
2 25 17 1 63
57 21 3 17 47
37 12 7 36 54
38 7 32 12 51
10 25 55 14 5
36 11 27 60 56
57 44 37 40 51
52 33 3 26 47
46 28 2 37 6
47 9 63 8 55
32 59 46 6 24
0 38 24 60 38
37 1 15 23 50
42 30 29 29 9
44 59 6 36 14
43 61 3 26 20
10 55 61 11 26
39 25 15 33 3
22 13 28 8 2
19 3 23 39 59
6 11 30 31 19
2 58 56 24 15
13 10 11 33 58
18 52 55 30 35
17 16 25 19 63
50 4 27 46 41
59 52 42 42 35
43 51 19 40 37
13 45 60 34 27
58 41 39 0 34
25 22 42 59 45
17 18 22 53 17
9 2 54 18 23
61 12 1 8 18
26 4 41 39 35
48 34 0 62 40
9 31 13 49 7
57 34 61 4 32
12 31 1 56 49
5 44 0 51 24
28 29 57 21 10
