51 15 54 34 10
22 8 17 48 13
46 58 21 21 56
4 2 20 59 39
11 60 48 43 3
13 49 14 37 50
27 38 60 5 55
18 1 55 38 42
18 11 52 25 44
39 25 61 30 56
63 11 25 11 20
24 54 4 45 30
44 58 63 34 2
42 50 19 57 59
26 8 48 59 12
17 31 52 41 60
63 24 33 49 53
50 58 1 23 37
40 53 7 9 16
22 41 27 21 47
61 50 51 57 45
29 44 25 2 36
24 30 7 11 35
27 32 55 40 4
12 0 48 7 19
16 28 57 50 39
38 35 48 12 0
4 6 1 35 13
46 3 24 5 20
47 46 8 9 31
1 9 22 56 36
30 62 56 16 44
42 6 3 17 38
2 36 53 0 40
14 62 41 52 3
41 52 6 6 38
49 15 54 28 60
33 45 56 32 14
35 62 59 10 16
15 62 6 43 61
13 7 17 53 28
3 1 15 32 26
10 51 14 62 54
36 45 28 41 42
18 31 20 24 26
12 26 31 9 0
33 32 44 34 31
37 52 15 61 27
14 20 59 8 5
26 29 12 53 23
19 51 10 37 13
43 21 34 28 46
47 42 2 23 8
60 35 33 23 23
36 0 16 46 55
63 9 37 10 5
51 19 32 40 29
45 22 25 18 18
57 21 17 29 43
27 63 29 58 22
30 55 61 49 7
57 47 39 47 54
4 19 49 40 43
33 5 34 39 58
