60 28 53 12 57
0 40 8 41 49
29 48 62 31 25
49 33 48 24 62
35 22 28 46 56
62 59 3 2 26
41 13 57 51 4
36 57 9 3 49
39 47 30 31 9
57 40 59 14 50
37 17 47 9 30
25 4 15 52 7
0 5 14 60 22
34 27 51 39 45
10 17 0 36 20
18 44 10 54 17
3 63 10 8 53
6 21 1 38 63
61 9 19 7 34
37 26 26 53 35
18 24 21 15 38
18 37 3 34 47
12 36 54 4 21
46 24 5 63 49
52 31 16 44 32
45 51 33 4 63
58 1 22 10 6
40 45 11 5 5
7 43 43 39 1
20 8 2 48 20
51 35 11 44 1
40 56 58 42 60
23 49 35 56 28
56 58 42 6 43
43 61 59 17 24
52 60 52 27 32
44 32 62 48 13
11 39 44 1 10
13 51 34 6 31
38 61 9 28 55
16 41 11 29 38
2 2 30 40 48
19 33 15 27 45
41 20 30 14 22
50 27 13 37 61
31 42 54 46 53
32 53 35 14 24
33 27 42 21 12
37 57 56 39 50
16 15 23 0 8
16 32 30 42 60
23 46 25 5 11
6 3 13 29 17
19 29 14 12 19
7 61 55 25 22
28 62 36 54 23
63 59 4 18 16
58 0 50 19 20
18 55 12 34 55
47 8 25 21 55
43 58 46 41 29
54 50 45 36 47
15 59 52 7 2
26 23 33 26 38
