4 50 49 36 45
59 4 49 48 43
23 13 43 0 24
2 14 56 45 37
39 23 22 51 41
49 50 31 62 59
55 52 2 33 61
17 20 18 49 2
42 0 16 40 57
15 29 0 25 45
58 59 47 26 52
59 48 32 3 9
22 9 14 50 54
52 51 31 8 33
6 62 10 36 19
33 59 51 43 0
25 38 56 28 15
26 12 51 1 20
28 58 42 44 34
35 37 44 50 42
63 31 44 13 6
24 41 46 26 16
35 45 10 47 55
12 14 30 41 58
12 15 17 52 9
21 11 1 10 6
36 23 38 29 17
21 11 42 60 63
60 24 63 52 19
12 39 7 40 35
5 33 21 55 1
57 37 8 49 7
38 41 48 47 4
39 6 19 5 7
22 38 31 56 37
2 26 63 53 53
47 34 39 56 47
63 61 54 46 23
62 17 18 46 40
55 32 8 14 58
9 60 54 33 18
53 25 39 57 11
13 30 11 29 5
28 6 8 30 36
35 7 21 13 20
2 17 31 32 32
25 19 15 20 30
56 44 11 3 26
32 12 16 24 27
29 62 0 61 7
8 35 28 27 18
46 45 57 1 43
54 38 3 21 13
16 43 15 14 29
61 10 28 16 48
61 62 41 40 54
53 1 53 3 60
24 22 20 34 27
48 27 34 19 9
5 57 40 51 22
27 46 18 4 10
25 36 37 3 30
55 50 5 58 4
42 60 23 44 34
