23 60 12 7 23
63 15 47 17 3
50 33 18 27 25
29 50 57 24 45
55 51 23 14 13
58 20 63 29 34
39 8 33 17 56
16 43 35 45 40
59 37 29 24 22
34 24 12 5 62
49 1 57 27 54
61 49 0 9 60
62 36 26 10 26
30 18 56 59 61
6 46 29 54 3
26 43 39 33 37
18 7 34 41 35
61 19 2 46 21
43 8 28 53 53
31 16 63 4 1
6 43 61 22 28
47 8 45 2 33
46 48 11 21 44
42 39 47 58 10
32 12 15 50 60
52 55 38 56 16
49 44 13 46 25
32 7 10 50 42
13 48 21 3 43
59 26 55 48 21
35 31 31 34 24
44 16 12 42 28
2 4 1 38 9
52 37 60 5 11
27 6 41 9 40
5 40 17 30 21
58 19 54 51 3
20 9 8 39 38
25 47 48 33 15
46 47 10 53 60
4 59 29 57 30
1 37 36 31 44
56 35 52 28 22
4 16 41 51 53
37 49 51 50 62
27 38 36 5 41
58 3 4 22 45
0 54 58 44 40
61 23 12 56 2
63 0 52 57 24
36 10 51 8 19
63 0 26 31 20
17 14 19 30 25
15 36 41 32 14
6 52 14 25 2
11 13 18 54 11
38 15 20 9 17
39 48 14 11 59
40 18 30 32 6
5 27 42 42 19
45 55 49 55 32
62 35 53 22 62
20 0 7 28 1
23 57 7 34 13
