30 15 34 2 24
19 35 27 21 12
21 0 1 0 38
39 31 15 35 12
22 13 34 5 27
31 18 14 31 28
2 24 37 4 10
19 36 32 35 26
9 14 27 18 27
1 2 36 4 17
16 4 28 26 9
25 25 25 28 23
21 20 0 5 37
19 4 7 37 23
10 36 20 5 7
32 35 30 7 9
29 36 34 10 8
27 23 22 3 8
34 3 23 24 13
17 16 11 11 14
3 15 38 8 28
39 25 7 38 26
32 20 39 0 8
18 37 24 39 28
12 6 32 13 23
6 14 36 7 22
33 20 2 5 22
20 18 19 0 24
13 18 16 17 1
39 30 21 10 38
6 9 1 17 26
33 38 30 4 32
2 3 17 29 10
13 35 30 15 11
9 21 31 19 37
29 14 16 12 5
8 34 15 1 33
6 22 11 11 33
6 31 29 3 33
12 29 16 25 26
