14 8 25 21 10
26 7 18 28 5
24 37 11 22 7
5 31 35 28 17
27 35 2 15 23
34 21 32 6 14
39 22 36 13 17
20 0 17 18 10
19 30 2 29 36
8 19 37 36 7
30 35 32 9 16
38 32 3 19 4
19 13 25 19 1
28 25 3 31 27
17 4 20 32 10
38 20 26 29 12
11 33 7 23 12
6 33 6 27 12
1 24 30 5 0
39 5 17 35 3
25 13 2 10 11
29 18 0 26 35
24 38 13 38 26
6 8 33 37 2
20 21 4 25 18
16 37 34 5 1
12 4 33 9 34
28 22 16 10 4
32 18 6 0 22
3 15 37 36 1
34 31 15 36 23
14 27 14 29 38
27 3 7 15 9
15 24 20 30 13
1 16 8 26 24
30 39 21 8 21
0 2 31 11 12
28 33 39 9 9
39 23 29 34 11
23 31 14 22 16
