33 31 16 17 31
14 7 16 16 29
3 34 14 33 27
4 38 30 35 39
21 10 23 39 27
1 22 36 35 17
30 33 38 22 17
22 2 1 8 22
0 22 31 37 15
23 14 15 11 16
2 23 30 0 4
28 33 31 35 25
8 36 34 2 27
9 26 20 36 37
9 13 39 32 37
29 21 24 19 36
6 37 7 38 39
21 29 5 28 10
26 12 7 14 6
28 11 31 15 8
15 4 18 8 24
24 32 25 30 12
27 13 18 18 1
5 20 3 19 12
3 21 32 9 6
21 19 33 5 20
24 18 34 2 27
32 30 19 28 34
18 0 11 35 2
3 24 10 20 26
26 4 17 25 4
17 26 8 29 10
7 23 19 10 23
13 6 34 16 35
25 1 28 5 15
9 39 9 37 11
11 3 5 12 0
20 1 6 29 38
13 0 13 36 12
38 7 25 14 32
