38 9 3 7 32
31 15 34 20 16
39 37 13 6 37
16 8 29 31 15
34 24 5 37 11
29 3 1 10 9
28 2 27 15 3
12 26 17 2 6
17 9 7 32 9
11 8 15 33 17
16 29 4 25 13
39 26 23 19 1
20 36 33 18 10
25 14 22 14 18
36 1 38 35 31
10 12 6 16 12
34 28 6 26 4
5 35 37 22 16
4 5 28 6 23
32 30 24 27 33
13 39 36 8 3
2 9 0 19 31
35 31 39 23 28
22 39 0 7 26
4 19 30 22 27
13 29 21 33 14
11 30 33 0 20
14 23 19 18 1
15 36 25 7 30
2 30 7 38 38
11 35 19 27 5
2 25 29 34 8
38 1 18 36 21
12 0 35 32 25
5 0 13 12 20
23 17 26 21 4
18 10 27 22 17
21 11 24 20 24
28 10 8 24 34
14 37 3 21 32
