24 4 11 26 9
20 24 34 3 29
29 7 27 13 9
28 23 10 10 39
34 8 18 32 19
17 4 26 17 14
24 21 20 11 19
25 37 35 6 15
33 33 37 39 10
1 28 31 28 30
24 14 23 2 27
16 9 12 3 37
16 30 20 6 19
24 12 32 27 6
2 15 39 35 1
34 8 9 9 21
38 4 25 20 6
18 0 12 19 15
31 0 34 5 33
37 21 7 31 5
39 1 32 26 14
31 18 3 38 18
14 17 23 0 0
38 36 2 29 17
2 7 5 26 15
32 22 36 8 6
1 22 8 28 21
38 36 30 11 35
27 19 22 13 29
15 11 3 16 18
13 36 13 4 2
13 16 27 5 21
33 8 25 10 20
39 12 14 5 23
35 29 3 28 36
26 31 11 32 0
30 30 17 37 10
34 25 25 7 35
22 1 12 7 4
22 38 33 16 23
