20 36 1 14 16
10 8 12 22 23
5 28 29 13 31
8 16 39 39 38
16 23 14 27 34
9 28 27 38 1
0 0 24 2 11
8 6 4 38 20
24 22 13 13 27
19 19 18 0 4
11 33 38 4 33
9 28 9 3 7
29 32 18 18 15
2 0 1 30 17
26 37 3 2 26
27 6 23 39 37
37 36 20 9 22
31 15 10 15 28
7 12 34 39 19
22 31 1 12 29
16 0 31 21 23
18 32 25 27 3
35 32 10 3 13
17 33 18 37 32
36 33 7 6 26
7 26 32 10 9
4 20 34 5 14
11 6 34 35 31
15 25 1 5 35
11 17 7 36 2
23 25 22 25 13
12 8 3 30 29
6 34 24 8 26
19 14 10 2 35
24 12 21 17 17
39 14 33 15 24
29 38 21 20 25
4 5 5 21 11
30 21 36 28 30
30 37 35 16 19
