2 14 10 38 26
46 4 46 34 24
9 0 3 47 10
31 44 41 31 40
5 39 0 36 45
17 6 17 2 40
16 20 18 33 29
11 37 25 3 16
38 0 30 1 18
40 35 19 28 14
14 46 45 35 6
33 33 42 7 46
37 29 18 25 27
43 33 0 47 7
21 26 1 39 22
32 8 4 13 24
21 45 30 29 1
22 28 36 28 15
39 20 15 23 15
21 34 30 44 32
4 27 0 16 24
14 25 1 20 43
11 19 42 5 25
17 7 47 38 31
19 6 23 2 44
11 22 23 17 23
29 15 2 16 20
19 47 40 39 45
46 32 4 13 35
31 40 47 37 31
7 35 34 44 18
38 43 43 8 21
3 28 29 34 5
14 43 9 9 12
23 27 24 19 45
24 12 33 11 37
42 22 26 42 13
16 27 10 6 22
12 41 7 28 41
37 10 25 9 13
12 10 36 3 3
17 34 12 21 38
36 11 30 32 35
20 41 44 30 2
13 36 26 8 4
27 26 39 41 18
9 1 5 15 32
42 6 8 5 8
