40 42 25 44 3
14 16 46 0 6
10 36 20 40 9
4 35 36 39 5
0 47 43 20 27
7 29 45 41 25
20 31 4 14 32
8 36 2 16 24
19 33 1 18 26
11 29 47 26 23
9 0 8 1 12
35 14 8 1 27
5 13 16 17 10
36 31 12 24 47
7 37 5 41 42
34 17 39 30 44
33 32 8 26 21
44 6 34 22 43
42 46 5 11 6
37 10 22 29 35
25 13 16 31 12
29 45 28 15 19
43 24 38 7 42
24 5 38 3 3
32 25 16 30 37
15 18 39 32 28
31 43 39 10 23
14 38 20 4 41
15 46 24 23 21
0 38 34 6 44
15 23 47 1 28
18 45 33 45 11
37 27 36 18 2
2 0 44 17 30
26 40 26 47 2
46 4 9 37 39
28 22 21 22 18
13 38 21 19 33
41 27 14 19 34
13 17 30 9 41
43 17 20 1 30
9 31 12 21 27
34 13 7 7 22
25 42 23 3 6
3 12 35 8 29
35 10 46 11 40
45 19 33 11 40
2 15 4 32 28
