22 11 41 14 39
27 44 3 31 41
37 14 30 19 6
38 21 20 0 31
31 28 0 2 23
38 36 40 10 9
23 22 34 22 44
32 37 40 26 43
15 30 42 18 0
17 18 21 25 19
1 37 13 29 44
45 7 17 2 26
40 23 10 47 39
15 19 43 25 15
41 38 13 33 33
20 47 8 32 7
36 0 23 12 36
32 45 46 3 8
13 27 22 28 33
20 29 13 9 45
28 47 2 15 7
6 13 26 46 9
5 5 31 24 33
25 32 42 36 37
21 38 12 33 16
9 12 8 9 18
41 35 34 47 35
35 24 10 6 1
42 3 40 11 26
41 4 45 47 39
46 20 11 42 16
39 8 36 19 4
46 14 4 34 28
12 44 8 18 11
25 25 21 23 7
30 1 10 6 27
32 16 29 14 20
38 35 34 5 5
2 22 7 15 45
18 30 31 34 16
30 19 10 43 2
24 40 43 29 46
4 35 14 37 3
17 17 1 28 5
27 39 21 11 17
16 1 26 42 24
4 27 43 44 0
24 6 3 29 12
