12 3 16 1 36
15 44 39 0 37
6 1 6 32 41
26 20 5 41 15
11 9 1 29 22
31 7 22 3 21
44 12 41 5 47
9 34 10 40 42
33 1 30 27 13
18 35 2 30 8
28 4 4 32 8
28 24 26 12 9
14 0 45 37 31
19 5 46 27 36
40 2 16 11 40
42 34 32 0 14
11 33 4 8 23
30 19 24 20 35
28 32 47 36 19
5 38 43 10 11
14 44 29 43 21
30 1 31 4 18
11 7 25 34 34
45 33 18 14 39
6 40 23 22 37
33 18 4 2 13
29 22 2 12 23
46 26 10 31 3
39 38 8 21 20
30 14 47 7 38
20 22 17 45 36
7 10 38 47 16
12 15 17 39 27
38 13 45 26 31
37 5 17 25 42
27 43 42 13 19
39 28 32 8 0
6 21 41 29 40
43 37 45 23 24
46 15 15 9 25
19 18 36 2 16
7 46 21 44 3
9 24 17 41 33
44 25 0 47 46
16 3 35 43 28
6 25 10 26 23
42 24 27 34 29
13 35 17 20 35
