26 37 37 8 45
15 24 7 2 40
34 16 0 17 39
47 31 9 13 27
28 3 33 16 16
12 39 19 1 8
27 7 11 36 26
37 43 45 23 22
44 1 1 9 0
21 43 2 11 34
46 27 36 46 30
45 17 46 4 2
36 30 33 45 17
41 47 25 32 11
6 9 0 0 31
5 19 29 25 40
13 15 40 24 34
6 21 23 16 30
39 42 10 35 4
35 42 14 28 28
6 25 1 19 9
25 8 31 47 7
11 16 18 36 28
46 31 44 22 42
7 21 39 37 46
23 38 12 41 32
30 12 19 28 41
41 44 41 3 31
34 38 14 10 22
39 5 23 12 18
29 20 6 40 13
38 34 32 47 38
29 15 22 10 14
21 18 11 3 25
45 26 7 10 36
43 15 19 14 30
47 38 33 9 27
3 2 15 5 32
35 0 21 35 5
35 23 40 13 42
10 18 44 27 1
43 42 6 20 5
2 29 17 13 14
18 20 26 33 24
26 43 17 3 24
4 4 29 44 24
37 8 20 32 4
12 8 22 20 33
