44 42 27 41 7
22 32 21 31 35
20 24 5 1 6
0 7 39 34 4
45 12 26 36 44
35 2 9 9 24
43 37 20 27 27
22 36 38 25 32
16 26 36 13 40
30 25 3 23 18
5 12 0 34 41
31 25 17 37 13
15 11 33 47 40
11 17 8 40 10
7 43 17 45 37
45 21 13 32 42
20 12 43 11 47
28 44 10 36 33
44 29 23 3 5
3 47 2 33 35
11 7 2 7 14
39 34 23 45 17
0 25 38 30 25
9 45 15 28 29
39 13 28 16 16
34 40 1 17 31
40 44 43 36 12
21 29 19 39 9
33 24 26 6 8
1 10 31 34 37
29 46 19 10 42
22 38 35 39 15
35 4 26 26 41
13 22 9 30 24
3 1 12 8 38
41 46 21 6 6
43 37 5 14 19
14 47 23 4 42
21 0 2 20 19
0 15 30 8 14
33 27 28 22 20
24 2 46 16 16
4 6 18 4 46
10 27 38 15 5
46 29 18 32 28
30 8 31 19 42
18 11 47 1 41
14 3 32 23 18
