13 24 21 55 28
49 27 38 42 0
37 47 26 52 35
5 25 32 27 52
12 6 3 8 8
55 34 47 40 33
34 50 34 52 32
17 43 31 15 3
19 35 12 18 51
16 52 16 28 51
32 30 16 51 49
7 36 28 25 4
44 27 15 37 38
2 12 30 28 38
42 40 41 24 23
36 2 40 19 5
31 29 3 5 40
7 51 39 9 33
52 33 29 43 21
48 39 7 41 25
54 51 53 11 53
2 53 24 41 8
39 21 34 50 16
48 1 2 53 20
0 55 18 19 37
9 10 33 49 34
32 10 13 12 50
49 16 54 19 37
46 26 36 38 6
35 32 23 17 5
22 54 20 48 13
14 23 21 49 18
11 0 48 27 47
4 9 28 47 31
10 17 41 36 1
24 8 6 24 27
14 14 30 11 43
53 54 40 13 22
20 4 23 15 55
13 46 45 5 50
7 54 25 42 44
43 21 11 14 6
55 9 36 17 15
30 46 29 15 29
10 23 3 19 9
39 20 37 8 35
22 35 50 20 30
0 18 42 4 45
44 2 3 18 26
45 33 12 22 25
48 1 44 39 31
43 45 29 46 1
6 14 26 11 0
41 38 45 22 47
26 44 7 42 46
4 17 31 10 1
