34 7 28 34 35
29 26 47 41 26
27 10 21 16 17
0 8 4 31 1
31 18 51 14 24
3 30 44 55 22
1 20 42 16 27
51 19 5 38 11
0 32 38 27 38
51 42 29 35 11
22 31 15 37 49
52 2 7 13 5
18 20 6 10 4
41 19 25 21 9
26 54 30 39 41
13 9 53 8 48
27 10 17 13 19
14 28 48 19 36
34 33 34 33 33
23 18 8 49 51
49 32 24 43 47
2 39 41 41 0
40 31 3 42 32
54 37 12 48 47
40 32 2 53 1
43 54 48 54 12
4 27 46 10 31
51 49 46 39 14
43 24 17 18 47
43 42 23 39 4
44 54 12 39 12
7 52 24 44 50
16 53 45 35 6
36 28 15 16 10
29 55 28 7 22
8 3 40 23 11
18 35 50 37 0
40 1 3 35 19
21 45 15 55 23
36 9 25 26 24
45 36 17 52 25
2 42 26 4 3
46 33 0 6 6
15 17 11 5 52
29 29 8 30 45
21 6 5 50 38
20 11 38 40 12
22 43 53 5 44
16 46 34 30 53
13 32 47 45 25
1 21 28 22 36
9 55 37 52 50
55 9 14 20 23
50 7 30 46 25
15 49 33 44 48
20 37 14 13 2
