8 12 34 32 4
37 38 52 51 32
6 16 54 14 8
12 2 38 22 47
38 17 9 15 40
1 49 18 54 18
42 43 39 40 25
45 23 21 11 19
25 27 20 9 26
3 33 32 17 7
11 19 35 39 8
31 39 45 17 8
15 21 43 11 3
46 46 42 3 23
29 30 24 49 24
1 55 38 44 3
46 52 33 28 14
30 29 2 30 53
19 12 27 28 1
50 25 13 16 49
4 13 23 36 37
5 18 36 0 37
0 28 40 10 20
41 6 55 45 51
44 14 1 55 42
37 22 16 51 7
25 21 41 53 9
42 5 36 4 6
2 18 10 5 9
43 22 32 11 13
31 0 21 38 6
35 46 49 22 53
40 39 25 41 0
27 35 22 20 13
51 41 16 41 21
24 40 33 10 14
6 17 52 15 54
55 31 43 53 48
34 2 20 33 52
4 55 33 26 50
32 5 47 36 29
48 9 5 34 51
7 20 12 26 31
45 7 50 28 34
19 26 47 48 3
50 53 18 35 27
49 30 43 35 30
4 36 27 29 50
52 26 14 37 31
47 39 44 48 16
48 54 15 10 47
28 0 45 19 46
29 44 34 24 11
13 54 23 10 7
24 23 1 12 42
17 2 8 44 15
