49 26 33 26 51
20 8 37 5 8
45 32 47 35 50
20 6 39 32 24
5 47 32 52 17
52 53 45 54 9
31 52 37 29 38
47 34 26 50 40
51 36 24 51 46
1 24 30 2 37
36 48 24 23 4
28 9 1 19 20
17 39 10 20 10
21 9 28 27 34
18 36 1 8 41
18 10 44 5 40
11 42 21 3 4
8 11 42 45 6
30 44 45 27 46
10 29 2 27 41
53 43 18 43 35
9 13 31 3 24
50 7 5 53 52
32 1 39 11 31
36 0 22 16 49
55 21 1 48 13
50 14 0 19 46
21 54 16 44 22
35 22 27 3 16
13 30 17 42 12
16 35 10 6 34
38 30 54 0 25
48 39 33 29 48
52 29 44 31 34
40 43 19 28 38
49 0 17 49 15
23 11 53 17 51
9 2 49 6 47
13 31 11 2 50
54 44 32 33 33
36 14 19 3 18
12 14 42 27 12
45 47 55 6 15
22 22 7 30 37
41 33 15 48 18
43 23 25 23 13
12 15 26 19 8
7 53 14 55 38
55 7 29 4 25
35 43 20 41 37
46 7 15 0 38
2 54 14 28 41
40 3 4 28 39
40 26 46 25 55
23 42 21 51 5
34 12 16 4 25
