11 39 51 27 2
24 50 29 32 39
55 29 37 29 28
33 2 13 51 34
6 21 22 13 46
45 50 10 38 20
54 43 32 29 16
47 45 17 10 42
46 31 11 2 22
10 7 35 41 21
8 38 25 47 30
4 37 15 52 45
52 15 55 30 26
48 29 7 1 26
23 38 4 6 21
14 9 33 25 37
40 50 39 17 48
55 7 13 1 53
10 15 16 27 31
4 31 43 55 8
46 36 36 41 37
46 39 16 14 15
48 34 6 47 19
36 27 35 4 18
45 51 14 5 12
14 52 53 33 54
12 25 46 3 25
12 17 36 24 18
26 30 22 48 49
20 38 54 19 34
22 9 0 49 1
43 42 44 43 16
7 44 27 6 48
53 20 11 47 11
5 45 21 31 18
51 20 22 16 52
26 31 44 38 19
32 20 1 5 33
7 0 47 53 6
17 2 36 30 5
4 13 42 55 14
49 3 35 34 12
3 0 0 35 0
1 54 28 18 39
53 19 50 21 23
35 8 25 23 40
28 23 44 24 43
37 9 40 19 42
49 40 27 17 10
12 5 18 23 41
2 26 28 41 34
54 30 41 8 42
3 24 24 15 3
33 32 28 9 32
9 8 49 13 51
40 44 52 50 11
