22 36 24 39 54
50 20 6 42 24
49 25 22 29 31
12 7 9 34 32
47 19 14 8 38
19 44 24 7 4
9 28 16 30 30
11 40 37 38 19
29 53 40 52 10
26 6 47 49 2
29 45 50 31 39
24 12 32 25 17
24 51 20 51 23
40 43 49 4 34
21 8 29 23 51
39 38 28 38 17
36 9 41 13 20
2 36 51 48 22
21 10 55 23 46
20 6 5 5 7
55 3 26 22 31
5 3 25 34 45
8 12 40 3 15
36 14 0 35 11
30 46 15 22 19
52 50 35 12 27
53 46 55 43 44
48 13 48 13 42
11 35 30 31 0
19 41 42 47 44
20 14 54 45 8
3 15 52 27 25
50 15 52 37 43
5 43 29 2 18
26 16 28 42 48
21 28 14 33 49
0 18 27 45 21
10 53 18 50 44
3 33 23 2 46
32 54 33 27 26
38 31 53 52 15
36 45 47 13 14
4 37 1 9 51
32 49 37 26 18
42 30 2 46 55
11 54 28 34 17
35 33 0 17 41
32 16 9 55 39
1 47 21 23 34
35 25 7 18 5
44 40 7 43 10
1 16 41 1 48
27 13 37 54 4
39 12 8 11 1
6 0 41 33 10
4 17 53 6 16
