34 51 36 42 9
8 30 45 42 46
1 54 57 4 28
22 41 53 26 54
47 24 23 38 2
50 7 44 39 36
41 16 59 47 15
16 33 8 16 4
12 29 48 11 53
5 12 21 54 61
62 41 17 2 35
21 52 35 27 12
14 55 24 50 11
63 21 8 47 2
5 40 48 11 30
56 28 20 30 10
60 40 55 12 52
6 47 29 42 56
1 30 13 25 61
52 16 49 58 38
60 25 39 51 49
3 9 35 34 48
25 46 9 40 31
46 36 51 45 4
27 56 44 46 51
0 23 4 22 2
45 60 58 35 28
36 35 7 39 1
19 17 59 59 41
24 3 52 15 37
50 54 26 15 18
59 51 22 57 43
60 0 23 56 29
5 5 8 10 34
17 20 55 15 31
3 4 26 10 22
57 49 32 28 18
33 39 43 18 22
32 26 43 58 56
21 13 27 6 16
61 14 0 1 32
2 18 58 63 25
49 11 13 11 53
60 6 7 31 20
20 0 43 13 31
63 55 9 32 5
23 6 14 63 45
30 33 8 21 6
58 33 19 54 10
57 29 27 37 62
7 37 61 19 28
34 57 33 45 27
17 62 40 38 19
39 34 7 17 49
32 48 36 42 37
53 15 50 3 25
43 24 47 38 55
31 48 42 14 18
9 50 23 40 53
29 62 44 52 61
46 41 38 26 44
19 24 10 12 44
20 59 63 37 3
13 14 62 0 1
