52 23 28 32 33
12 5 46 61 28
31 28 4 32 15
48 14 60 7 37
52 55 13 5 17
24 21 7 20 56
16 58 36 26 14
31 60 15 39 18
0 45 47 48 56
41 0 19 55 12
3 60 32 0 2
52 13 29 35 40
42 11 33 50 53
33 36 22 3 25
22 12 26 25 8
45 38 51 39 16
1 18 63 5 62
43 63 21 43 55
16 61 63 47 29
27 20 40 56 40
49 27 1 59 24
35 57 19 11 3
9 61 4 51 32
37 20 47 41 30
63 43 8 48 19
18 2 24 62 35
23 51 51 60 57
28 34 30 13 23
56 44 12 50 29
22 9 9 31 53
49 39 22 1 38
7 45 7 14 24
54 5 61 57 23
14 41 63 6 8
45 39 26 33 6
53 1 29 19 54
62 10 20 42 11
59 38 8 50 28
34 40 7 53 42
60 11 21 59 52
36 10 59 0 35
17 34 46 27 31
4 2 47 21 37
10 12 29 58 21
2 59 61 49 33
17 34 62 4 58
32 48 10 62 53
42 16 50 50 4
38 25 6 9 6
44 52 19 3 22
34 11 26 39 24
36 57 35 13 49
13 25 10 38 5
17 40 46 0 30
31 44 58 37 49
20 36 8 2 57
1 30 9 17 48
42 27 56 14 47
43 3 46 26 18
15 45 54 41 27
37 58 30 44 43
6 15 41 55 51
55 46 54 25 23
44 18 54 16 15
