1 36 10 43 45
36 27 56 46 51
62 62 3 59 8
57 12 41 24 41
22 63 21 2 42
50 0 40 21 63
0 31 39 31 26
54 61 5 18 17
37 22 16 13 32
26 44 25 54 41
46 4 62 32 23
4 5 33 13 56
8 39 29 13 9
40 28 34 52 7
11 38 50 58 38
14 60 25 22 55
49 4 13 12 34
3 26 30 26 2
6 56 30 14 31
17 1 30 17 16
27 30 43 44 1
32 11 42 16 20
54 21 51 14 52
6 4 60 47 35
18 44 63 61 54
51 21 47 15 36
8 38 50 17 7
55 18 45 33 39
37 15 48 5 43
51 44 0 12 10
49 46 33 12 14
50 59 17 33 29
49 39 49 53 55
35 19 2 26 53
48 47 5 36 41
59 18 52 38 23
48 24 0 37 37
54 47 31 11 12
4 43 24 25 34
32 34 60 56 58
24 15 10 31 45
28 58 11 21 7
22 58 6 50 20
16 47 45 34 6
1 33 25 53 51
6 42 11 15 24
20 52 60 42 0
27 38 9 9 19
8 57 42 43 7
2 5 23 58 29
23 36 55 46 3
35 39 7 35 57
53 28 57 3 63
49 41 62 10 8
18 29 57 46 23
19 45 48 28 15
61 62 32 10 61
37 19 2 61 25
27 63 19 59 20
22 29 30 35 60
1 40 27 48 52
53 56 44 3 9
16 55 9 40 13
20 40 28 59 14
