9 36 46 55 30
16 8 46 63 14
51 6 63 1 49
5 27 28 30 53
2 40 59 56 17
15 34 35 40 32
18 60 31 61 21
27 46 20 39 34
14 53 2 42 34
57 27 52 49 45
41 33 39 11 41
35 40 18 52 0
41 50 33 25 47
19 24 23 56 58
60 47 20 55 60
38 13 25 20 51
57 51 61 60 46
59 58 38 42 52
44 8 20 17 38
28 59 20 33 53
7 0 4 13 55
37 30 40 51 12
63 35 23 9 49
43 25 28 45 45
49 14 21 49 62
28 43 7 4 50
45 8 56 5 54
6 37 55 0 14
52 5 33 43 16
59 16 41 26 11
31 9 29 51 1
6 48 38 48 56
44 12 24 47 37
26 32 23 57 54
29 4 10 12 44
42 7 36 0 26
22 5 54 10 8
24 18 62 26 36
2 58 40 62 30
62 10 1 53 33
21 45 60 54 17
47 43 29 10 62
50 22 54 32 36
9 11 3 21 24
12 1 58 18 29
46 61 41 37 23
32 7 3 13 19
2 48 31 57 22
30 44 19 11 14
10 34 39 12 1
32 13 19 3 56
13 21 6 57 35
15 17 15 53 25
61 16 36 35 15
23 17 22 63 59
22 6 50 27 26
5 28 58 19 42
4 27 0 52 44
63 3 25 61 9
48 31 42 4 47
39 37 24 38 31
8 3 39 55 48
50 18 2 16 34
11 15 29 7 43
