4 35 6 40 40
62 48 3 12 51
3 23 21 56 41
31 13 23 2 9
28 30 46 58 20
22 39 30 49 19
29 48 59 20 10
62 26 21 48 25
18 9 50 54 63
2 49 61 28 46
40 53 17 14 21
51 10 53 15 38
57 55 57 50 63
16 15 26 9 20
4 7 26 44 60
2 63 25 18 62
0 53 10 43 1
44 51 54 11 44
28 24 60 40 60
44 39 39 51 18
61 45 47 59 0
39 16 3 19 45
15 45 5 60 46
55 27 15 58 63
5 62 7 52 35
19 35 18 14 56
48 54 42 43 13
32 32 59 10 43
7 22 37 45 31
19 1 34 33 36
17 11 54 26 46
61 5 24 36 37
42 28 17 2 58
54 1 37 49 13
11 33 8 5 11
23 56 14 44 31
32 47 37 55 61
33 5 36 47 55
11 21 25 23 50
12 13 29 12 34
29 57 45 8 31
38 7 1 9 27
59 12 0 12 47
9 2 31 25 52
49 37 55 27 58
49 43 7 16 15
27 22 30 26 8
62 38 27 36 29
30 1 20 3 52
34 0 4 19 63
33 8 14 40 4
60 14 16 17 61
6 42 43 30 6
8 13 41 28 6
20 24 57 48 50
53 41 42 29 47
36 34 59 17 41
51 46 18 56 33
6 32 52 53 38
4 35 35 50 21
23 22 32 58 38
24 34 24 0 56
22 10 16 25 57
41 42 39 52 3
