36 21 37 28 2
42 34 50 9 60
38 15 33 17 33
27 61 6 43 63
40 62 6 30 55
10 0 2 23 24
43 33 8 25 48
58 32 54 12 36
54 25 11 22 57
54 17 31 59 53
18 7 0 53 11
16 62 9 24 24
27 35 31 46 37
19 35 5 45 32
0 51 24 46 39
13 42 33 26 46
12 6 42 49 14
27 33 19 38 44
52 22 59 62 0
34 45 3 39 52
30 32 13 21 7
10 24 13 44 59
30 58 9 14 37
41 49 7 10 29
6 36 49 8 63
35 10 2 63 30
2 60 56 9 44
2 3 40 50 5
45 39 55 11 10
31 44 53 1 56
20 50 39 37 29
51 25 3 16 45
45 18 29 3 62
48 56 56 46 8
43 28 23 52 3
53 59 29 50 47
47 60 63 34 52
35 31 15 22 20
48 49 56 30 55
44 26 11 1 26
19 6 20 9 1
38 60 46 16 38
47 7 0 51 57
4 4 29 21 55
1 60 4 36 5
27 41 27 42 19
57 58 40 20 43
22 17 4 13 41
17 49 18 32 25
38 54 39 23 13
48 12 61 5 23
34 43 54 62 61
32 63 18 4 28
21 36 41 48 7
26 47 58 37 12
14 8 25 16 31
57 21 1 11 12
17 19 16 40 28
26 59 5 15 50
15 35 15 28 61
42 57 23 40 51
58 14 14 20 51
22 52 55 41 18
53 61 8 34 47
