31 25 0 3 1 6 39 11 29 0 9 38 29 32 16 16 16
26 9 7 30 11 2 35 28 37 38 4 34 35 7 11 39 39
3 18 19 9 38 14 8 34 24 6 9 17 4 23 36 22 15
12 34 34 32 4 10 10 0 36 32 9 20 0 18 14 38 39
35 0 24 27 5 26 29 7 0 33 18 7 26 22 5 10 25
16 10 28 31 15 26 21 25 22 21 2 23 9 11 38 22 26
10 12 5 1 24 30 2 5 28 15 26 38 30 12 36 15 33
35 29 21 15 12 23 13 23 25 13 20 16 27 10 9 1 38
16 21 0 15 9 0 36 37 9 6 0 37 2 24 32 19 28
29 28 10 33 25 35 34 14 23 0 36 23 2 17 28 24 21
31 20 29 25 19 12 31 29 2 2 39 17 35 26 2 14 1
12 13 25 39 27 38 33 0 6 34 30 22 12 1 15 27 20
14 20 19 11 22 25 24 27 17 25 3 15 34 13 7 25 30
32 0 3 31 18 8 17 38 1 1 30 7 38 37 19 31 8
1 28 13 21 21 14 25 21 28 25 11 28 28 39 5 37 18
18 33 33 35 25 39 13 33 23 34 37 14 23 11 3 5 33
3 6 34 30 33 0 34 18 30 28 9 15 33 4 27 32 4
5 33 29 3 12 35 19 27 1 17 13 19 8 22 13 23 14
16 1 22 12 3 10 2 33 15 16 13 37 10 32 19 15 12
11 28 19 20 10 11 3 25 2 35 17 13 27 28 5 2 4
25 37 30 11 11 17 30 5 20 28 18 11 23 9 5 22 35
8 24 30 7 7 15 22 0 32 21 15 29 8 14 12 3 6
30 16 7 30 6 37 4 37 39 26 27 23 21 28 17 6 39
27 36 29 20 34 33 29 9 31 19 22 36 38 24 35 36 23
3 27 22 28 8 27 15 9 22 8 16 5 29 35 32 23 16
19 7 32 36 34 14 15 30 8 37 4 32 1 24 32 9 24
21 27 10 36 20 14 38 38 19 20 16 34 2 0 14 16 8
18 20 14 15 29 6 16 23 10 6 6 35 17 16 1 7 4
8 8 35 26 19 13 6 5 18 26 37 34 36 17 30 12 5
15 5 24 25 11 26 2 26 21 12 20 31 26 25 4 20 7
36 17 29 24 9 8 24 0 33 33 12 18 31 16 24 7 29
3 21 4 39 23 21 8 19 18 6 30 27 9 7 33 6 6
13 10 7 26 1 31 28 11 11 4 8 8 18 13 4 31 29
1 17 2 7 31 26 39 30 37 17 32 10 5 3 13 5 2
0 34 22 39 33 3 31 34 22 37 5 22 12 35 39 12 4
11 18 14 22 18 10 16 23 37 27 12 32 2 21 6 20 32
9 17 3 20 1 18 17 3 8 13 3 26 11 36 32 14 36
14 36 39 4 27 24 24 19 26 17 38 20 35 34 23 39 10
13 20 31 31 37 1 4 7 14 39 1 6 38 32 31 21 38
24 36 37 31 19 4 38 35 29 27 2 18 19 10 13 21 36
