21 5 11 29 19 16 3 21 0 6 13 3 5 3 4 38 27 7 35 24 18
28 18 22 33 31 17 5 12 36 25 32 9 15 23 13 27 27 15 13 13 32
30 4 13 6 26 15 19 36 27 39 12 18 22 26 10 25 1 25 21 24 10
39 1 22 1 12 11 14 35 34 1 2 29 11 28 36 24 22 16 5 37 22
26 9 13 32 16 2 20 23 17 25 9 38 2 2 38 16 4 11 35 8 35
2 14 26 14 17 8 2 14 4 19 38 1 36 30 15 13 26 5 38 28 28
34 33 39 33 6 33 29 8 0 33 21 28 6 2 7 19 5 16 26 6 38
24 22 32 23 17 14 29 30 15 21 9 18 30 9 8 7 5 15 17 0 32
7 9 12 21 14 35 33 3 5 33 38 23 22 29 19 26 19 37 8 33 14
29 19 17 30 16 19 12 7 36 4 32 22 9 14 1 7 27 17 28 12 4
12 24 16 29 12 0 20 24 33 24 23 6 23 37 32 9 7 15 5 2 25
28 7 38 10 26 2 4 12 6 4 39 18 31 35 14 25 28 29 1 37 25
3 11 37 3 28 7 1 13 25 38 38 2 16 35 7 5 17 0 27 21 34
16 38 34 4 10 0 15 36 21 1 29 27 6 18 25 33 11 16 23 34 21
0 31 1 35 29 13 29 20 5 10 31 22 20 9 19 33 9 31 20 31 8
15 11 39 32 9 38 30 37 22 24 19 0 8 31 16 7 23 13 31 22 35
8 10 36 26 38 2 20 30 4 23 8 36 28 15 25 12 16 16 22 4 18
36 34 20 6 31 23 3 21 8 19 1 7 15 16 30 9 37 21 24 20 37
37 39 17 39 26 35 25 12 39 14 35 14 17 33 34 1 6 21 34 6 15
34 13 26 34 37 21 29 31 24 21 0 2 27 1 23 22 35 25 24 37 14
31 2 35 25 32 31 26 20 31 34 0 19 36 37 14 37 39 3 11 22 37
27 6 0 28 37 18 4 10 25 4 38 32 19 35 14 3 18 34 28 19 34
21 36 1 35 24 32 13 8 4 38 4 30 23 26 25 20 34 36 23 13 10
1 32 27 5 18 0 27 14 2 19 26 34 27 5 22 15 19 24 24 21 11
8 4 20 27 34 8 3 28 16 7 4 39 0 8 18 20 32 33 31 12 36
29 1 15 17 21 6 19 15 3 2 19 5 13 30 10 39 5 13 38 38 20
36 24 28 15 20 26 33 14 17 9 12 27 8 27 12 7 34 37 7 15 24
28 31 5 17 12 9 39 12 19 35 5 27 39 24 11 0 37 20 33 33 3
10 27 6 39 10 21 22 31 12 4 10 22 16 31 11 7 34 30 29 38 29
28 14 24 36 20 18 7 5 9 9 0 4 11 29 6 19 22 14 8 5 33
17 13 28 6 33 2 6 13 28 30 37 9 18 32 5 27 27 32 6 36 11
13 36 7 36 10 17 9 28 12 31 18 19 20 35 7 34 18 34 18 14 36
25 15 30 26 26 11 10 0 10 16 3 38 1 20 32 17 30 26 30 27 1
32 15 0 4 31 37 12 0 23 11 21 7 3 14 17 18 34 30 30 18 35
2 3 32 29 3 17 24 23 9 38 22 20 23 10 12 8 29 11 17 20 32
30 3 10 35 18 25 26 8 3 15 2 13 33 8 31 39 30 22 2 23 27
6 29 1 37 29 15 0 1 24 23 9 6 30 13 35 33 12 32 36 23 7
21 8 39 2 26 11 25 10 17 38 37 17 22 14 18 28 3 2 11 35 39
10 20 4 6 3 32 29 39 0 39 25 11 13 9 16 36 23 16 16 10 3
1 11 39 33 39 18 0 21 16 26 25 30 10 23 5 11 24 28 31 25 8
