37 2 3 23 5 11 26 12 10
34 14 31 34 17 4 30 13 16
21 39 0 24 25 23 16 22 30
26 25 14 0 19 34 35 11 6
36 35 25 31 9 1 36 33 29
32 22 17 8 19 8 19 0 39
8 18 10 22 18 3 34 21 35
26 28 24 22 12 27 30 13 21
6 5 34 5 15 21 28 16 18
37 10 4 24 15 20 35 15 11
30 12 27 6 9 30 31 12 0
38 34 31 3 20 0 27 9 38
19 10 18 13 7 20 10 0 39
15 33 30 31 39 12 1 17 7
15 3 1 23 23 20 17 18 30
14 21 29 13 9 24 16 8 9
21 25 39 15 8 37 2 22 1
33 5 24 36 1 14 28 13 32
6 24 6 12 20 8 26 39 14
12 38 21 5 5 3 25 26 20
29 29 9 36 14 11 18 12 19
15 16 2 19 26 26 8 6 7
33 5 27 38 6 7 2 24 16
0 27 30 37 2 14 14 32 32
7 18 28 17 2 9 15 37 22
4 16 37 3 25 25 19 2 29
7 3 21 21 32 19 33 18 0
39 10 22 30 37 23 31 7 11
36 7 32 24 35 39 8 17 32
35 15 20 20 36 35 4 25 34
10 13 27 10 23 1 7 2 14
35 4 1 11 13 38 10 27 32
36 5 28 26 23 23 28 17 31
37 22 37 17 13 26 4 36 38
1 11 8 3 39 1 6 38 29
4 29 31 36 28 3 29 9 6
28 32 4 35 17 29 20 4 33
33 9 33 25 0 27 23 16 24
11 19 22 31 38 38 34 33 11
27 16 2 34 28 13 5 18 12
