28 2 15 18 23 31 20 29 0 3 18 26 9 0 29 26 8
17 34 13 14 22 24 27 39 4 25 22 2 4 22 2 36 12
26 35 1 19 17 19 15 24 33 5 20 24 8 29 16 28 25
36 8 19 2 11 11 31 38 14 24 16 4 18 5 34 22 37
16 23 36 15 4 33 20 7 32 23 13 18 5 37 39 28 36
23 15 14 1 17 25 30 29 7 28 34 33 8 10 16 30 33
17 34 21 32 18 24 33 16 5 34 5 0 23 28 33 11 15
22 21 22 19 4 35 12 18 17 7 7 36 21 11 13 14 12
24 10 33 15 34 4 22 27 3 37 16 4 3 21 0 11 11
1 25 35 8 8 33 12 27 13 36 22 19 22 7 0 31 37
32 27 34 28 33 3 5 38 17 30 20 30 25 13 31 38 16
14 0 37 33 17 4 24 31 16 5 18 29 9 20 33 15 38
18 32 9 23 27 36 22 18 16 20 0 35 7 17 34 24 24
31 30 12 16 2 32 16 7 23 12 39 14 35 21 32 39 9
32 8 24 29 30 14 29 10 17 6 39 15 14 20 14 37 1
19 9 26 4 6 12 17 4 10 38 1 35 2 6 6 32 3
10 2 23 6 19 35 3 37 24 9 25 24 13 7 30 37 30
34 29 11 22 27 14 2 29 29 11 28 34 6 5 13 34 36
1 7 39 38 35 11 6 18 21 14 23 11 37 26 25 31 27
25 11 30 37 26 1 32 28 25 30 6 6 4 11 13 12 7
22 1 0 33 28 37 18 27 24 9 29 9 13 21 16 29 6
36 14 25 5 1 1 10 9 4 6 38 30 8 14 25 31 26
19 2 1 15 0 38 24 21 34 6 26 36 15 14 39 2 27
20 23 9 32 37 11 12 2 16 36 21 39 6 4 3 7 3
3 11 22 6 8 16 9 8 36 5 39 28 15 13 17 5 38
23 25 31 15 30 20 31 22 4 36 35 17 7 20 28 31 5
25 4 30 1 12 3 7 18 34 33 3 8 39 20 39 13 15
0 38 33 33 10 19 9 27 4 12 17 12 0 27 35 19 26
10 30 34 28 10 10 39 25 13 2 7 19 5 14 20 32 18
24 9 23 2 32 38 29 32 32 16 14 38 37 3 6 19 5
19 39 39 30 28 33 9 12 1 17 39 8 11 0 36 31 23
4 25 9 7 36 38 5 23 28 21 9 27 3 10 3 12 0
26 18 31 23 10 8 14 0 1 29 35 3 17 20 13 0 18
9 35 22 27 23 32 29 2 7 24 36 15 15 1 10 34 38
8 25 10 35 8 22 26 37 16 23 26 31 35 20 33 5 39
12 28 20 19 30 37 16 27 26 37 28 19 37 26 35 26 25
12 27 2 17 31 31 20 27 17 31 21 21 39 18 13 2 30
28 15 21 19 18 21 7 1 13 36 3 29 32 24 20 10 6
12 35 19 38 22 32 26 34 21 27 8 21 0 38 6 5 11
29 2 34 35 26 10 21 10 38 11 8 13 13 0 1 3 15
