10 32 14 1 19 31 23 20 3 23 14 10 38 13 18 34 30 25 34 24 0 24 14 7 13 0 31 33 27 16
25 23 2 18 6 2 26 26 11 9 6 30 10 7 5 25 15 33 36 12 13 35 11 16 27 36 21 24 37 17
24 29 27 15 22 35 30 23 27 25 30 29 34 23 3 4 39 12 39 27 11 21 35 4 36 7 9 3 28 18
13 36 2 16 30 6 9 1 39 8 22 22 1 11 17 23 25 12 7 10 14 34 29 8 3 33 25 17 14 15
38 34 21 18 20 3 33 0 9 0 1 8 7 25 20 22 27 21 21 13 13 26 38 12 14 33 11 14 30 37
39 29 27 27 31 13 33 8 39 23 4 33 33 30 32 33 27 1 39 32 31 26 31 19 27 37 2 5 14 6
30 13 1 9 18 20 18 31 12 11 0 8 25 17 17 7 11 18 19 2 34 29 23 23 8 20 4 38 38 16
2 19 2 8 16 38 9 6 3 34 33 22 7 2 28 26 23 11 19 37 3 21 1 17 25 31 5 4 19 36
13 29 4 20 7 11 36 2 3 37 36 1 31 32 21 7 20 33 12 26 16 18 9 26 16 12 37 36 30 4
38 15 14 17 19 14 4 9 17 39 31 26 23 10 36 24 21 35 11 30 1 13 13 16 26 18 11 13 26 1
20 19 6 20 34 39 34 11 27 20 20 5 0 28 7 2 13 3 7 12 14 5 4 28 12 23 18 17 16 36
23 28 31 12 32 25 23 34 19 6 2 5 4 2 25 37 14 23 39 30 7 18 19 18 4 25 24 36 22 29
11 17 18 33 4 31 24 30 8 17 6 18 8 24 16 39 26 27 21 22 0 28 2 18 16 10 28 12 25 15
8 30 16 13 27 21 5 8 16 10 31 24 25 30 9 22 3 4 0 11 27 27 7 6 0 38 36 11 14 2
26 24 12 9 21 7 5 24 6 29 1 19 37 5 38 24 39 5 35 3 8 31 0 34 35 19 19 36 32 28
13 11 12 10 31 19 21 39 7 4 2 17 35 26 16 28 10 18 3 19 32 16 8 13 39 6 0 22 39 32
5 9 32 5 32 16 38 25 29 23 26 19 4 34 10 10 25 8 28 27 33 6 10 36 1 33 24 25 26 31
19 23 28 30 8 29 30 1 31 31 35 34 29 15 35 14 33 2 29 36 16 25 15 36 35 35 24 16 2 23
15 13 12 9 9 3 22 26 32 32 14 37 10 7 7 14 25 24 28 3 38 21 14 33 33 8 31 19 29 0
34 6 37 6 5 5 7 36 35 10 2 9 16 15 4 32 9 25 10 37 20 35 3 30 8 17 28 17 29 10
20 32 9 32 6 9 13 29 23 3 15 13 15 15 12 37 38 30 25 21 11 11 22 22 38 26 17 11 36 32
30 20 24 7 7 3 35 38 20 25 13 33 35 20 35 23 32 26 0 12 19 16 11 39 9 14 7 22 11 10
35 7 19 31 1 10 0 16 28 32 6 20 38 31 2 4 13 0 9 8 17 36 24 12 25 30 15 21 1 17
39 23 11 0 38 34 4 0 16 27 19 2 10 14 9 33 27 18 17 27 5 15 0 35 18 15 28 1 15 17
36 34 5 35 16 1 3 21 1 21 17 33 32 32 8 0 20 18 20 35 24 37 38 11 2 9 5 33 24 22
18 10 12 33 34 31 1 39 11 0 9 38 37 19 25 28 27 26 29 21 39 39 6 35 35 28 23 4 38 4
4 26 24 34 17 15 7 4 14 8 2 34 10 28 35 26 22 37 26 1 16 5 0 4 1 15 35 1 27 2
38 12 17 19 26 19 20 3 37 37 36 20 30 29 39 39 18 4 29 7 10 19 4 27 23 15 8 12 21 13
16 10 30 6 5 5 26 8 26 21 13 1 20 37 6 21 34 35 24 12 37 37 24 4 34 17 11 3 35 18
29 31 20 10 24 37 9 24 22 16 16 5 18 27 29 31 24 13 38 6 17 39 22 27 21 1 31 4 8 5
26 6 9 5 29 19 7 29 2 29 3 25 18 11 6 19 28 24 2 38 36 18 18 0 37 32 33 12 29 30
33 24 29 38 34 1 10 39 29 37 38 34 28 0 3 36 3 7 25 15 30 28 37 21 8 14 0 27 7 19
30 0 26 26 36 12 37 28 28 8 25 38 22 17 19 9 8 37 35 15 22 29 27 23 10 37 17 20 34 14
22 6 19 22 13 28 14 21 1 33 23 32 28 18 9 21 31 4 28 8 30 24 12 7 5 6 3 1 2 20
8 21 39 17 29 0 0 36 15 27 21 20 10 13 32 34 23 6 32 26 5 28 22 17 32 21 28 28 31 35
2 25 14 36 23 34 22 0 37 18 39 16 3 14 12 14 22 22 15 13 16 33 15 10 0 25 38 4 10 5
9 2 11 20 32 37 31 34 36 22 4 14 21 1 33 8 29 1 31 20 24 24 38 14 9 28 32 27 6 14
12 35 11 3 33 39 12 23 39 13 30 5 6 1 18 15 27 20 9 15 39 23 20 36 31 18 14 6 17 12
26 6 38 39 15 31 30 33 34 0 22 38 30 12 13 7 34 9 15 39 22 29 35 33 30 23 27 10 5 32
36 32 6 16 3 3 3 38 22 5 12 32 22 2 2 25 34 36 11 3 37 13 7 15 11 15 21 5 8 17
