17 37 16 14 37 0 19 14 7 23 5
1 36 26 35 2 26 8 7 33 10 10
22 21 34 15 24 20 39 12 11 29 20
19 25 32 6 30 8 1 13 3 36 19
15 17 21 13 10 15 27 31 34 22 12
0 20 30 9 23 19 22 27 8 2 7
3 3 12 34 32 37 29 10 29 14 2
7 9 30 3 28 24 27 25 39 33 9
23 24 4 23 25 2 11 18 20 31 13
0 16 38 34 3 15 3 29 7 39 21
36 21 32 16 19 38 4 10 22 28 18
29 2 35 22 6 34 28 31 36 25 37
0 12 5 4 28 9 36 14 21 29 6
36 28 26 9 13 26 35 0 17 4 15
25 30 16 25 16 38 18 15 1 13 39
34 13 14 3 28 9 13 2 24 6 34
17 36 36 38 4 5 11 17 32 16 7
35 3 22 28 39 37 39 6 38 25 21
10 31 6 31 7 12 12 13 14 32 26
17 39 29 5 37 1 8 20 11 1 27
21 2 16 31 14 12 27 27 33 33 38
10 13 20 8 29 5 18 15 1 30 32
21 27 35 10 33 32 38 36 0 0 19
26 34 24 21 15 33 31 30 28 6 7
20 36 17 27 28 23 37 5 23 31 33
7 23 24 33 11 20 2 8 8 1 6
22 17 25 29 20 4 17 5 32 12 11
1 35 24 35 1 25 8 9 18 27 5
23 12 25 30 14 31 2 32 16 0 24
11 23 24 8 0 31 30 9 11 5 4
19 39 13 4 27 22 27 38 19 4 3
1 14 8 18 35 38 22 34 6 26 19
23 35 19 18 15 29 32 33 30 14 18
4 0 0 6 16 29 33 26 5 34 35
26 35 22 3 28 37 37 26 24 39 20
10 20 39 28 8 37 6 18 10 11 1
30 32 17 12 38 26 16 13 10 14 2
4 2 17 18 31 18 37 9 5 21 34
11 30 12 15 22 11 19 3 33 9 38
36 21 23 16 39 15 7 7 25 9 24
