36 32 17 24 34 12 5 34
15 9 17 26 38 37 35 13
5 38 30 16 24 20 28 39
20 36 18 11 6 39 13 24
6 23 22 7 1 1 34 35
35 28 35 17 27 25 23 39
36 7 14 15 9 38 3 16
11 8 2 1 16 18 20 38
30 0 7 22 25 18 31 36
14 24 29 37 31 5 30 3
19 28 6 34 33 9 39 12
25 19 37 6 34 4 25 19
25 2 25 3 26 8 27 0
35 32 20 31 28 36 20 10
3 21 13 33 13 23 9 12
32 35 23 15 11 3 12 7
22 23 28 11 39 31 11 1
23 7 12 1 16 6 9 18
8 4 1 26 13 27 17 22
32 34 20 36 27 11 34 39
17 38 5 14 17 4 19 23
37 10 18 32 22 29 37 6
23 4 18 10 14 0 29 11
8 22 4 14 27 34 2 37
33 28 17 9 20 0 14 31
0 26 32 1 8 16 28 21
19 2 30 26 11 3 27 9
31 17 3 21 38 35 33 21
21 29 19 21 33 16 36 12
24 35 9 25 31 6 15 29
22 7 33 30 39 4 19 27
29 29 1 38 37 8 10 2
5 0 2 33 16 5 32 28
37 12 7 8 13 5 20 21
5 4 15 24 19 4 26 21
39 33 31 7 29 25 15 24
2 0 30 27 30 32 14 26
10 15 38 6 14 24 36 3
18 30 8 13 26 15 2 10
10 16 18 22 13 12 10 0
