37 27 26 15 10 39 32 25 29 2 31 26 17 9
9 29 11 6 24 5 36 30 6 7 6 25 28 36
23 39 1 27 8 14 4 34 12 31 9 4 18 25
24 7 14 13 27 32 11 7 29 32 17 8 33 32
27 22 25 39 33 16 28 36 31 0 10 28 6 7
22 1 31 28 12 39 2 12 18 25 21 13 9 17
20 27 30 4 35 24 29 30 34 15 1 0 37 39
32 2 18 24 22 9 12 34 29 12 38 21 26 22
4 15 0 36 17 1 38 32 0 3 16 3 17 7
34 0 28 19 11 1 20 38 28 7 35 31 8 1
34 8 3 13 9 11 22 34 27 37 18 33 16 19
30 36 14 1 8 5 15 10 0 27 30 25 10 13
15 4 3 16 16 0 7 33 12 17 4 8 15 19
26 16 32 11 19 2 25 13 19 21 23 5 3 14
39 22 19 26 38 20 38 1 31 19 32 24 8 29
32 31 37 35 12 16 10 20 13 14 11 33 11 17
35 23 25 1 8 16 11 37 35 10 25 13 37 3
26 1 20 24 27 0 21 8 20 5 0 1 6 7
30 24 14 16 36 26 37 26 24 11 18 20 3 18
12 24 15 11 10 6 30 2 1 36 20 7 5 33
26 27 18 31 13 17 14 15 20 4 35 33 24 10
26 16 18 13 38 35 32 21 22 7 23 29 27 38
10 3 26 15 9 22 14 33 3 27 7 21 32 12
8 6 28 8 30 0 35 24 21 14 14 34 31 10
17 38 6 23 23 29 27 6 29 10 7 19 38 28
5 23 32 17 30 13 34 39 20 34 2 18 5 11
23 12 28 23 39 33 38 17 15 22 14 0 36 4
3 15 12 15 32 6 20 21 13 36 30 19 2 4
6 28 23 37 15 6 2 26 0 1 2 33 30 5
23 5 36 19 6 4 5 37 21 18 21 36 25 39
23 24 37 16 32 28 9 29 2 6 5 29 29 39
4 10 39 4 20 22 34 26 25 16 38 4 21 36
2 37 33 33 29 11 8 8 35 33 25 12 29 24
35 27 17 30 20 11 39 12 38 14 22 36 19 34
34 22 26 9 5 33 5 14 30 39 21 16 23 1
0 22 35 5 34 21 2 3 7 34 17 19 31 28
9 3 30 38 2 23 4 35 25 13 21 20 31 8
28 31 3 31 35 7 22 13 25 35 3 19 37 27
11 14 9 18 18 38 2 18 31 16 10 17 19 39
24 37 0 9 15 9 18 10 36 37 9 28 13 12
