18 9 27 21 29 11 18 23 11 21 39 21 2 9 6 37 11 14 34
36 22 38 37 23 25 17 12 4 17 23 24 33 19 3 10 12 38 16
22 31 30 2 2 2 2 5 11 37 6 33 0 35 39 9 27 16 11
33 8 39 14 18 4 10 5 28 14 9 7 1 31 25 20 8 23 18
25 9 18 39 16 32 25 36 28 12 1 3 32 19 20 36 34 15 20
6 9 37 7 18 23 37 27 2 3 16 25 13 31 17 8 27 26 28
34 5 12 39 18 17 35 26 9 38 2 14 23 0 8 10 29 26 26
19 37 36 29 7 7 5 27 32 30 28 34 14 3 25 36 14 10 20
38 32 31 3 33 18 19 19 10 9 30 26 28 28 6 16 3 5 21
29 4 0 5 9 9 26 36 6 16 33 27 21 8 0 3 26 37 2
23 39 29 12 35 24 38 16 3 8 19 18 34 37 18 1 21 6 7
21 24 38 38 16 21 24 28 0 2 33 39 0 25 34 12 0 14 2
6 34 22 10 30 15 33 21 1 26 4 28 35 11 32 18 30 1 27
19 22 24 34 24 17 36 36 24 26 24 13 13 5 30 36 25 33 27
31 29 14 14 39 3 6 34 15 20 3 7 16 20 0 11 35 7 27
17 38 12 36 33 20 38 39 25 14 19 33 4 24 27 28 38 19 24
20 11 37 35 33 4 35 17 10 9 29 5 23 14 29 8 21 2 1
15 6 13 1 26 35 16 34 32 39 23 33 1 22 37 31 30 5 24
19 30 0 4 35 25 6 5 32 8 3 0 33 10 27 10 12 32 3
18 7 13 22 8 23 8 39 4 19 19 10 15 1 20 34 35 21 15
34 29 16 25 31 15 21 28 4 39 25 19 14 31 4 14 3 23 7
11 30 25 0 11 12 20 9 0 28 0 30 19 30 28 10 16 8 28
27 39 1 13 2 12 19 36 25 35 34 34 24 17 38 37 30 23 23
10 1 32 5 19 17 0 38 1 26 31 16 6 22 25 20 3 36 22
34 11 13 34 28 13 30 11 10 22 32 1 13 13 15 28 31 15 17
4 18 21 1 20 34 22 4 15 36 20 11 26 5 13 7 23 3 31
35 17 37 9 27 6 32 12 32 23 25 13 36 8 9 31 6 6 5
22 38 0 35 26 7 5 9 18 15 33 30 31 2 13 14 31 5 12
24 32 11 4 34 20 7 21 12 3 29 8 8 15 24 21 39 21 5
14 10 39 9 7 20 0 37 31 16 31 33 38 28 39 16 29 29 6
21 18 12 2 24 37 8 7 22 31 37 36 21 13 21 27 17 12 32
14 2 8 34 20 29 29 30 23 20 38 5 17 26 3 27 24 25 27
8 33 39 23 18 36 4 28 7 26 17 35 26 4 24 12 38 18 30
3 32 37 8 16 15 12 38 9 11 29 17 18 2 35 1 15 27 13
6 24 20 12 24 13 31 25 17 22 22 28 14 4 11 10 7 19 0
26 18 35 35 27 6 36 10 16 17 16 22 32 38 33 12 2 19 14
1 7 35 22 13 9 32 15 37 4 13 4 25 37 26 30 13 7 23
7 39 1 5 33 16 26 36 29 5 30 2 36 22 10 30 0 17 9
8 1 11 15 27 11 10 33 15 6 23 35 22 29 31 39 32 1 15
10 22 29 6 37 32 4 3 14 17 19 11 15 0 20 2 29 38 28
