37 33 24 15 12 29 5 8 0 3 18 36 5 27 15 33 39 36 33 4 26 17 36 37 20 18
11 37 31 17 6 21 32 21 30 32 37 16 29 6 21 20 9 30 11 8 0 23 12 22 32 21
38 14 30 9 22 8 31 4 18 26 7 18 22 37 33 17 35 27 28 32 39 18 31 20 27 26
35 18 16 19 3 14 32 38 8 1 20 4 13 33 0 19 24 8 1 15 24 26 17 16 7 6
5 10 25 32 36 24 36 8 30 36 13 2 16 16 20 34 4 12 24 9 26 16 24 8 26 17
30 26 30 30 33 23 31 33 9 27 29 12 5 4 29 21 20 3 10 36 16 14 0 5 19 23
34 10 13 22 7 38 20 27 4 36 34 2 36 13 16 9 28 24 25 13 36 9 10 21 20 12
9 19 34 6 34 36 14 22 19 27 2 1 36 31 35 32 21 32 26 18 6 30 22 15 29 14
3 30 35 34 28 9 10 19 28 29 7 34 25 1 38 26 35 31 11 23 14 7 3 32 36 25
2 25 14 38 2 14 13 38 39 37 7 8 18 33 2 34 25 39 36 35 12 1 3 27 34 2
34 35 15 17 21 25 21 33 15 11 35 39 3 13 24 29 10 32 8 38 8 11 28 22 20 38
22 10 2 15 4 1 2 19 13 14 30 5 17 6 23 19 20 39 6 36 28 11 27 16 0 27
13 33 32 14 19 6 1 28 28 30 11 0 4 10 25 15 3 20 36 37 12 39 5 37 27 27
23 1 26 34 4 4 25 2 2 10 10 2 18 7 8 3 23 8 9 19 27 33 14 35 19 35
17 0 15 16 27 38 29 33 29 1 21 25 9 31 28 22 3 32 3 37 0 24 15 10 13 13
37 25 38 6 22 17 32 28 25 3 33 10 37 19 11 20 26 27 29 12 26 22 9 10 34 38
7 5 0 3 25 20 9 14 1 16 2 35 16 32 29 22 15 15 26 24 23 0 18 25 32 14
0 13 5 28 4 23 17 19 11 30 1 9 28 29 37 36 30 36 11 7 12 2 39 20 2 26
24 35 25 17 25 6 25 23 19 30 39 10 5 2 21 29 7 32 37 23 17 18 23 34 13 28
31 22 24 37 38 31 18 9 12 14 1 7 23 39 37 0 8 35 27 20 36 34 9 11 6 24
27 12 19 15 21 7 12 10 21 32 38 15 31 4 8 19 25 11 33 6 30 7 18 25 12 24
10 26 37 2 33 19 14 9 21 5 26 10 38 18 10 24 39 12 25 29 38 21 26 38 35 39
20 5 18 21 30 34 17 3 21 19 16 18 11 19 15 1 9 31 20 36 13 3 19 12 32 19
38 15 2 31 27 27 19 27 29 28 5 0 32 32 0 22 3 0 11 36 30 3 23 16 12 15
30 23 17 35 4 8 17 35 23 11 24 34 2 9 28 8 12 12 37 2 6 22 15 35 5 27
21 23 16 21 7 3 34 33 4 17 37 13 31 2 20 1 6 25 37 14 21 20 12 0 39 35
4 10 33 31 37 32 20 38 31 23 7 9 7 20 31 17 32 3 33 31 14 7 21 7 3 24
27 8 23 10 32 29 20 17 4 28 21 39 6 5 6 3 38 8 24 39 34 2 19 17 4 27
5 8 28 33 5 3 20 36 10 23 34 34 1 31 1 16 14 3 6 14 28 38 6 0 20 27
16 18 0 16 1 7 29 22 4 16 9 26 35 18 17 24 10 13 9 1 27 18 14 28 31 7
13 9 25 7 39 19 18 39 25 6 23 2 16 30 11 14 16 5 16 4 5 2 28 15 24 19
13 18 25 30 6 17 17 22 37 38 6 24 10 9 22 10 8 19 0 14 13 12 11 11 15 38
13 34 38 21 22 16 10 37 21 0 33 29 35 23 1 31 6 14 12 34 8 0 3 29 39 37
31 1 17 13 32 30 33 29 11 4 2 28 39 39 28 33 5 35 29 34 15 18 16 28 15 6
3 12 29 4 30 39 22 9 12 18 26 30 3 22 24 0 16 21 35 8 11 32 7 11 33 26
38 0 24 7 30 17 8 18 15 31 35 1 24 9 4 1 11 26 12 36 36 0 26 6 37 18
5 5 24 36 25 0 5 22 38 33 4 17 12 4 13 1 15 11 31 39 14 34 26 37 6 22
23 7 0 14 12 34 11 13 10 11 20 23 29 26 38 27 28 20 18 4 16 15 39 27 15 7
9 2 26 36 13 39 30 29 39 21 11 5 1 8 29 31 33 28 13 35 14 31 17 7 35 28
6 22 13 26 30 25 34 23 5 29 35 1 39 1 33 24 4 22 32 8 8 37 22 31 23 5
