37 38 29 25 20 3 30 29 5 2 32
16 9 34 14 25 12 38 13 11 15 22
22 21 17 18 23 34 31 4 25 13 20
32 8 8 29 10 5 9 21 37 36 19
22 11 8 30 6 1 33 15 33 20 24
20 24 23 23 1 1 19 3 4 17 32
29 34 6 1 7 5 2 14 4 37 23
24 36 36 18 16 2 16 34 5 24 21
27 34 36 24 34 14 22 33 22 9 28
21 6 16 39 3 1 24 0 10 35 26
12 5 6 26 14 8 35 24 33 15 6
9 28 28 7 39 38 11 35 23 30 5
10 28 23 15 13 15 19 18 15 33 19
21 10 21 32 15 13 11 26 18 14 5
0 12 15 31 2 20 38 26 1 3 1
13 30 0 4 4 16 35 26 18 1 26
5 10 12 10 4 10 3 10 0 5 9
27 34 17 8 6 27 30 29 33 18 2
11 11 10 28 28 26 18 7 22 26 7
16 11 25 21 19 23 14 3 37 35 30
8 7 35 27 20 12 27 0 33 35 16
37 37 27 30 36 39 14 19 2 25 7
0 22 6 2 22 12 4 5 27 29 21
20 13 17 23 31 34 4 28 2 8 39
18 25 37 13 19 0 30 39 27 39 32
26 6 31 39 7 38 37 6 32 12 39
25 25 11 12 36 9 18 0 33 17 2
31 9 4 27 4 29 25 33 37 13 7
13 10 31 6 36 38 31 7 23 35 0
13 24 35 18 39 21 33 17 20 6 17
24 16 36 22 8 21 25 20 32 34 8
9 30 29 20 29 34 1 11 19 29 28
30 18 7 28 3 38 16 30 3 23 27
36 7 11 12 31 22 35 24 0 21 32
16 39 10 17 36 37 14 4 31 15 26
38 13 39 0 32 32 2 26 2 17 15
17 14 9 32 1 34 15 37 19 5 19
24 16 3 19 9 38 23 12 12 38 3
31 36 14 22 35 20 1 17 11 31 9
3 29 8 8 28 14 27 25 38 33 28
