37 18 21 16 10 30 30 27
12 18 37 11 5 21 37 34
18 19 1 33 36 35 20 23
9 36 1 11 3 26 27 18
34 27 6 37 32 17 32 5
10 37 18 39 20 39 30 20
32 10 5 1 15 0 14 34
22 2 8 33 4 35 14 14
30 16 32 6 5 21 3 12
6 29 31 15 11 36 26 7
22 22 22 14 28 17 8 25
35 13 13 16 19 25 18 6
2 32 38 1 31 29 32 10
39 39 18 29 5 25 14 37
16 24 12 7 29 1 0 24
25 7 34 14 17 9 29 32
33 12 36 20 26 31 15 2
15 1 16 14 28 11 3 3
39 20 9 38 31 15 30 13
26 2 12 38 34 20 19 28
24 11 20 36 30 9 4 39
28 10 38 19 4 29 34 35
13 24 21 19 26 3 21 36
15 31 27 17 23 11 8 19
25 0 23 7 28 17 3 36
27 0 38 31 7 35 24 39
10 1 0 19 25 33 16 6
15 5 6 1 13 33 12 18
35 4 9 22 23 3 9 23
32 8 24 29 13 8 17 25
25 31 6 30 26 26 11 27
0 27 33 24 16 11 24 34
30 17 31 39 12 35 4 16
5 23 38 38 22 37 2 22
9 7 33 7 8 2 0 13
21 22 4 23 20 21 28 19
17 23 10 2 27 29 2 21
5 0 7 13 14 38 15 37
8 26 36 3 4 28 28 34
35 33 8 10 4 9 6 12
