21 37 19 30 21 13 11 31 18 1 37 32 20 5 11 20 25 36 27 28 35 22 22 14 5 15 2 27 35 32 31 9
0 5 12 32 18 34 36 28 6 1 6 23 16 26 14 21 15 5 14 22 35 14 14 3 38 0 9 26 19 29 10 27
9 32 38 2 0 27 36 25 7 13 6 13 30 31 38 8 8 12 9 27 2 25 35 17 8 10 7 31 1 33 1 7
19 14 10 9 21 37 1 1 0 12 20 14 27 7 0 10 23 35 15 20 1 26 14 6 3 2 17 18 31 23 33 4
23 11 35 35 19 24 1 7 12 9 22 32 35 0 26 35 12 8 13 19 10 8 34 38 13 22 23 35 13 39 21 26
35 38 26 3 6 22 37 27 15 27 10 38 24 31 39 10 22 26 27 27 32 36 15 39 3 3 22 24 6 13 8 5
11 26 0 35 2 33 30 5 24 16 29 8 4 18 27 5 18 26 11 5 11 21 12 36 37 31 37 4 25 9 39 30
6 15 3 38 21 36 32 23 11 12 21 26 24 5 33 2 11 35 20 1 1 20 5 2 12 0 7 22 5 12 34 19
6 34 11 2 27 12 2 23 36 0 15 4 18 37 5 9 39 29 30 17 27 16 38 26 30 36 39 8 14 19 34 10
21 8 9 33 8 0 2 14 15 31 28 4 23 18 3 33 1 12 4 12 37 33 28 7 12 13 2 33 16 26 6 15
39 14 23 18 24 36 32 29 21 10 2 11 15 31 18 21 25 9 33 28 4 10 3 36 17 6 26 24 29 29 37 16
32 19 24 39 35 36 1 38 17 1 7 15 10 21 18 5 16 14 28 24 9 4 37 21 10 0 2 23 36 32 7 25
23 16 12 3 2 19 9 21 24 23 6 14 28 7 37 16 28 2 22 25 16 20 21 27 20 25 25 5 19 12 14 2
35 16 2 30 10 20 11 30 13 7 30 35 37 4 20 15 38 14 12 23 15 35 36 5 13 1 37 4 29 1 24 37
1 4 35 29 28 28 21 36 3 3 8 10 7 29 3 14 24 8 35 34 11 28 2 9 23 33 19 8 23 26 39 6
11 37 37 21 20 38 26 4 6 15 32 3 33 34 2 26 25 5 20 24 28 29 3 14 24 0 28 32 18 32 34 30
30 22 28 34 33 13 6 24 33 19 34 26 31 1 13 31 20 39 27 13 22 9 19 39 10 35 15 1 32 30 16 14
37 8 8 0 31 25 37 34 39 16 14 21 16 10 20 6 18 8 7 3 9 11 31 39 17 17 20 17 5 30 12 1
29 24 19 17 28 1 17 15 38 5 2 38 13 26 15 11 35 32 17 7 39 8 26 29 19 35 37 29 11 9 0 23
23 3 7 4 2 13 35 13 5 24 20 0 39 21 26 23 13 21 27 21 7 38 10 3 36 26 27 16 33 17 25 38
29 36 31 15 7 8 15 30 30 1 35 13 32 38 7 25 32 28 18 7 18 28 18 23 30 31 10 20 1 17 16 8
22 6 37 33 11 38 13 19 14 19 22 35 7 30 9 30 9 3 9 10 6 32 18 32 34 34 11 29 34 4 18 34
4 22 8 19 33 18 30 32 33 39 4 23 26 4 33 21 31 28 15 19 14 25 22 36 11 27 25 32 7 30 37 21
9 35 2 6 20 29 20 19 24 34 12 18 27 25 0 28 34 34 21 16 11 37 15 11 30 4 4 25 28 28 6 25
8 0 24 2 15 8 21 24 14 39 0 4 33 38 31 11 9 32 38 16 13 12 15 0 27 5 19 0 9 11 38 39
15 6 20 4 35 14 1 2 27 6 19 1 27 25 31 0 21 1 36 34 14 34 4 7 11 34 2 29 8 29 29 17
39 3 8 30 38 22 15 20 37 24 36 5 7 13 18 10 23 18 22 33 37 4 22 31 29 13 10 32 39 28 17 37
36 0 39 14 5 17 22 14 33 15 14 37 17 33 34 33 20 37 13 15 3 13 17 10 24 35 25 5 36 12 31 25
34 39 21 37 3 13 38 16 14 31 24 38 19 12 26 7 17 23 32 13 37 18 12 4 22 18 17 23 12 32 24 5
36 3 30 31 20 9 30 22 34 34 28 30 1 1 10 12 12 27 38 19 29 33 29 20 7 7 2 17 5 36 33 0
32 21 19 6 22 38 5 31 2 35 25 6 19 16 16 20 22 12 36 29 4 26 28 36 29 29 6 24 3 38 10 15
10 10 34 39 2 15 31 27 16 7 14 28 5 19 39 23 11 16 22 24 16 29 1 8 22 16 17 1 24 30 25 24
23 32 39 30 2 0 37 27 0 3 10 25 33 9 25 5 24 14 28 14 4 18 30 31 9 23 28 36 17 0 14 21
3 33 16 36 12 7 28 6 35 34 9 18 6 18 25 13 17 19 30 22 28 13 8 27 0 23 38 36 15 9 12 2
22 17 22 34 3 9 5 19 26 31 19 3 0 36 38 32 19 38 35 9 39 35 33 26 29 19 4 30 13 10 16 31
20 26 8 34 3 25 11 4 25 18 34 5 13 11 22 39 16 30 12 29 36 10 25 1 8 6 29 20 9 31 23 20
23 29 25 9 24 33 26 21 18 18 34 16 18 20 27 28 7 32 3 10 1 27 5 17 33 16 31 30 11 13 32 15
0 9 3 31 7 18 33 36 20 11 17 25 4 38 13 17 4 24 31 6 39 10 22 31 39 32 11 39 17 39 23 29
3 16 8 28 8 6 23 0 26 7 33 22 38 3 38 8 10 5 28 1 12 7 4 26 36 27 17 29 25 6 17 37
20 20 17 0 16 16 26 11 39 24 18 6 12 2 4 27 26 8 0 15 27 11 12 2 34 23 21 37 21 32 6 27
