13 33 10 22 4
18 36 5 6 32
30 29 5 26 10
7 11 23 39 1
23 7 19 20 12
8 11 6 1 35
3 4 3 38 17
2 21 8 11 10
33 30 26 36 24
1 25 5 29 34
19 38 9 38 30
18 36 18 15 18
27 21 12 13 37
21 8 9 27 17
37 4 24 29 6
15 8 16 34 8
23 38 31 28 2
27 38 12 34 30
11 36 15 7 0
24 24 16 11 13
21 32 17 26 30
5 22 31 4 29
15 25 39 33 0
32 20 37 25 32
5 19 9 39 17
16 19 31 13 6
22 25 2 4 28
12 31 23 9 7
29 27 16 20 28
39 28 22 35 3
20 21 39 10 14
22 28 17 19 14
33 2 15 10 6
26 37 3 34 1
27 37 12 14 32
20 34 33 0 36
2 14 7 26 9
1 18 23 0 3
31 0 25 35 35
35 24 13 16 14
