26 13 3 34 26 24 36 36 30 4 4 6 25 37 4 25 1 6 31 1 18 13 1 18 29 16
7 27 24 37 10 0 23 26 15 22 33 16 5 37 37 26 2 20 4 8 1 37 16 28 20 12
14 11 21 23 21 8 19 0 25 30 20 10 30 2 31 38 34 24 2 29 3 9 21 16 20 24
29 17 34 5 31 23 34 6 2 32 30 28 4 24 18 14 1 35 31 3 39 34 9 28 14 12
12 31 16 16 36 21 8 38 18 30 27 23 29 21 17 2 19 16 19 23 7 12 34 30 33 19
5 37 10 15 0 36 14 13 8 7 9 35 5 13 27 7 22 17 3 31 18 4 6 27 0 37
36 11 23 32 30 33 6 24 26 26 26 23 10 16 34 17 35 21 29 18 31 28 11 26 12 30
27 34 6 27 33 22 36 8 29 34 34 2 31 17 10 31 8 25 7 24 15 1 1 12 33 10
23 27 2 13 22 11 6 13 10 32 36 31 17 2 7 5 27 36 19 29 39 26 36 11 33 39
26 25 38 20 18 3 33 23 39 0 34 23 37 15 10 5 34 19 22 11 3 16 8 28 7 34
17 7 12 11 7 37 8 20 14 8 29 0 16 35 36 5 38 3 28 19 13 29 35 37 35 25
32 16 31 17 1 9 26 28 11 19 11 32 15 3 38 23 20 1 32 3 3 30 12 10 21 7
0 22 27 0 19 9 15 34 31 9 33 20 14 3 11 38 27 37 35 3 24 39 35 38 20 20
6 30 11 33 38 1 8 13 14 10 0 14 1 8 36 15 29 39 31 23 33 9 32 11 23 29
19 38 14 24 19 14 10 2 10 20 36 25 17 26 38 16 7 12 0 14 28 10 37 24 11 31
6 10 4 34 31 5 20 9 15 1 6 12 27 24 24 4 17 1 20 34 12 6 34 22 16 29
30 33 30 11 18 39 13 39 31 32 28 17 7 24 10 0 28 4 11 27 23 31 5 15 2 9
29 9 25 6 13 22 18 21 19 16 21 16 11 9 6 30 39 28 11 9 31 39 0 36 21 11
11 14 28 2 4 28 27 27 22 5 2 26 37 15 17 12 18 34 21 7 8 26 38 30 33 4
15 13 39 37 17 20 32 9 35 21 1 25 10 17 26 33 12 22 28 24 21 12 7 5 20 11
19 32 18 23 0 5 30 10 37 1 13 1 29 8 15 23 21 12 14 34 11 9 15 26 8 39
22 35 14 10 38 21 5 33 12 9 35 6 7 8 36 34 30 34 13 17 27 8 9 5 20 29
36 14 39 13 36 3 35 37 32 18 36 22 25 26 17 3 18 6 35 3 3 5 10 39 28 31
7 20 9 23 22 16 7 18 25 24 6 22 24 20 26 31 26 1 9 27 34 18 20 29 0 24
37 33 38 19 26 15 24 29 27 26 18 32 7 38 18 20 20 10 30 11 21 22 14 2 5 35
27 14 0 13 35 37 13 14 1 19 32 37 25 20 12 1 19 39 11 4 12 9 39 10 2 0
29 38 21 8 37 33 14 0 23 28 23 22 29 13 7 2 23 20 32 15 7 16 37 14 31 29
19 25 32 14 28 37 5 27 25 19 3 6 36 31 7 18 8 17 13 29 39 12 16 15 23 18
38 15 13 13 1 17 36 8 8 4 25 35 30 22 37 32 19 18 16 24 15 9 39 36 35 12
21 25 35 28 30 7 32 23 1 37 32 19 38 14 2 4 16 36 22 23 20 10 23 32 34 6
25 25 3 10 38 3 33 3 2 30 9 28 22 39 9 27 35 38 5 20 14 15 5 12 25 33
8 24 25 19 16 36 30 6 4 39 14 1 18 35 22 5 8 21 13 4 21 11 38 9 30 6
27 2 24 24 31 4 16 5 26 17 3 27 32 7 11 16 12 0 33 13 16 4 36 33 5 38
20 33 5 33 24 21 4 29 5 30 38 9 6 14 33 8 24 21 10 13 12 28 0 28 4 17
9 25 39 8 1 18 22 22 33 38 35 35 7 6 32 2 26 2 30 31 9 32 29 39 5 3
18 21 30 32 24 4 26 5 27 28 36 12 7 25 29 15 35 1 38 6 0 0 39 17 30 25
12 18 35 18 19 29 32 19 6 37 11 23 16 26 32 27 7 28 21 16 4 13 25 13 15 17
39 31 19 19 2 4 22 0 35 4 29 33 8 4 17 4 13 21 22 37 12 33 39 6 3 10
2 39 38 27 2 26 2 17 25 17 15 24 0 25 34 18 28 2 35 38 28 3 22 1 15 2
0 3 36 0 31 36 0 22 23 34 28 1 32 3 17 10 19 15 15 21 14 27 34 15 6 8
