28 29 21 35 34 13 1 29 17 19 33 20 6
22 27 23 36 37 6 38 38 17 20 21 21 0
6 5 39 13 34 35 18 33 27 23 33 27 36
2 18 24 20 0 3 35 8 39 24 8 26 35
11 29 37 36 15 11 2 1 4 34 19 21 14
7 2 23 29 12 10 39 27 32 34 8 15 20
24 21 38 20 12 21 10 1 33 5 14 29 3
34 14 15 1 18 12 0 21 10 14 9 13 34
7 28 8 10 31 30 1 14 36 9 6 8 33
4 29 9 25 10 19 20 26 27 12 25 38 13
31 5 22 20 7 1 4 32 26 25 18 38 2
3 30 6 28 39 10 16 14 30 17 19 16 0
15 35 32 21 22 11 15 39 19 28 23 31 28
27 26 28 22 12 9 26 24 12 22 32 6 3
11 25 13 23 1 3 36 27 17 29 0 38 17
23 0 19 21 29 38 30 31 4 24 7 36 25
30 25 12 21 14 36 28 15 39 29 14 23 2
32 37 1 31 37 16 10 17 27 10 13 33 37
17 10 11 38 19 31 16 25 2 22 11 5 28
3 6 19 5 26 16 7 8 15 7 24 8 14
4 34 12 12 11 4 30 18 16 22 39 2 2
15 2 20 11 19 4 15 3 39 7 25 5 18
39 34 3 6 17 34 19 4 38 20 9 16 1
1 9 0 3 30 29 31 23 22 33 31 0 4
2 15 28 14 13 17 20 5 0 28 5 37 31
3 13 10 2 32 38 33 5 9 23 2 17 9
11 18 1 30 6 12 32 13 7 26 30 6 29
4 26 39 1 4 8 11 11 16 24 3 35 29
35 13 31 18 38 37 12 13 31 37 32 39 22
35 7 21 22 24 5 20 7 22 28 24 21 32
36 16 3 11 6 27 14 30 16 36 18 23 16
33 9 36 10 25 3 26 30 9 26 27 15 30
0 5 34 23 5 24 4 12 4 33 23 33 27
9 13 20 21 8 10 8 0 6 8 39 36 7
35 17 30 35 9 19 24 37 19 28 31 38 24
28 23 37 22 25 35 32 32 17 37 15 37 18
16 10 11 14 7 26 14 34 5 29 1 25 2
27 39 18 31 15 38 34 17 25 7 32 18 35
37 25 24 12 0 26 36 9 32 22 33 35 8
20 8 36 27 6 26 0 19 13 34 33 16 18
