7 32 19 4 8 21 26 39 20
35 12 4 37 21 4 34 25 9
27 19 5 3 22 12 21 23 13
17 6 31 2 24 39 27 27 5
11 39 26 19 29 1 27 22 22
39 30 10 7 35 16 2 30 28
28 22 17 11 28 23 20 36 6
14 17 4 2 37 29 18 33 13
32 33 17 34 25 25 37 37 27
0 17 15 2 21 4 38 30 1
6 18 36 13 38 0 3 15 13
32 7 6 21 32 16 14 18 1
12 22 30 12 28 33 12 5 23
36 23 15 11 5 27 6 10 38
5 20 25 26 30 34 8 23 15
29 4 28 33 31 11 22 16 19
7 38 34 36 38 35 15 35 3
7 3 14 35 21 1 36 24 31
20 0 0 6 35 33 15 32 29
23 3 24 32 39 31 21 37 15
29 23 18 39 11 5 31 28 12
27 19 9 19 30 27 8 26 19
29 8 37 14 18 21 1 23 1
10 1 2 11 25 26 36 0 17
36 1 9 3 18 20 8 10 21
35 7 37 15 13 14 25 16 20
3 16 22 20 2 25 20 9 10
32 24 8 29 35 16 13 31 19
24 0 0 35 14 34 10 37 27
18 38 6 34 22 10 16 5 25
8 10 14 19 13 38 8 37 14
9 16 4 34 34 4 28 26 12
28 1 33 25 39 39 38 28 17
36 39 24 24 11 3 13 11 30
30 29 12 16 6 7 26 13 10
32 17 18 9 20 32 29 9 9
2 12 31 18 15 26 31 2 38
23 33 7 5 26 5 33 11 36
31 24 22 0 34 8 33 4 6
17 3 9 14 24 30 7 0 2
