30 34 13 32 2 33 19
6 17 21 3 9 24 21
27 24 20 19 23 32 21
25 16 18 22 9 39 29
38 7 29 8 13 3 37
27 11 17 6 1 22 16
20 26 8 37 22 3 0
1 15 9 30 27 18 38
7 27 34 4 35 0 31
7 25 2 4 30 22 17
38 22 24 30 29 18 39
23 6 2 8 15 17 3
33 1 7 6 22 20 37
13 16 23 0 19 3 16
34 33 0 12 36 4 30
3 21 36 25 2 20 24
31 18 9 34 26 25 0
36 10 35 18 23 32 5
13 1 29 4 28 27 1
37 6 24 12 12 15 32
34 5 16 26 13 28 5
24 28 5 7 10 11 31
31 35 5 1 31 4 4
23 19 28 9 10 5 23
11 30 15 26 32 22 14
11 17 14 8 20 10 4
19 13 21 36 39 11 14
25 21 10 14 12 8 5
31 1 15 29 10 39 26
14 39 34 11 36 21 16
37 29 8 18 35 20 23
12 7 18 26 38 29 0
35 39 38 15 37 25 33
28 10 16 36 12 6 9
13 7 32 19 15 14 33
38 12 0 8 35 39 30
34 27 37 32 31 17 35
36 33 11 3 2 28 20
17 38 24 2 28 25 33
14 19 6 27 2 26 9
