24 3 32 15 14 15 12 36 8 33 6 23 13 13 11 27 33 27 31 11 34 2 0
18 13 0 1 29 12 1 4 16 17 15 19 29 37 22 34 19 35 36 20 13 26 20
5 29 30 22 25 39 4 1 30 31 19 11 30 20 7 33 28 27 36 24 14 30 14
6 0 11 29 19 21 29 26 23 31 22 34 29 5 8 5 10 14 4 2 14 16 17
11 37 39 27 1 25 29 10 19 29 25 33 2 27 12 1 33 0 6 22 37 35 28
18 12 4 35 36 25 34 16 16 26 7 34 8 14 20 0 8 10 7 19 23 34 16
39 32 8 30 8 25 36 1 28 26 29 15 10 0 13 27 21 9 33 16 12 19 15
14 0 18 3 5 16 19 36 18 36 15 25 28 18 32 3 8 37 9 22 0 20 24
31 8 6 22 32 27 7 17 11 10 1 8 34 15 36 14 8 16 4 25 20 37 5
21 30 38 35 36 21 38 0 35 1 8 9 0 11 31 13 23 11 11 19 19 13 9
36 31 32 25 21 17 3 38 37 6 20 24 29 6 21 38 24 5 16 37 27 23 17
29 22 6 37 14 6 0 27 4 5 12 12 23 22 32 36 0 7 34 1 21 20 10
16 16 18 32 38 14 31 10 2 0 28 12 29 25 12 39 14 1 21 15 37 30 37
9 26 20 33 16 34 28 6 10 36 25 37 1 29 39 38 11 10 2 21 14 7 36
7 35 28 26 37 39 23 33 3 28 30 32 33 20 28 31 24 25 26 17 17 10 12
8 24 20 30 8 6 38 13 7 39 7 34 39 12 24 23 19 1 28 28 13 12 35
4 0 18 5 25 23 1 2 31 33 9 10 13 23 24 24 29 32 33 32 12 33 27
19 21 9 22 4 0 32 3 16 28 5 23 17 12 36 18 2 9 21 17 2 5 3
35 33 27 2 36 38 1 5 17 39 19 23 6 31 8 17 2 20 32 23 5 31 1
36 3 1 30 21 16 2 16 38 23 23 3 2 16 2 23 18 37 18 15 37 20 13
4 2 13 29 22 26 8 25 32 11 9 18 35 24 30 6 17 17 4 11 9 0 19
6 38 36 5 3 13 19 18 35 38 17 33 0 27 31 8 19 11 2 26 4 14 3
34 11 1 15 32 0 19 34 38 7 34 8 29 9 15 2 39 29 30 30 39 26 34
8 39 10 10 17 28 31 14 7 15 18 24 13 8 10 4 6 30 39 11 38 26 35
7 3 10 13 3 29 12 10 20 21 17 22 3 16 9 11 28 10 4 31 27 34 11
21 31 27 28 31 4 8 12 22 17 32 28 9 25 26 6 18 26 32 18 30 20 5
11 17 8 26 13 27 37 39 34 37 17 7 9 4 35 36 39 5 4 7 5 20 33
2 17 25 23 39 31 32 23 32 25 26 9 3 29 7 39 18 14 6 11 6 26 28
11 18 38 6 22 39 15 14 23 2 16 30 1 12 37 19 7 7 14 22 18 11 15
30 26 6 10 21 2 16 33 37 9 3 19 35 24 15 32 25 19 33 32 21 21 9
16 7 27 31 20 5 36 37 20 23 23 5 38 24 9 29 1 10 35 39 36 32 34
31 22 26 23 21 7 24 13 35 30 22 7 33 6 25 2 34 35 18 38 5 15 20
28 12 33 22 4 31 24 13 16 30 11 3 19 36 20 30 8 39 3 18 38 28 15
5 29 12 20 13 28 26 12 6 20 37 13 32 10 15 25 39 1 34 37 4 33 3
35 24 22 37 33 22 38 17 6 36 21 3 15 4 2 35 26 35 22 9 12 0 3
0 13 20 38 21 27 14 5 27 24 13 23 21 7 22 14 26 0 12 33 32 31 38
24 34 25 22 9 9 35 19 27 30 21 3 37 30 7 28 34 27 14 9 34 1 1
17 35 31 18 7 9 0 38 8 16 27 25 3 38 10 21 15 14 12 1 22 29 4
15 6 24 0 11 5 31 38 29 35 28 28 17 16 13 24 27 34 10 19 30 24 35
26 27 4 4 25 2 10 14 15 18 4 26 5 36 39 15 14 33 25 18 2 24 39
