25 26 33 37 6 12 7 18 20 24 7 6 17 27 39 30 12 33 10 24 22 28 6 5 39 37 1 2 8 19
0 34 14 6 13 10 36 26 3 25 26 32 23 10 3 14 15 13 32 16 4 31 25 1 2 38 22 37 29 15
34 5 27 35 9 33 32 24 27 12 16 33 9 26 3 9 13 21 20 27 17 7 0 37 2 12 11 38 1 35
11 10 9 33 16 4 14 14 23 9 0 11 1 2 26 13 30 6 8 16 31 32 38 5 10 6 15 38 4 26
38 15 11 31 5 6 19 31 10 28 39 8 27 33 28 23 13 35 30 10 8 4 14 24 13 26 27 9 37 18
37 0 29 22 8 24 21 20 1 28 6 19 21 5 10 34 14 12 25 17 15 14 3 17 35 5 11 23 6 21
1 8 10 19 34 5 4 15 29 30 20 39 31 1 38 0 26 37 1 21 16 37 26 33 35 20 5 3 30 7
28 2 37 12 31 21 22 19 8 28 3 14 32 34 22 9 8 6 13 34 29 4 36 37 26 20 12 26 24 33
2 36 22 33 32 32 17 25 28 36 30 17 8 8 11 29 0 20 19 19 3 21 9 5 22 9 2 4 4 29
21 30 36 10 12 15 3 28 15 30 10 10 12 29 23 11 2 4 4 25 39 28 5 0 19 34 31 34 29 1
36 7 0 27 9 17 35 22 2 5 36 22 24 10 31 34 1 22 5 5 30 31 15 29 38 13 35 18 12 28
10 14 6 35 38 34 16 11 20 21 14 39 10 12 7 38 32 33 8 28 26 18 19 38 30 20 27 13 3 0
31 30 30 6 29 18 23 26 27 24 10 8 9 16 24 38 39 25 17 10 2 27 24 30 15 5 13 7 37 12
28 37 19 19 30 11 39 1 17 17 39 14 9 26 36 36 34 3 4 38 24 20 4 35 28 18 17 11 39 28
34 23 6 27 21 32 26 16 22 4 25 18 11 21 17 31 22 26 19 13 31 23 35 39 5 38 25 32 14 38
32 1 32 2 22 28 31 20 39 39 3 20 25 6 31 23 8 15 14 37 34 26 9 38 15 31 9 34 38 2
34 35 31 14 9 8 21 32 36 14 17 36 32 16 13 33 34 20 33 8 13 18 24 26 21 24 17 36 18 13
15 2 18 6 10 30 19 35 30 24 38 23 4 34 33 33 29 33 34 31 7 15 21 2 5 37 29 36 38 37
19 23 39 6 14 26 25 10 5 18 18 23 30 26 10 35 7 14 7 32 10 16 11 12 12 27 14 0 23 7
16 16 27 35 32 14 34 12 12 8 5 9 29 36 24 0 26 33 25 9 11 22 38 36 11 18 6 33 34 29
5 29 0 26 3 3 35 19 21 3 25 2 12 19 19 37 31 36 33 3 13 33 17 28 12 16 9 14 23 33
2 16 11 21 20 5 7 3 7 21 9 10 37 28 29 39 24 24 17 6 1 7 31 0 8 10 20 32 16 38
11 13 6 30 7 36 12 32 21 21 27 29 18 6 23 8 29 22 18 37 8 16 17 7 9 3 25 32 33 10
16 25 11 32 3 13 20 5 3 2 39 19 32 12 29 11 18 11 5 29 15 2 29 17 14 31 27 25 24 27
35 28 0 25 34 24 21 2 11 3 30 27 19 9 38 33 2 5 1 23 0 27 37 15 5 24 28 37 18 36
7 7 16 13 12 35 18 1 15 12 17 2 25 20 7 36 20 24 25 24 18 13 21 16 30 38 12 37 7 1
9 23 37 36 12 33 15 3 15 31 21 25 30 16 39 7 35 5 24 31 25 18 1 32 11 2 0 17 22 24
25 8 15 26 37 7 13 4 31 22 20 21 28 30 4 34 34 31 1 17 16 16 20 14 11 39 36 4 15 33
37 23 32 4 24 19 4 4 10 17 20 11 29 1 3 3 8 38 28 34 5 36 11 30 15 1 5 16 22 0
1 1 1 34 35 15 37 39 18 2 0 4 38 0 10 37 1 1 2 16 1 23 14 23 26 17 19 35 27 4
13 1 23 33 3 17 14 29 2 3 27 17 2 20 29 24 11 33 30 23 23 9 4 34 0 39 28 28 29 6
32 18 11 2 27 9 0 14 12 19 39 36 28 37 15 13 19 32 22 3 28 6 12 38 21 20 3 36 35 35
6 27 25 30 22 22 16 8 4 36 38 31 6 5 14 28 7 2 8 5 25 11 21 23 2 6 35 15 1 18
6 35 0 21 7 18 39 26 19 6 17 30 9 6 35 24 15 15 19 13 21 23 27 0 4 22 18 13 31 33
12 37 22 20 7 20 36 24 9 13 23 33 20 31 39 35 39 24 20 14 7 3 24 8 28 35 32 31 2 16
25 23 11 12 37 8 30 21 10 4 19 27 25 26 36 0 8 3 27 28 30 16 26 9 35 13 29 22 19 38
39 27 31 22 30 4 4 3 19 13 34 31 11 7 33 16 25 26 32 35 26 9 15 4 32 4 6 37 19 32
36 0 34 17 29 1 38 23 27 0 34 8 29 23 16 0 17 18 1 22 22 27 10 29 18 13 5 21 32 13
33 25 10 22 0 28 14 18 29 21 36 7 6 8 28 9 18 17 0 15 15 36 12 7 20 20 19 18 0 10
26 27 16 14 35 27 39 39 23 22 12 39 39 8 9 39 11 7 25 22 30 38 17 38 14 25 13 20 34 8
