10 39 12 20 6
33 6 26 22 39
10 29 2 18 6
34 34 13 26 21
27 23 2 12 30
17 26 36 15 10
10 13 20 39 11
37 11 31 17 18
28 19 8 35 19
3 38 32 26 30
7 30 18 9 22
7 11 29 30 4
14 23 38 2 4
4 25 4 15 2
36 35 5 12 31
17 32 20 1 19
14 10 31 27 37
9 25 6 1 29
25 0 35 29 30
6 27 38 1 23
38 7 33 7 25
27 39 26 5 18
24 5 4 37 3
36 16 35 23 19
31 8 8 36 16
12 5 11 21 37
1 28 14 9 3
19 13 3 36 1
22 14 33 28 34
12 28 17 33 31
5 22 37 24 18
15 28 0 17 16
0 8 13 13 34
15 20 0 38 24
21 25 22 29 9
35 7 24 21 23
16 0 27 32 3
14 21 8 9 34
24 33 16 20 32
32 15 2 11 39
