34 15 4 5 24 21 4 27 7 28 14 8 29 34 21 8 23 13 7 36 5 17 18 9 28 2 8 16 19 35 25 20 12 34 21 18 29 30 10
19 37 15 32 11 12 6 18 1 1 34 15 12 20 14 19 29 23 21 6 10 32 34 8 25 11 6 27 2 39 30 19 3 15 6 20 23 36 15
13 10 5 28 26 31 33 31 17 7 38 26 11 10 37 34 21 0 30 25 14 8 39 37 34 1 2 2 25 33 7 18 7 32 30 39 29 34 9
4 29 28 37 3 3 18 4 27 18 28 20 19 3 3 8 10 34 4 38 13 24 33 39 7 11 17 28 29 26 23 13 1 21 17 14 37 29 21
3 22 12 0 36 33 15 19 32 0 32 8 39 3 30 39 5 24 7 32 21 37 3 10 21 36 34 18 4 4 34 10 16 28 7 6 32 11 8
28 0 9 2 34 25 39 39 9 37 4 19 26 23 30 26 24 25 7 9 30 0 31 35 13 26 12 23 28 6 10 36 27 6 29 27 31 12 28
32 35 19 24 21 22 14 1 35 25 15 12 38 34 12 23 28 20 27 30 30 17 1 23 13 35 22 5 1 32 36 31 19 11 5 4 1 26 27
16 35 30 9 8 26 23 28 0 14 7 7 4 2 35 14 39 5 0 11 22 3 9 18 11 12 9 27 12 2 2 31 16 34 4 16 29 17 10
31 35 7 17 4 0 29 3 29 0 31 26 35 14 25 20 15 13 28 13 0 2 22 33 1 12 38 38 36 18 9 18 10 20 24 38 11 34 4
13 33 7 19 5 12 26 34 37 5 32 20 22 26 5 29 21 28 18 31 0 10 7 21 7 33 9 9 14 8 2 25 39 19 37 14 36 22 20
26 23 2 24 17 38 11 21 36 24 3 38 14 2 12 4 10 10 35 37 38 9 30 23 1 38 4 5 34 15 22 19 34 8 24 7 0 28 27
26 18 21 38 1 15 38 22 10 16 31 18 12 2 39 37 15 7 26 22 3 7 13 24 16 1 14 24 36 6 20 20 24 33 22 8 28 4 33
31 4 30 23 9 18 23 24 22 18 1 27 22 11 15 6 10 6 1 39 26 39 36 37 5 7 8 7 39 0 30 22 12 12 5 13 31 24 22
9 36 2 20 25 20 28 39 18 27 0 14 3 32 36 8 25 5 8 36 32 6 11 20 15 22 30 15 3 31 15 35 23 16 19 34 12 31 14
25 33 23 31 17 20 6 7 29 0 30 26 30 10 33 7 13 39 24 8 22 1 36 2 21 23 15 25 34 11 31 9 38 35 9 3 18 27 13
38 0 21 34 1 31 25 4 11 16 35 17 33 32 25 34 6 12 28 1 8 15 15 11 17 14 33 13 21 10 37 13 28 36 1 13 23 26 1
30 7 32 20 25 15 11 20 24 27 29 17 36 19 37 26 32 32 0 30 39 11 29 35 17 29 35 23 4 30 16 16 33 7 7 13 21 17 17
14 8 15 20 10 20 2 20 16 27 0 37 28 22 15 6 3 37 33 24 18 19 29 16 39 32 34 27 27 32 7 3 29 19 16 27 29 16 33
11 24 12 28 3 12 30 33 1 3 13 24 11 36 37 25 22 31 0 34 9 20 7 17 21 37 19 4 8 2 8 35 32 0 39 14 28 29 22
1 9 4 22 6 38 38 36 22 23 5 3 22 19 19 27 39 33 16 1 23 36 17 18 32 0 36 6 26 32 10 1 36 21 13 9 17 34 25
27 16 20 20 13 13 14 31 17 22 16 3 17 22 32 17 9 8 1 22 6 18 24 30 13 34 0 11 26 39 21 29 11 8 23 38 1 9 21
28 15 11 37 0 35 23 6 36 34 22 10 31 24 4 27 0 9 2 1 9 14 4 18 28 28 15 23 29 20 21 21 0 19 3 16 20 33 3
4 33 19 22 22 6 11 12 20 19 21 12 19 20 24 9 18 14 20 35 17 7 35 39 11 8 6 26 37 13 10 28 33 12 25 11 9 18 12
31 14 12 12 32 25 10 21 7 19 5 31 0 6 32 38 1 35 10 36 5 6 36 19 36 14 34 3 16 34 31 21 33 29 20 13 15 1 25
37 38 18 0 36 12 6 34 10 16 4 37 18 21 10 5 29 22 14 3 39 35 20 29 29 17 31 11 36 24 24 11 29 27 37 11 10 8 12
30 14 32 15 23 16 13 33 26 5 32 15 6 5 18 8 31 13 34 25 25 35 2 38 14 1 29 26 2 0 34 33 9 22 29 26 35 23 19
11 29 38 33 10 9 39 7 27 2 25 37 14 5 36 5 2 8 9 12 11 35 5 34 16 37 38 3 22 25 19 20 31 28 25 39 6 15 29
20 36 28 0 28 28 28 26 38 3 12 35 21 16 13 19 17 32 39 28 6 39 29 30 37 7 1 39 31 17 5 17 24 5 14 30 6 17 10
21 35 5 3 34 27 38 18 27 27 2 27 33 7 31 13 0 3 15 27 6 9 8 17 0 3 5 32 21 21 22 15 4 26 37 11 5 18 10
37 3 26 14 8 0 8 24 16 38 9 33 39 1 24 27 39 24 3 17 25 16 16 21 24 5 2 23 20 7 33 0 30 25 17 18 3 17 26
16 25 7 12 18 4 33 39 14 14 5 31 33 35 5 38 6 32 6 30 30 2 10 20 27 37 16 13 1 16 37 36 12 2 35 29 32 0 27
8 12 23 15 14 20 28 33 32 11 2 21 2 30 23 8 32 35 25 18 9 5 32 37 24 33 39 6 14 36 23 27 7 13 26 38 5 12 13
25 35 6 1 16 23 4 4 15 25 31 9 4 20 27 31 13 23 30 13 31 16 16 28 1 19 6 37 17 19 2 18 17 30 32 32 39 4 38
14 9 4 26 22 39 28 25 38 15 31 18 30 2 34 14 30 19 29 3 38 17 15 8 31 9 36 2 25 22 16 36 23 29 11 39 11 21 17
0 38 15 28 9 24 5 21 38 33 0 3 15 1 6 39 18 2 36 25 26 23 1 14 4 2 4 20 23 10 0 25 17 10 2 7 13 8 19
38 28 8 32 7 6 21 15 6 27 7 37 8 31 30 10 22 24 22 5 26 23 35 35 25 6 37 35 35 16 16 0 30 18 13 14 35 35 25
4 37 13 27 24 19 21 38 10 26 18 0 16 13 34 12 13 14 23 23 23 4 19 24 6 5 33 8 19 31 30 11 38 38 15 33 19 9 1
24 29 1 21 36 3 9 26 5 24 4 18 35 11 10 2 17 12 39 16 17 27 26 30 35 31 18 38 2 22 32 37 37 30 15 24 28 9 3
15 35 24 34 26 11 19 28 11 19 27 33 10 34 36 2 10 3 6 38 38 29 30 23 10 33 25 26 37 10 8 8 36 36 20 14 31 8 32
26 33 4 5 13 5 4 30 7 11 14 19 27 34 12 24 3 12 22 29 39 39 27 37 29 2 16 31 1 17 12 27 2 20 18 32 26 9 33
