36 31 27 18 0
24 6 25 38 6
26 39 6 24 9
3 4 19 17 10
25 21 29 34 8
1 1 0 26 16
15 11 34 10 5
23 30 29 5 18
14 37 34 28 2
0 18 20 24 17
28 33 3 10 13
9 25 14 11 20
14 32 36 5 29
23 25 17 7 38
21 0 22 4 12
13 15 37 31 27
35 7 27 35 35
33 4 11 12 10
7 12 28 29 39
4 38 12 3 16
26 36 20 28 29
11 21 15 2 39
3 9 22 31 2
32 1 1 21 34
15 39 19 17 7
18 36 34 32 27
31 33 22 16 31
12 2 8 10 33
19 18 38 30 11
37 13 26 30 9
30 23 7 27 1
39 32 13 6 33
3 37 8 21 19
16 22 36 9 22
32 0 15 24 35
5 16 14 20 30
23 19 8 6 26
5 14 13 23 17
28 2 8 20 38
24 37 35 25 4
