32 24 19 8 0 38 2 1
30 8 2 1 25 37 4 14
7 34 19 33 16 27 17 34
25 10 4 6 5 5 16 26
0 9 26 14 28 10 25 32
6 26 34 37 2 8 35 6
27 36 18 11 17 24 7 6
3 20 27 15 20 25 12 10
6 38 35 15 23 33 18 5
19 21 18 26 13 14 4 10
38 34 7 13 24 29 15 16
32 2 29 9 24 10 36 14
35 38 29 5 22 37 39 14
35 33 32 30 15 22 35 20
1 31 2 39 23 25 20 5
36 3 32 27 3 37 12 19
30 36 39 14 33 7 9 9
9 24 28 21 13 39 1 2
23 13 6 31 16 8 15 38
5 3 11 2 5 27 11 33
13 25 12 16 12 20 39 9
36 4 31 28 17 18 23 21
24 13 39 36 31 3 8 21
10 21 15 4 30 19 24 12
28 38 1 11 7 18 23 0
32 0 29 19 9 35 33 37
39 30 31 15 20 8 26 30
27 1 4 18 33 29 17 29
27 34 27 24 29 11 13 25
31 37 10 35 17 1 36 34
12 33 2 18 16 4 28 8
3 14 23 13 38 7 28 19
11 28 32 35 37 19 6 34
5 23 31 25 9 22 32 17
8 17 12 6 0 17 36 30
0 28 38 21 22 22 16 0
26 30 4 34 22 39 0 15
20 11 23 1 14 7 10 7
21 11 18 16 20 22 22 21
26 3 12 26 3 31 29 37
