10 18 5 11 1 6 22 31 23 0 15 31 7 30 3 33 19 18
36 10 27 31 12 25 4 27 10 36 13 2 1 11 11 8 32 13
13 24 33 22 26 18 10 30 16 4 21 17 24 36 28 35 9 18
1 37 30 18 24 26 33 32 19 10 17 13 10 36 5 13 26 33
4 12 39 2 30 37 21 0 7 27 38 10 12 35 20 10 23 9
38 27 39 4 29 9 15 35 6 0 37 24 23 17 12 22 1 37
15 16 22 17 29 30 38 5 35 0 3 1 12 9 27 17 6 1
0 9 19 18 22 21 39 8 28 17 4 25 39 34 20 39 37 7
33 10 23 14 8 32 11 25 34 6 24 29 16 7 13 5 32 19
16 11 31 34 16 11 0 11 30 2 10 29 37 37 8 26 16 12
26 12 34 20 2 7 14 21 35 22 35 14 21 10 39 27 18 1
17 4 21 14 36 27 13 1 11 37 39 9 3 34 29 1 12 12
38 5 34 26 10 31 14 5 27 21 15 19 22 27 38 17 15 22
27 15 32 34 9 23 39 9 39 35 18 18 7 16 24 17 39 38
32 36 9 5 21 24 33 11 14 4 31 25 4 27 38 38 28 29
36 2 26 5 28 14 11 4 8 8 37 25 28 34 17 36 14 28
3 25 21 23 22 13 28 7 20 12 10 4 2 33 37 11 16 7
33 38 24 21 9 1 13 11 26 32 0 37 3 32 20 6 26 30
33 28 9 31 0 33 29 13 28 36 32 29 21 20 28 30 1 16
18 25 10 4 11 21 12 17 10 16 12 24 1 13 15 15 10 3
38 33 29 38 2 5 31 3 34 29 25 17 15 24 20 38 25 28
20 24 13 8 29 8 37 25 31 14 36 18 35 14 24 32 8 12
23 20 35 25 3 3 29 16 34 21 39 27 17 39 36 1 7 3
32 26 2 31 6 7 0 9 34 7 18 34 9 9 34 15 22 31
23 23 16 23 36 18 21 28 27 23 3 32 19 19 9 29 7 36
32 20 8 20 6 4 39 18 25 38 16 26 8 23 15 13 19 22
6 27 1 22 32 8 27 23 29 37 14 38 11 8 38 14 4 30
25 26 33 22 19 27 26 16 24 7 30 2 36 0 3 23 26 0
0 2 30 9 20 2 18 14 7 5 30 11 33 29 35 35 25 13
36 6 36 17 37 28 33 25 26 6 14 2 3 5 5 24 19 29
2 26 30 13 21 19 34 35 21 36 2 36 12 15 19 3 37 31
27 27 35 28 15 24 31 31 12 13 22 30 10 15 5 22 3 3
19 38 7 35 9 11 39 14 16 4 33 24 25 6 8 35 7 22
22 14 18 37 23 15 2 2 23 37 33 33 28 28 39 6 32 12
39 12 1 32 31 34 38 20 4 23 13 35 20 35 30 17 1 38
26 31 0 4 2 12 5 19 28 34 20 15 14 24 10 33 21 34
32 34 5 19 3 6 21 20 29 22 30 11 17 26 11 8 13 15
1 19 25 18 1 31 35 31 39 8 32 39 17 0 3 2 37 4
6 4 7 23 20 7 6 19 0 5 0 5 6 19 28 25 18 15
20 6 0 6 5 24 8 30 8 0 16 17 16 16 29 9 14 30
