36 15 31 11 14 18 31 9 39 29 36 20 22 14 33 19 18 1 23 34 21 1 33
10 28 12 16 4 2 29 0 12 19 30 30 39 34 5 5 27 9 22 5 28 5 22
11 11 24 16 5 1 29 31 20 34 18 11 35 1 10 28 30 25 34 12 33 19 4
38 25 9 10 20 30 21 16 31 14 13 8 7 24 16 26 32 12 36 36 1 32 5
26 23 35 22 20 6 27 33 34 26 28 2 24 15 15 32 21 25 29 38 24 18 5
7 33 0 22 17 1 24 16 24 13 1 7 35 24 19 38 7 36 13 3 36 1 23
16 3 37 5 0 34 15 17 39 31 23 29 25 34 23 34 7 21 28 29 18 15 16
30 11 25 34 32 15 13 9 11 7 27 33 36 0 32 24 29 15 19 6 9 26 27
33 26 4 22 20 13 24 13 24 10 33 18 16 7 13 21 18 3 9 35 1 38 25
13 35 24 7 33 26 38 15 18 21 15 38 8 35 13 21 17 23 28 20 16 6 26
37 39 5 32 37 27 10 38 35 9 6 35 15 9 5 25 25 22 6 2 39 14 0
19 37 19 10 25 37 32 4 15 7 0 28 39 32 39 0 37 16 3 14 4 15 13
22 30 29 12 8 2 33 20 37 20 28 18 32 28 9 30 10 22 34 12 8 6 33
16 19 20 13 14 26 19 20 0 35 15 8 10 5 17 32 33 32 36 32 5 24 36
25 24 29 13 32 28 2 37 9 5 1 18 27 39 30 13 32 3 14 26 36 16 16
32 35 32 33 2 13 11 5 26 1 39 11 7 8 12 31 26 9 8 21 0 38 34
0 33 2 1 10 14 29 22 36 13 19 19 26 3 7 0 19 21 11 25 8 30 26
7 20 30 36 0 38 10 39 8 28 8 12 30 0 35 6 2 8 24 21 9 21 31
22 24 8 6 3 10 17 1 0 37 9 8 24 1 14 38 37 3 17 0 16 28 33
23 25 3 0 22 30 6 14 27 18 23 26 31 4 32 11 12 9 26 2 27 17 9
28 1 11 35 14 6 17 14 21 30 19 9 33 20 34 16 30 12 29 9 4 26 8
18 28 2 22 36 26 3 35 25 34 39 5 23 32 5 3 10 29 10 2 7 6 11
36 7 4 12 36 13 12 22 26 28 27 32 17 17 21 18 3 23 7 3 39 22 27
18 32 9 29 8 7 23 2 6 8 20 39 2 24 5 16 2 21 7 34 12 15 10
7 37 18 30 3 20 34 18 33 2 31 22 16 23 35 11 4 10 21 39 27 28 14
36 12 23 31 5 39 11 1 36 29 15 31 21 39 13 28 27 34 14 28 28 18 10
13 26 19 21 27 3 33 35 3 34 10 29 30 20 29 8 21 32 37 39 27 37 0
6 34 12 31 29 35 11 20 4 15 16 32 17 19 29 11 1 35 28 24 37 37 17
11 35 36 39 25 31 2 8 25 35 1 28 17 25 38 38 12 4 21 20 17 0 8
34 1 3 37 23 4 39 8 37 5 2 4 9 11 33 19 22 23 14 14 21 26 6
36 6 17 25 4 10 39 14 3 20 23 14 22 0 38 27 29 23 1 29 27 2 4
11 18 19 34 6 5 31 2 29 23 2 13 31 18 25 10 39 17 17 7 38 0 25
36 0 20 30 35 33 24 15 15 24 12 10 35 18 13 36 19 30 21 6 35 2 30
9 25 27 4 11 4 30 36 38 18 36 12 10 31 4 37 18 11 1 10 38 17 19
16 4 22 6 16 38 39 7 14 12 29 35 4 5 19 37 19 22 37 25 17 37 23
15 16 5 8 37 7 38 15 32 17 26 15 22 31 13 30 4 27 23 21 3 25 31
6 33 9 31 11 25 28 15 12 26 20 20 24 31 5 1 3 4 2 19 20 38 17
17 20 33 27 18 19 6 29 26 38 0 17 12 28 16 38 7 24 3 7 30 27 34
30 6 14 0 27 15 2 14 14 3 1 8 38 6 27 27 34 6 31 33 12 11 8
10 23 24 22 37 4 21 12 13 31 9 31 22 13 38 16 14 23 9 34 39 3 23
