24 25 33 28 0 33 39 31 4 23 16 20 24 31 0 0 37 4 15 0 18 33 33 5 37 1 26
30 39 30 37 28 12 7 34 9 13 22 13 21 15 7 30 1 36 27 0 38 16 4 23 9 37 18
37 7 2 35 2 29 33 0 21 38 8 32 22 6 29 33 27 0 31 21 31 28 22 28 32 6 24
14 12 15 3 25 8 30 32 3 4 26 39 21 2 3 28 15 19 37 7 2 32 25 19 23 21 17
36 37 28 14 39 26 31 36 9 3 39 36 29 13 10 20 34 24 12 8 13 18 38 29 15 33 34
3 29 26 33 14 23 23 36 34 36 20 16 10 23 33 18 38 37 2 3 24 36 37 18 36 31 0
31 3 7 9 14 21 8 38 29 19 5 12 8 18 1 6 7 9 19 13 25 16 7 23 15 24 36
18 24 23 27 4 17 0 28 4 13 23 26 22 7 8 33 6 32 34 37 12 28 2 10 6 5 32
23 34 26 11 5 18 26 4 17 15 28 27 5 24 11 8 29 30 6 4 10 35 3 5 34 28 26
3 31 24 35 8 29 16 34 14 20 17 32 12 25 17 21 34 15 10 19 16 2 10 3 35 18 0
37 4 25 6 37 27 14 35 20 13 36 19 37 35 30 9 1 2 34 36 27 8 37 12 11 17 16
24 33 32 4 31 9 15 17 22 0 26 32 4 32 15 29 27 15 5 25 9 24 17 5 10 31 10
32 35 10 6 30 11 39 30 30 9 5 2 5 37 30 27 9 23 3 34 7 26 21 32 36 20 27
33 35 38 31 25 30 29 18 0 21 37 18 6 29 6 17 0 11 35 16 35 14 22 34 20 18 14
39 31 32 30 35 6 4 35 22 13 35 23 12 25 6 26 9 15 29 35 3 30 3 16 9 21 16
7 5 26 26 35 27 11 30 38 13 33 0 5 7 9 31 13 35 14 31 17 31 1 12 19 16 34
8 3 18 5 32 2 25 7 4 19 14 10 36 10 6 5 30 31 25 7 17 10 26 13 11 8 11
14 6 36 20 12 14 27 27 35 35 18 31 36 19 39 13 38 34 36 39 19 2 20 39 29 29 20
3 28 34 39 25 7 36 35 24 28 32 5 20 2 2 37 8 31 33 11 7 1 16 20 1 2 4
15 25 4 31 6 16 26 17 14 18 8 33 33 24 15 36 39 13 16 21 24 19 10 13 36 26 21
36 10 24 22 38 27 9 7 10 9 4 23 0 29 34 11 2 19 17 37 29 23 8 38 32 32 22
29 10 38 25 2 2 23 18 19 4 10 12 19 21 14 15 11 24 12 12 11 16 11 24 34 1 32
23 38 20 13 18 9 3 39 39 39 16 11 6 29 24 6 38 8 24 26 15 34 32 0 18 25 22
8 20 26 39 17 21 21 20 19 25 26 4 29 36 34 4 22 21 34 34 20 8 22 5 20 29 4
0 18 22 19 37 7 22 37 28 30 12 0 8 28 15 19 8 17 2 29 20 11 16 28 8 39 27
24 3 11 36 18 20 10 16 30 17 7 3 22 3 15 22 0 13 33 35 9 23 17 25 9 35 19
33 9 36 28 30 27 13 1 25 1 26 19 1 27 22 6 15 35 16 29 28 9 38 18 31 33 1
27 15 24 12 7 17 1 38 25 20 13 35 19 28 25 5 14 27 29 10 7 13 20 28 24 30 21
35 20 10 39 39 9 16 28 37 3 11 11 34 30 14 17 36 14 21 11 19 22 6 1 8 2 13
10 7 18 30 33 1 23 5 6 10 33 5 11 0 10 1 14 11 1 37 9 7 15 23 26 19 9
9 38 19 12 6 32 22 14 21 9 5 36 23 13 22 30 25 0 29 16 27 23 1 28 10 7 30
12 5 15 39 18 11 25 24 2 34 2 27 30 6 22 28 34 15 13 31 28 22 36 30 2 7 5
20 4 14 17 39 3 1 6 13 29 11 21 37 3 20 32 8 12 27 30 1 23 34 4 8 21 2
6 28 5 23 32 38 37 14 39 18 26 33 20 20 38 12 2 10 17 38 22 30 34 27 27 19 38
12 23 11 22 10 1 4 15 12 31 27 25 9 36 37 24 21 13 18 16 1 18 32 15 28 17 14
18 8 26 15 37 0 16 8 3 11 32 38 21 12 32 5 29 3 23 27 2 25 27 22 26 13 38
13 1 29 33 31 6 12 14 32 1 28 3 19 21 24 17 17 35 24 39 39 13 37 25 7 12 16
23 14 6 14 34 38 15 0 32 21 1 33 33 35 19 4 0 21 33 16 4 25 10 7 3 27 38
38 38 2 4 1 9 4 11 35 23 31 24 16 5 39 8 14 38 17 2 39 25 8 3 11 12 0
12 5 17 16 17 12 28 33 31 5 31 26 31 6 7 14 39 26 19 0 1 20 21 26 22 22 0
