14 7 33 6 20 29 1 16 11 4 13 33 11 33 17 18 35 21 8 14 39 24 1 36 7 34 5 24 4 34
10 23 11 35 15 9 2 12 4 23 22 14 1 32 8 3 35 33 39 39 32 9 19 3 2 39 11 26 8 8
37 34 36 5 33 13 17 0 28 26 39 9 19 29 11 38 28 25 4 9 33 16 38 0 34 19 17 22 29 7
5 33 8 37 39 9 22 22 8 32 6 28 14 12 25 30 23 6 6 13 17 12 26 19 1 18 12 4 8 24
2 25 30 16 12 18 4 17 32 30 28 9 26 36 22 4 15 39 18 38 28 18 3 20 12 12 21 7 27 32
0 24 1 35 27 37 22 22 27 28 6 32 31 14 38 37 0 8 19 8 22 15 16 3 33 2 34 3 22 21
8 6 29 17 24 4 13 4 6 0 36 37 23 24 9 34 38 18 28 4 20 20 0 25 10 6 24 7 23 26
10 11 15 19 35 30 21 5 0 12 10 16 27 39 6 34 11 3 28 14 21 25 31 24 32 11 18 23 18 23
0 2 27 16 21 25 24 4 38 37 10 28 10 27 15 36 6 19 16 36 7 3 38 11 26 37 8 21 39 36
20 6 18 8 16 15 20 20 26 21 25 16 14 25 12 33 18 18 24 37 27 0 20 17 7 19 4 36 29 37
25 12 2 10 36 7 9 36 12 1 25 27 3 12 15 3 23 23 18 17 17 11 10 10 19 39 6 15 13 5
16 3 29 24 4 3 16 3 2 4 24 26 12 17 9 2 1 15 28 38 30 34 13 7 30 39 30 31 12 6
23 26 38 8 28 4 36 31 29 31 8 2 31 15 17 11 7 27 20 36 5 5 5 6 0 15 12 5 13 14
12 35 21 26 39 16 16 13 39 35 20 33 36 15 36 24 30 23 25 0 26 28 10 2 15 22 25 24 17 37
20 25 31 1 29 5 17 30 34 10 12 11 5 1 11 29 12 27 39 28 11 1 8 27 37 35 21 36 25 31
14 23 31 32 25 9 30 21 0 23 39 31 1 27 1 14 3 24 14 13 25 2 6 25 0 11 3 27 13 11
18 16 35 27 17 16 34 37 28 3 14 18 15 7 35 33 0 19 30 17 7 20 21 29 10 2 22 39 31 36
1 26 32 38 22 35 3 4 37 32 38 2 26 39 36 30 0 6 28 11 9 34 6 8 33 24 0 4 24 13
1 12 15 14 10 21 38 19 20 11 5 26 36 21 30 32 39 25 26 18 12 4 29 11 19 37 31 24 6 11
8 35 37 23 21 33 32 8 18 8 37 0 32 10 3 13 18 35 9 38 4 37 1 18 25 10 27 23 15 38
20 29 4 4 1 2 17 26 27 37 30 28 39 16 5 11 21 20 27 29 35 9 30 14 29 27 16 5 22 29
15 34 18 21 3 3 29 12 35 4 6 5 29 6 37 39 15 2 38 30 22 0 4 7 12 10 34 7 26 17
26 38 19 7 36 21 22 12 25 34 21 28 4 34 3 1 7 5 4 13 30 36 11 8 13 6 37 8 21 20
20 29 2 36 13 22 5 39 6 13 33 1 37 38 29 24 16 38 32 1 26 1 38 0 7 9 30 31 23 23
14 6 9 20 33 22 0 36 10 27 35 7 32 14 19 3 10 37 31 19 8 26 1 7 12 31 16 9 27 17
19 31 24 38 25 25 35 36 23 20 15 3 36 35 22 15 18 0 12 21 34 16 6 34 20 30 28 21 1 27
38 9 23 18 31 14 39 16 21 17 14 24 9 5 27 18 12 13 26 15 28 28 8 23 35 11 22 35 16 12
10 19 2 34 24 23 28 6 39 33 30 12 32 23 33 23 16 15 3 17 6 34 0 4 31 8 21 14 37 31
1 11 19 2 34 6 29 6 25 35 22 7 32 14 9 7 30 37 26 39 16 30 20 13 29 28 32 19 33 10
20 30 13 27 29 14 26 7 31 28 34 10 19 39 13 28 29 37 18 20 33 35 10 19 9 36 18 5 9 9
10 28 38 29 35 13 30 14 13 34 23 33 2 24 9 5 8 15 26 18 25 33 28 10 30 22 30 22 14 31
15 14 19 27 22 26 21 10 13 3 36 5 12 0 11 34 22 20 32 35 13 8 35 9 5 14 19 24 31 7
6 17 15 7 26 19 19 4 23 38 36 22 9 20 38 14 32 38 5 18 0 4 10 33 22 12 34 37 13 26
13 9 28 24 23 23 10 31 39 27 30 31 4 2 29 9 34 34 37 8 5 19 32 32 26 1 18 33 25 22
7 30 28 39 22 25 35 2 32 26 8 7 1 1 29 24 20 1 38 18 14 0 11 5 7 6 26 2 32 16
32 16 2 23 21 29 34 2 32 20 8 31 27 0 17 14 36 19 29 5 11 4 38 35 20 7 21 10 35 38
17 31 32 17 1 31 32 31 19 15 0 32 10 3 22 14 19 5 34 18 20 13 31 25 24 2 21 35 27 36
0 33 27 31 23 33 17 17 34 33 37 16 10 23 7 3 13 11 34 27 9 38 17 39 17 13 20 36 17 33
2 7 28 39 11 13 30 2 1 11 38 24 5 14 3 35 27 3 21 3 15 2 16 15 18 24 16 1 24 33
29 0 0 5 19 37 32 15 37 25 5 29 3 39 17 9 2 33 28 30 22 9 15 33 2 16 25 25 8 21
