29 15 23 15 6 37 4
26 25 29 27 38 16 3
33 5 32 30 32 8 31
39 4 2 12 6 18 28
3 12 29 35 11 11 24
0 9 38 19 8 12 9
33 27 11 33 29 0 8
16 6 13 6 30 32 11
21 37 33 35 8 39 2
36 30 1 34 20 28 38
17 20 0 20 35 13 29
36 10 16 24 8 20 26
27 21 15 30 0 24 3
34 8 10 13 7 5 1
15 26 22 10 24 19 15
13 28 24 26 19 36 39
25 11 9 0 7 23 32
38 22 9 16 32 20 38
22 2 26 13 14 25 27
29 7 4 37 24 23 19
22 23 0 6 2 4 35
35 14 2 20 12 14 21
4 1 18 39 2 5 39
4 37 3 33 21 27 31
23 5 19 16 36 1 5
9 10 7 35 23 34 7
12 37 13 34 12 8 5
25 15 0 31 30 27 39
25 30 3 27 37 31 15
38 14 10 25 14 17 28
4 11 16 18 32 28 22
17 35 3 33 17 10 26
1 6 22 20 9 16 7
31 17 18 13 21 28 14
31 21 18 19 2 1 26
17 23 38 30 32 10 1
29 9 36 25 18 34 14
18 7 6 36 11 33 21
22 39 12 3 28 24 37
19 36 34 31 17 34 5
