25 15 2 11 1 37 26 33 5 16 3 7 21 30 28 5 22 36 9 18 14 19 17 17 32 23 35
8 18 11 34 35 1 1 30 0 33 20 20 4 20 7 29 27 14 16 13 2 10 18 18 18 25 5
15 0 20 20 20 7 18 13 28 4 26 22 29 1 32 6 13 26 22 9 30 19 27 6 32 22 7
38 15 37 29 19 9 36 17 21 25 38 36 32 0 31 8 11 16 19 32 12 35 19 30 31 16 6
12 33 32 15 25 32 28 30 36 1 28 15 19 17 13 13 2 24 33 14 19 22 18 23 33 10 11
34 38 27 17 24 18 30 10 20 31 12 39 20 0 32 26 16 21 0 31 13 29 19 35 29 1 27
36 38 16 34 22 10 17 30 7 13 27 18 20 14 2 32 7 27 10 14 10 34 6 6 2 10 3
30 35 26 33 2 21 1 12 30 26 37 33 0 33 6 18 24 25 17 6 8 30 22 29 9 36 2
1 15 34 23 21 25 13 8 8 12 20 3 31 39 29 13 23 7 25 12 36 10 34 39 22 15 27
15 32 39 3 11 12 35 27 15 16 16 33 38 10 26 2 0 11 12 19 7 24 16 25 37 25 21
15 21 26 12 19 5 36 13 39 6 12 1 9 11 18 33 32 6 8 6 36 37 4 17 6 11 38
27 1 35 0 30 31 23 9 29 33 33 37 16 26 3 39 30 35 12 10 32 9 39 20 23 4 10
29 4 32 21 18 16 39 10 17 9 7 23 5 12 12 8 10 27 21 11 32 8 3 26 14 34 9
29 17 15 24 22 17 27 31 8 10 36 4 2 4 6 29 1 8 2 5 38 22 34 29 23 14 36
23 36 35 21 18 39 14 14 28 1 39 26 22 6 4 31 32 39 36 0 12 6 27 21 17 26 13
10 2 9 37 26 8 38 3 4 0 13 16 20 32 31 4 18 9 33 24 39 19 34 31 18 8 24
39 30 30 12 6 35 23 22 32 25 15 11 0 9 1 24 35 9 3 30 5 37 23 9 3 39 29
13 5 18 26 25 37 12 13 27 3 36 31 36 4 20 6 36 7 26 28 0 38 0 10 14 21 28
31 19 1 21 12 14 17 31 5 28 2 15 39 34 34 29 6 7 1 1 4 10 1 0 38 15 26
18 22 3 10 38 21 28 27 24 39 36 4 27 37 15 32 37 34 3 4 22 5 2 0 21 3 9
22 28 23 2 21 2 21 24 1 15 2 1 28 28 5 1 5 17 8 39 6 38 28 23 11 37 24
33 10 18 12 14 20 38 8 33 19 20 26 3 7 25 25 0 33 5 12 25 19 35 14 17 9 39
20 19 29 13 24 16 31 29 6 23 30 28 32 14 2 0 28 2 4 19 13 7 24 8 26 39 2
20 14 35 36 28 11 16 36 8 34 37 12 22 30 38 29 24 33 8 16 4 38 13 20 11 0 24
28 13 22 31 5 35 20 19 36 25 15 32 16 37 4 7 23 33 22 38 9 34 33 15 34 23 20
31 0 25 25 36 4 17 16 37 8 3 35 24 21 21 37 37 7 21 8 29 1 31 37 9 9 32
15 36 10 34 17 0 21 7 28 7 14 11 31 2 28 5 39 35 2 17 9 12 28 34 18 22 14
34 11 32 5 13 27 27 17 38 19 9 19 1 38 33 30 12 6 30 6 34 28 2 14 5 36 8
20 24 35 23 30 4 19 18 20 20 4 29 26 22 14 2 37 26 0 22 27 17 26 20 33 30 17
12 13 3 22 11 22 35 28 1 23 29 29 31 18 38 13 2 8 32 25 5 31 13 7 34 5 16
7 16 16 34 11 38 1 28 35 5 4 7 22 23 6 27 27 16 11 0 33 2 7 37 3 28 35
25 18 34 11 18 24 36 13 22 15 5 17 3 32 8 29 34 26 37 35 33 14 5 15 29 25 3
9 4 27 12 4 16 15 3 24 22 5 31 19 38 2 29 3 6 14 12 10 11 38 37 0 2 25
21 4 21 1 36 11 7 11 37 0 15 7 7 37 27 9 4 21 31 30 24 23 10 4 28 24 35
5 36 27 31 8 26 30 1 6 37 23 39 18 31 18 15 19 27 39 13 12 29 6 8 26 24 24
23 14 11 39 28 7 1 16 24 30 9 37 29 25 16 39 11 26 38 38 31 3 5 21 30 33 0
34 26 6 14 23 25 23 31 3 33 17 4 19 3 24 10 17 13 17 0 38 14 8 10 7 27 13
15 3 17 0 25 35 34 23 11 33 19 7 33 28 24 19 25 31 25 16 38 30 25 32 10 9 20
3 39 15 5 6 30 21 19 27 3 23 27 29 9 32 35 35 20 36 13 23 37 17 24 18 32 10
16 38 9 35 12 14 19 34 10 5 14 15 18 8 35 26 11 20 39 39 14 11 34 8 16 22 21
