9 8 3 17 9 1 1 39 29 2 10 32 37 1 21 9 35 23 29 5 31 35 18 31 36 30
7 32 18 23 6 9 31 14 7 12 8 33 11 37 22 7 2 37 24 1 11 5 36 13 39 15
21 11 16 12 24 16 6 7 35 14 11 8 27 39 25 38 1 28 34 23 28 1 17 39 14 18
33 19 30 33 17 38 19 5 27 13 30 2 7 26 27 27 5 27 10 30 16 14 4 4 35 24
8 10 20 0 21 1 28 10 24 3 6 18 31 18 4 30 29 34 14 10 29 34 22 31 1 35
27 0 7 16 7 7 32 31 33 29 2 19 2 26 20 2 28 11 16 21 24 36 16 15 0 12
24 16 11 25 12 8 21 15 12 28 10 37 30 18 34 13 27 35 15 31 20 26 28 6 11 37
11 21 14 11 3 8 10 28 20 15 25 19 26 18 26 0 24 33 4 23 19 2 23 25 33 29
34 11 36 22 36 2 5 0 18 4 0 37 11 39 0 15 23 3 23 1 32 14 39 18 11 26
11 35 13 10 17 26 18 29 29 19 21 21 7 25 15 10 38 29 13 20 26 1 12 6 19 12
20 30 11 9 3 5 30 34 3 8 20 22 31 3 35 23 28 15 32 14 37 2 10 22 25 37
37 5 38 3 37 33 31 11 0 21 3 38 20 7 31 27 7 19 34 21 13 18 39 9 3 18
27 11 15 33 33 27 33 39 35 25 36 10 13 21 19 28 0 19 3 27 17 28 13 33 7 20
36 31 17 34 1 21 2 5 27 5 27 37 38 6 11 20 38 17 30 9 8 6 25 4 0 33
0 30 7 38 6 4 30 13 4 9 38 4 14 39 28 6 24 23 0 31 5 38 33 33 34 2
8 5 26 39 35 28 9 36 37 25 10 17 37 15 21 9 20 5 31 4 12 1 14 28 1 3
29 6 14 22 0 4 22 4 8 4 12 24 35 20 3 6 25 17 21 1 18 7 24 26 3 38
6 39 27 36 27 38 32 39 35 39 12 14 29 0 17 38 27 34 31 8 26 39 18 15 38 16
19 30 35 10 0 22 3 19 21 36 35 25 18 13 23 34 7 13 27 28 26 11 32 26 4 16
35 16 29 8 3 21 23 18 37 24 33 38 26 16 33 25 6 9 14 5 24 18 25 34 24 30
36 2 13 0 33 13 29 15 16 23 15 24 5 7 27 32 28 15 16 27 28 3 19 16 34 36
6 25 24 4 4 8 22 38 20 32 19 30 3 22 22 22 10 9 2 26 19 16 12 36 23 7
22 7 39 4 1 26 10 35 2 14 24 34 8 1 2 20 16 10 19 12 32 15 8 28 35 10
23 18 9 5 9 17 36 31 4 21 39 21 32 37 36 12 28 31 39 30 22 22 13 34 22 25
32 10 7 32 24 4 21 14 29 35 17 33 13 32 20 17 17 21 20 14 17 39 16 23 5 13
3 32 15 29 17 21 4 16 21 15 22 23 24 25 10 6 21 16 8 20 26 33 6 25 13 17
10 5 4 8 12 11 24 23 17 16 20 18 13 15 16 12 27 30 22 20 20 36 17 15 14 5
22 12 33 14 22 24 9 11 7 18 8 36 20 25 30 22 12 38 16 30 34 6 12 2 11 4
38 35 37 2 9 9 16 6 16 18 5 8 24 6 26 35 5 28 5 31 29 24 1 32 31 35
5 38 6 15 9 16 23 25 35 4 5 35 12 21 26 13 13 33 3 26 33 35 34 13 4 6
0 1 38 9 34 32 25 22 25 8 6 14 1 30 0 38 17 32 25 26 23 23 37 4 8 3
7 2 15 27 28 31 36 21 13 15 37 2 27 37 25 39 38 25 1 2 19 20 10 15 6 28
10 13 2 36 36 12 39 9 36 8 26 14 3 10 28 38 0 29 12 0 28 3 29 26 25 34
14 23 24 8 33 36 10 11 30 9 1 28 33 12 12 31 31 29 23 31 37 10 22 34 17 29
17 9 34 34 12 11 7 19 13 37 0 33 33 12 32 27 7 19 0 7 24 0 36 9 19 34
18 0 27 1 12 39 6 35 23 37 31 5 16 3 6 20 39 31 21 37 30 29 5 6 32 31
26 3 38 19 0 29 10 18 23 39 32 28 19 32 4 9 32 30 26 34 29 29 34 11 17 17
26 30 8 37 22 35 14 15 18 17 20 36 9 39 1 2 34 14 8 22 36 20 11 29 18 19
17 23 20 8 13 32 30 14 5 27 23 39 28 25 29 31 19 32 3 32 7 15 2 1 19 22
27 15 13 39 30 38 14 1 7 30 24 0 2 2 2 24 36 19 1 9 37 11 18 38 14 37
