11 17 23 3 20 22 1 2 12 16 32 11 1 5 26 33 37 33 22 38 29 28 24 19 4 31 27 37 18 20 26 28 15 11 21 4 29 26 35
24 12 6 12 22 16 25 25 11 0 34 33 5 17 12 23 0 30 34 26 33 7 25 16 6 23 8 30 14 21 17 8 39 30 28 29 26 20 35
21 2 2 17 21 2 2 22 24 37 32 0 9 21 22 24 26 8 10 22 23 39 5 12 3 18 38 38 15 32 23 11 27 26 33 11 4 29 27
16 13 30 5 26 0 7 34 39 10 23 30 4 29 20 15 9 33 20 13 28 7 13 38 36 35 11 2 7 11 6 8 36 24 13 33 38 31 15
20 12 10 20 31 13 15 30 33 3 32 7 10 18 17 38 33 4 4 22 0 18 6 24 33 35 9 32 34 17 5 36 0 12 2 33 34 6 10
33 31 27 14 12 8 20 27 3 8 35 27 8 9 28 1 22 37 16 0 7 28 22 2 10 17 10 13 37 37 10 18 28 4 16 30 11 9 12
26 7 15 28 1 15 25 34 17 7 7 33 24 8 10 9 21 21 18 1 4 27 28 3 16 9 31 18 30 26 31 26 33 7 10 21 4 20 33
19 6 14 35 36 34 30 14 3 27 33 8 17 6 16 6 13 23 31 5 4 39 1 20 15 31 3 26 3 16 11 11 23 30 25 29 15 6 12
9 5 31 5 14 5 37 37 16 26 23 7 26 15 35 12 35 11 2 6 20 17 28 38 9 34 32 19 22 1 26 9 35 3 9 9 1 9 22
9 9 31 8 30 34 22 32 5 38 24 2 18 24 14 25 34 3 8 6 35 19 39 22 27 8 31 23 4 6 39 25 8 8 8 5 22 10 28
35 32 37 36 4 26 35 20 22 3 31 13 34 24 19 2 6 18 4 18 5 17 13 5 36 32 32 24 5 30 37 38 11 19 9 26 11 6 4
31 35 29 0 13 15 31 1 32 24 0 12 8 15 35 32 18 3 37 26 28 31 3 7 25 7 12 29 2 19 38 36 0 5 10 34 2 17 10
1 5 4 31 17 1 21 15 0 24 24 1 8 14 11 14 28 19 2 37 19 24 31 38 26 31 24 11 24 32 31 4 39 36 25 14 5 29 7
31 29 36 3 33 11 26 4 17 30 25 39 20 7 21 10 34 27 36 35 38 28 3 3 10 5 36 17 22 37 27 39 16 18 35 3 24 17 34
19 35 7 5 19 20 19 28 26 19 8 29 28 7 19 26 24 19 24 12 34 9 29 12 31 27 33 39 1 16 35 15 36 21 19 15 12 21 22
34 6 18 39 16 6 11 4 36 19 12 8 35 28 30 26 11 3 21 18 25 7 32 36 25 19 18 16 37 36 22 14 2 0 7 39 14 3 29
32 31 33 3 38 15 17 29 1 8 32 0 33 7 5 24 38 33 34 25 35 1 19 34 35 28 20 15 36 7 13 14 26 6 39 5 26 28 39
27 23 2 25 12 0 16 13 18 6 7 1 39 25 8 27 4 32 38 38 5 10 13 20 18 35 23 22 31 29 4 1 18 30 32 13 11 31 23
15 31 30 27 17 19 9 39 10 15 10 25 4 11 39 6 38 2 29 25 4 18 18 32 17 15 0 13 36 22 23 17 6 5 35 32 27 32 21
14 7 14 38 14 14 14 15 20 18 14 27 37 10 20 20 28 9 30 38 12 12 16 8 38 21 0 15 29 32 23 11 14 39 33 10 37 19 19
4 28 14 5 32 20 20 4 20 20 10 38 20 20 0 27 19 36 13 19 3 19 8 7 3 23 27 17 16 24 35 0 30 34 33 37 34 1 6
34 2 23 25 2 22 38 29 38 12 2 27 13 30 35 37 26 15 31 39 30 6 28 6 39 38 19 33 25 25 1 14 27 0 18 22 33 6 14
27 21 1 2 10 0 9 24 37 22 22 23 2 5 27 29 2 0 5 34 27 9 25 8 4 27 13 31 17 39 18 39 15 24 24 9 8 21 14
17 32 24 21 0 28 30 27 30 8 22 39 28 1 3 7 37 37 34 28 2 37 20 32 1 38 33 17 24 9 19 18 26 2 28 7 25 24 17
29 1 23 39 25 2 28 22 14 9 37 11 12 12 14 9 10 2 6 16 0 26 35 12 20 4 10 23 3 22 12 32 12 37 23 34 22 37 13
38 29 21 17 35 24 1 1 6 28 13 35 33 17 9 25 25 37 27 1 15 18 16 15 22 18 21 21 38 11 32 28 9 39 7 23 12 37 26
6 38 33 14 3 10 13 39 34 14 8 8 30 0 15 1 34 37 2 38 21 24 7 11 12 8 35 16 23 0 30 6 2 6 16 1 10 25 0
17 5 35 22 5 5 30 20 39 23 7 18 21 22 27 27 19 38 13 36 25 17 31 20 14 22 35 22 6 9 0 13 36 2 34 21 18 34 2
20 29 14 6 24 23 14 37 32 38 25 5 23 15 5 23 19 8 30 0 13 3 12 21 11 16 6 38 36 36 25 23 0 5 1 39 16 9 30
24 13 25 11 31 28 37 38 14 16 31 21 39 30 29 29 35 14 3 22 0 18 36 19 17 33 35 11 7 29 29 35 1 32 0 2 39 12 15
34 3 7 9 18 23 27 36 23 13 35 29 26 4 39 21 32 1 3 15 28 39 19 33 21 37 36 1 10 26 20 17 7 6 1 5 31 32 28
9 5 37 11 13 16 29 12 18 8 4 36 29 11 36 10 7 21 27 14 7 12 37 0 22 11 32 9 17 34 6 12 6 12 33 30 3 17 33
10 23 16 20 38 28 9 16 37 2 11 0 30 4 32 32 11 35 36 15 17 8 36 23 10 10 18 19 31 4 25 2 24 12 17 18 29 18 30
39 5 16 26 13 7 1 16 25 6 4 0 38 1 0 16 3 30 38 4 21 14 4 23 29 34 37 34 2 20 3 31 6 19 38 21 4 31 6
30 21 15 7 34 34 26 9 6 1 3 14 10 13 1 26 23 9 8 16 22 34 34 39 16 31 39 33 39 4 33 27 20 24 20 11 4 13 27
10 14 11 27 7 25 39 5 10 37 30 25 8 29 15 8 21 11 13 9 32 16 24 27 3 16 17 8 26 20 4 13 29 14 18 29 36 1 0
13 37 10 7 36 36 31 36 36 15 30 31 20 13 27 32 15 3 32 10 13 30 29 16 15 3 28 18 28 27 14 36 36 11 4 12 35 36 36
31 10 36 29 2 35 28 8 8 22 24 32 5 19 23 26 23 0 38 21 25 23 12 30 11 39 31 5 13 0 15 5 33 24 10 20 24 19 25
25 19 26 16 29 21 20 32 28 9 21 27 33 26 37 16 0 13 8 17 19 17 18 33 4 3 21 19 12 2 23 2 28 25 11 10 33 3 39
33 24 15 35 26 27 29 23 13 17 18 3 30 7 30 21 2 18 9 21 34 37 14 22 13 34 34 22 9 16 25 1 28 12 19 15 29 16 38
