31 18 16 0 19
36 22 30 21 20
24 8 12 2 37
21 27 31 17 23
7 11 30 7 26
32 20 6 20 34
17 4 32 10 24
39 13 27 27 25
10 16 24 0 9
22 22 4 37 38
34 29 36 34 12
39 33 22 29 13
39 7 5 35 35
23 14 26 5 35
25 38 20 15 13
6 33 33 28 39
29 21 25 0 13
31 12 10 9 11
38 23 36 19 3
1 35 28 1 23
27 30 24 1 38
29 9 14 28 37
30 7 0 18 4
2 34 12 37 5
13 10 9 4 8
11 36 37 33 2
3 17 8 31 2
20 15 15 32 0
28 26 11 26 36
27 21 8 1 9
2 35 19 39 34
31 18 1 11 10
15 28 5 29 7
3 32 25 5 3
24 19 21 12 14
6 6 26 16 18
18 23 16 33 25
19 14 3 6 17
38 32 17 8 14
15 4 22 16 30
