6 31 2 29 13 0
11 30 39 20 9 15
35 6 27 1 39 17
23 24 34 19 23 8
14 18 39 1 17 5
25 18 15 33 33 32
29 29 38 30 10 7
18 18 15 35 29 27
32 7 10 12 37 15
16 2 24 31 14 6
10 7 3 32 7 30
31 16 13 4 2 7
1 30 0 2 14 4
38 25 36 6 14 39
20 29 6 35 33 5
17 22 10 0 30 33
3 26 2 24 3 39
27 28 4 9 11 1
27 15 31 38 26 19
31 9 12 1 19 37
34 21 34 31 24 33
22 15 35 17 37 21
10 23 28 14 18 20
39 16 6 13 28 28
5 16 23 9 0 12
9 35 25 3 8 13
33 4 19 19 32 26
29 38 25 4 25 14
11 11 21 23 11 36
17 1 0 37 2 26
12 20 9 34 3 36
22 28 37 17 36 5
20 20 34 24 34 21
16 32 37 22 36 35
21 19 0 8 22 13
3 13 38 22 28 8
5 23 36 12 27 4
26 10 8 8 11 24
7 26 38 16 32 5
27 12 18 25 21 30
