18 17 28 2 5 26 24 28 3 24 7 0 24 30 6 19 16
12 23 16 34 1 2 19 1 34 6 3 13 39 1 11 39 31
18 14 12 10 22 23 10 9 19 4 3 1 8 32 30 22 35
33 12 39 8 28 30 31 15 3 21 14 28 34 37 35 36 2
38 27 20 32 18 36 30 20 20 19 32 10 15 30 25 38 6
11 26 14 22 39 18 11 27 11 2 1 1 27 33 7 32 19
36 17 7 18 33 35 17 38 15 12 32 12 26 28 31 10 8
27 38 1 29 21 37 33 8 16 18 29 28 28 37 9 3 2
7 32 0 27 14 16 33 28 17 16 33 0 25 11 7 8 0
26 22 25 2 23 15 5 29 8 34 5 1 14 33 37 38 33
20 24 10 8 36 35 16 23 31 22 35 20 10 19 8 15 21
21 9 34 38 9 29 27 4 8 39 25 18 23 27 28 1 3
20 15 27 32 21 0 23 35 0 7 15 14 9 35 21 1 0
36 5 26 28 39 13 23 24 30 10 28 38 5 5 29 2 32
22 27 23 35 6 37 5 22 7 12 28 26 23 18 1 19 17
31 14 20 16 30 22 13 28 33 39 4 7 36 21 0 30 29
23 32 29 25 7 0 13 22 2 32 29 8 25 30 10 16 15
5 27 17 4 31 7 33 12 19 9 34 37 14 32 32 5 38
9 13 14 37 29 33 2 14 14 14 2 16 10 26 16 11 23
6 21 6 34 33 24 11 0 12 10 37 34 35 29 18 37 2
36 19 11 25 18 17 17 2 37 1 25 0 16 21 4 29 8
7 39 23 29 12 14 18 35 35 7 36 26 34 26 36 18 31
34 25 24 13 38 38 5 22 26 4 12 31 24 6 12 4 6
17 27 21 35 25 34 38 36 10 5 3 9 25 32 39 31 13
3 26 36 17 22 6 3 31 30 34 20 6 36 26 16 30 29
32 19 28 0 2 33 31 11 27 32 23 1 31 30 37 23 39
33 38 13 25 38 22 37 5 13 4 0 15 19 36 5 19 0
19 3 8 22 35 17 27 37 30 34 18 13 28 38 17 39 24
35 1 30 24 20 31 10 35 7 5 2 10 8 21 9 11 6
36 17 12 0 21 11 17 12 36 17 15 39 8 11 30 20 9
4 15 5 21 25 9 36 6 6 34 5 24 12 5 1 16 16
18 13 6 18 9 9 8 7 26 1 22 10 33 34 25 10 20
14 12 9 20 24 25 39 28 37 12 13 9 23 27 2 38 39
39 33 3 12 24 24 4 29 37 29 14 3 4 13 6 3 26
13 23 25 15 35 11 22 17 6 15 27 30 10 7 8 9 38
27 19 39 36 24 21 26 15 20 3 31 4 15 19 21 3 34
16 26 24 14 31 4 20 16 8 37 11 1 7 7 14 3 23
4 9 11 31 29 32 19 0 24 22 2 18 35 39 4 21 3
22 13 13 0 29 33 13 21 38 4 34 19 4 20 18 28 10
15 30 32 26 25 27 16 20 15 31 6 11 11 37 17 20 2
