20 4 8 3 24 15 27 24 27 24 14 16 3
10 6 34 11 19 2 26 6 4 13 7 4 9
29 1 13 3 24 17 25 14 31 19 24 8 7
10 3 37 5 28 24 33 8 1 13 33 39 3
0 10 36 10 37 23 18 22 15 35 20 17 28
31 21 25 8 22 25 17 32 9 36 22 36 32
39 35 30 5 9 2 38 10 20 7 28 25 26
33 25 2 1 11 38 13 10 32 36 34 14 5
17 31 16 36 9 1 11 37 23 0 6 9 14
37 31 38 15 25 38 5 38 17 0 29 20 31
13 19 20 17 25 32 14 34 37 15 34 0 11
34 23 27 29 33 39 35 3 33 26 30 4 11
28 37 34 22 14 23 27 0 21 19 17 1 24
39 32 5 9 5 23 30 39 35 22 37 19 27
3 7 30 28 18 0 36 3 32 33 36 28 38
12 15 36 11 29 34 5 21 21 36 8 26 39
15 5 35 5 39 26 17 4 23 30 35 26 37
22 8 0 9 10 7 5 29 2 12 18 18 18
26 14 37 9 20 39 3 3 21 9 32 24 37
0 24 20 39 10 12 28 16 13 21 39 29 38
12 19 22 32 8 38 12 20 9 16 11 11 11
39 15 13 6 37 2 11 14 1 15 33 3 36
17 0 19 27 12 34 12 32 36 21 35 18 11
8 33 34 6 20 6 28 13 29 18 6 0 6
17 16 19 19 6 8 10 28 16 38 23 34 15
28 22 18 14 27 31 23 2 10 13 26 19 23
31 25 14 12 38 29 7 23 20 33 10 12 27
16 26 30 4 30 32 13 37 36 28 20 22 27
9 6 22 22 35 21 30 16 26 8 25 2 14
27 18 17 29 1 12 5 28 15 21 8 13 9
28 2 15 26 11 0 12 32 17 0 26 0 26
6 18 21 30 30 7 30 24 4 1 20 31 3
10 1 29 16 10 38 7 31 36 22 5 33 24
29 31 34 3 2 16 25 2 8 34 7 12 18
18 25 5 35 35 21 34 13 4 39 1 27 35
7 30 33 37 4 6 31 27 32 38 11 7 1
19 25 7 12 13 39 38 4 16 23 9 21 1
33 4 20 35 1 23 31 14 2 18 25 24 19
2 19 21 15 33 15 24 16 23 17 7 22 27
2 6 29 14 31 4 8 4 32 35 30 16 29
