3 39 12 14 14 21
3 23 4 34 16 33
4 38 1 6 38 35
8 8 12 18 21 18
24 19 1 17 24 33
15 5 10 2 19 22
27 24 26 11 27 8
1 36 29 10 16 19
19 5 38 7 28 5
28 11 8 23 23 25
5 38 22 32 27 20
35 29 14 11 3 4
31 27 20 34 35 23
19 16 13 21 2 13
24 0 11 21 32 34
15 28 24 33 15 30
34 37 37 30 29 0
26 19 11 30 39 18
10 2 28 25 12 13
31 21 17 29 17 7
2 11 1 9 20 18
15 24 31 22 14 31
1 15 13 37 4 15
6 30 18 31 34 21
36 9 0 32 9 35
30 6 28 7 3 13
20 3 4 38 7 2
6 4 8 13 27 33
37 37 30 36 2 10
39 26 31 26 0 36
10 26 39 22 16 23
36 18 14 16 6 25
29 17 35 16 17 14
7 25 29 25 1 32
12 34 5 33 9 9
12 23 0 0 3 9
32 17 38 22 33 20
37 39 5 35 22 25
20 27 7 32 8 28
6 10 39 12 36 26
