34 39 25 16 28 0 36 0 6 7 14
21 16 8 21 33 20 28 9 28 1 38
8 34 17 30 1 0 19 32 12 26 18
28 36 26 39 28 31 21 4 8 22 1
30 19 18 34 0 33 35 20 8 23 12
19 17 14 14 23 29 1 24 9 34 24
21 4 38 2 9 39 36 29 22 22 23
8 20 13 11 36 19 11 27 31 32 2
7 27 24 10 28 10 7 24 22 36 38
7 5 14 17 29 39 19 7 14 24 13
8 19 6 31 6 0 26 16 5 26 25
8 36 32 32 26 12 6 3 30 0 35
4 12 10 26 39 31 26 30 0 2 26
39 35 15 15 27 33 0 13 35 23 14
31 34 16 30 33 20 28 19 2 10 6
25 26 35 11 9 35 13 37 12 1 35
5 4 23 5 22 16 2 37 17 5 11
31 20 27 28 33 12 37 5 31 18 21
11 20 37 36 13 25 31 1 1 13 0
25 3 20 28 24 34 30 15 11 1 9
1 18 4 12 33 12 23 18 33 38 18
6 11 38 27 25 3 22 32 22 23 32
3 1 22 34 7 2 31 27 5 24 29
37 4 27 3 27 10 29 30 15 9 16
25 0 16 14 36 17 29 11 14 25 24
3 13 37 13 39 3 30 17 37 30 17
13 29 18 19 38 20 10 27 24 24 38
34 9 13 6 32 33 36 6 20 7 16
14 38 25 31 37 10 15 13 21 29 27
23 21 5 37 7 11 32 17 10 22 26
2 12 0 15 29 4 31 22 17 4 29
16 5 5 8 9 11 1 14 4 16 9
2 29 6 27 18 23 32 25 23 36 39
24 34 21 33 38 11 9 19 33 7 33
28 25 37 15 12 39 14 18 34 38 21
15 28 18 26 12 4 10 30 15 15 7
35 19 5 35 15 8 35 18 4 10 38
3 6 32 8 3 20 16 22 17 17 3
2 20 39 21 3 2 10 35 37 21 30
8 39 36 6 32 2 19 7 9 34 23
