21 15 13 27 36 34 2 37 4 20 5 20 35 1
30 38 33 7 1 1 17 7 3 6 12 20 8 2
21 22 33 7 8 12 2 26 21 25 10 38 38 3
3 18 19 13 6 36 21 29 27 24 12 10 14 9
8 38 25 29 19 27 25 8 17 13 2 33 7 4
24 21 6 31 13 2 4 8 22 39 0 35 39 5
14 28 38 36 28 16 23 11 19 30 24 26 38 39
27 9 22 34 19 32 24 26 10 14 23 22 32 6
39 33 3 21 8 27 34 0 37 32 18 11 17 8
31 24 5 23 25 26 16 20 17 34 18 39 6 23
0 15 27 26 1 22 25 36 5 18 18 11 19 3
17 2 10 19 11 38 5 9 10 4 10 28 26 1
12 4 29 24 17 22 26 8 28 16 39 15 18 32
25 18 29 35 6 27 7 31 7 14 11 39 15 6
27 27 19 39 18 12 1 34 18 28 27 15 19 4
17 16 14 13 0 34 16 38 16 1 13 35 30 34
23 38 22 21 35 38 21 27 13 35 32 16 30 38
16 34 29 33 7 0 3 12 37 25 27 29 30 20
19 37 25 36 25 6 38 28 8 22 36 39 33 20
7 24 38 7 23 24 3 23 23 31 17 36 7 33
3 3 9 18 0 37 12 0 16 32 9 23 5 38
36 1 6 20 12 13 32 15 36 17 27 7 14 35
22 30 8 31 32 13 21 4 0 2 29 1 0 15
9 31 23 8 24 35 31 0 0 29 17 32 30 15
5 13 21 14 22 30 20 6 20 16 28 26 33 15
17 2 10 2 25 23 33 31 5 8 19 1 3 37
18 11 26 3 10 10 4 37 17 6 26 32 36 12
3 17 5 30 26 31 3 23 10 33 1 23 37 31
9 36 34 8 16 22 29 17 28 39 12 9 4 10
39 39 21 11 9 18 14 19 30 33 37 18 29 25
15 2 35 11 0 11 34 24 28 15 33 25 5 32
22 39 3 15 2 20 35 36 9 37 21 32 22 24
2 15 25 5 39 28 30 33 0 7 4 37 31 14
4 32 11 18 30 1 0 24 1 29 8 14 37 19
12 11 12 34 24 13 21 19 12 9 30 20 36 20
5 2 14 10 37 5 4 24 28 5 6 29 20 35
12 11 35 25 36 29 10 7 13 22 9 16 11 35
28 23 31 34 37 1 28 34 9 4 11 9 7 19
34 31 29 28 13 2 26 30 35 20 14 16 13 27
10 26 14 6 6 31 16 14 15 32 26 33 4 21
