14 36 31 26 33 18 2 19 13 21 38 25 18 33 27 1 25 28 4 15 13 31 26 6 18 3
24 15 24 5 23 25 13 26 2 26 34 23 36 0 15 21 17 35 37 33 26 19 8 13 2 13
13 31 15 7 13 9 38 29 28 17 15 22 24 18 11 9 38 0 38 5 36 18 20 9 13 32
0 30 9 38 1 11 19 4 7 2 12 4 37 30 25 23 10 35 6 12 19 23 0 35 39 29
27 7 9 36 19 20 19 8 0 1 11 20 20 13 16 5 6 27 12 19 14 26 32 37 24 16
37 1 28 30 10 11 31 6 22 36 17 31 3 8 24 32 37 33 6 38 34 13 4 3 5 39
31 29 17 8 10 6 10 18 25 34 21 26 10 29 28 14 3 19 35 5 34 22 37 29 36 34
24 13 32 7 17 7 32 17 31 19 34 1 29 20 32 3 9 38 9 28 17 27 9 38 12 15
6 16 26 6 30 34 17 32 11 24 1 14 15 3 12 3 27 35 33 2 33 30 11 13 36 20
16 26 38 22 30 35 12 16 38 18 10 3 33 28 3 35 34 21 5 2 31 25 11 33 30 32
7 38 16 14 15 13 28 32 29 8 28 9 32 23 23 10 13 33 32 20 12 2 9 24 7 23
10 8 13 37 39 19 9 1 20 22 19 34 30 33 23 36 35 27 19 39 15 36 38 24 19 3
29 20 9 25 31 36 39 4 30 23 25 15 11 5 4 30 12 9 17 10 28 13 38 3 24 39
23 3 11 18 21 30 8 6 18 8 18 11 22 31 29 17 23 3 0 15 23 21 15 23 2 38
33 33 35 34 34 5 19 26 9 1 35 7 8 0 5 14 32 12 21 29 9 36 8 12 17 4
29 39 37 22 33 8 10 10 9 11 14 37 25 2 18 16 17 20 14 11 24 1 20 2 24 32
14 29 5 19 25 35 22 21 27 22 38 34 16 4 28 10 34 1 36 8 12 35 0 16 29 32
1 4 14 5 20 11 32 25 26 22 8 27 5 19 10 27 2 24 9 29 39 38 6 4 7 14
36 37 16 26 33 38 37 27 28 2 13 6 36 14 11 10 10 3 4 4 30 22 22 36 8 3
23 7 10 17 26 2 4 25 21 18 30 39 1 15 19 29 1 39 36 16 13 8 34 21 3 23
20 19 7 5 31 33 37 6 7 6 21 31 1 28 0 10 25 8 3 4 30 35 2 35 31 10
0 9 18 12 8 1 4 39 29 37 34 11 37 8 13 21 14 38 28 5 16 22 34 39 24 14
21 28 39 10 17 28 33 1 6 38 36 30 39 22 39 15 0 14 19 36 19 0 1 10 0 11
33 27 8 38 18 37 16 19 34 7 30 8 27 11 32 38 5 33 11 35 16 4 25 23 5 22
5 14 28 37 31 17 23 17 34 21 0 13 25 29 0 28 37 33 1 36 27 0 11 5 32 10
27 4 12 22 39 27 2 17 20 22 12 39 27 7 27 9 31 11 31 23 6 31 7 27 21 29
4 17 18 14 5 22 26 1 2 12 37 25 18 14 22 24 7 29 26 8 4 7 22 8 20 8
11 21 20 5 9 15 27 20 39 24 31 3 37 33 32 25 15 5 15 11 31 2 24 26 6 12
34 33 1 21 2 21 0 14 3 30 27 3 30 33 32 12 11 7 30 16 33 4 16 32 4 19
2 26 28 10 20 26 28 23 36 21 36 38 37 17 14 33 32 38 38 13 14 19 18 18 12 27
36 31 2 15 37 12 24 23 5 26 31 15 16 25 29 7 3 0 28 12 21 26 12 6 12 16
4 15 13 28 12 16 10 21 0 25 5 34 13 27 1 30 21 15 5 32 6 9 37 14 3 14
18 35 39 15 9 18 16 27 26 17 2 6 27 21 18 25 29 21 10 36 6 37 1 29 35 16
30 17 13 33 2 18 24 17 35 22 14 37 19 38 39 0 22 7 34 16 26 34 39 28 9 25
30 38 14 8 6 30 20 12 0 23 7 30 29 31 1 39 4 24 39 20 17 3 3 11 6 24
1 17 0 34 15 21 36 23 6 4 35 11 2 20 32 35 12 28 10 1 35 25 39 2 28 24
0 5 13 20 10 2 22 36 4 30 14 25 35 35 16 7 31 7 29 27 16 33 34 12 13 32
24 0 22 31 15 7 20 0 16 18 24 7 31 29 0 18 36 39 16 4 23 35 26 17 5 23
19 37 22 35 18 24 25 32 11 9 35 20 3 8 6 25 18 31 32 28 23 26 37 23 15 27
34 3 30 7 24 8 15 2 22 20 19 9 17 20 21 6 6 28 34 1 9 39 26 26 25 29
