34 4 37 13 16
32 18 32 25 15
2 27 29 4 19
3 28 15 22 35
16 34 35 17 36
24 21 26 23 22
9 31 12 28 38
20 28 22 27 17
0 31 24 4 21
18 25 0 15 2
28 4 16 36 21
39 7 14 26 0
8 29 18 4 1
14 33 21 39 0
10 16 12 19 11
35 33 2 30 32
11 17 20 39 20
27 8 35 31 12
9 38 31 30 39
29 29 30 36 33
23 38 19 3 36
6 20 3 3 38
25 2 9 39 33
20 8 6 32 13
12 10 36 32 12
30 5 37 31 26
37 6 33 2 9
23 17 0 27 25
28 30 14 15 14
24 13 10 29 13
6 7 7 23 15
19 11 5 38 14
21 23 24 22 11
8 34 1 17 18
19 37 22 37 5
18 10 26 8 10
1 27 25 1 26
1 34 16 5 3
5 9 7 24 11
6 34 13 35 7
