5 6 19 11 25 8 31 30 34 8 0 5 3 25 37 6 9
22 0 25 34 32 12 25 8 28 24 31 16 18 14 35 28 2
20 11 1 36 9 35 4 20 2 23 12 13 21 34 14 7 13
39 10 20 25 28 1 15 23 9 26 4 10 10 39 38 25 16
35 12 39 8 32 16 23 37 21 21 6 1 5 15 18 32 2
33 5 30 18 5 10 33 28 39 4 30 32 16 5 5 30 20
31 16 15 14 12 35 11 14 33 0 38 33 11 17 8 18 34
0 2 34 26 38 37 39 13 32 31 31 4 32 23 32 15 37
34 36 28 14 26 38 8 38 0 17 21 6 13 18 13 11 15
22 39 28 2 0 23 5 15 5 27 36 20 31 11 12 38 0
35 6 26 3 13 31 18 16 28 30 0 3 31 21 17 20 1
13 36 19 22 18 24 17 1 11 10 17 19 37 39 16 11 37
14 28 36 21 16 36 16 8 22 38 10 32 19 26 17 30 31
13 7 33 1 3 7 38 2 16 31 31 29 4 17 28 30 32
24 27 27 3 25 10 2 5 32 4 0 24 22 26 9 12 6
7 0 23 2 30 23 1 2 38 34 8 10 21 30 33 22 33
18 6 10 3 12 17 27 14 36 21 8 0 19 11 27 11 12
37 24 17 33 5 33 39 7 23 1 33 15 18 13 21 2 35
21 9 15 17 4 37 10 17 24 27 0 26 7 18 27 34 15
27 24 0 36 16 1 37 26 39 24 23 17 19 26 2 21 35
25 24 19 17 9 34 13 3 33 35 14 39 1 23 0 34 34
24 9 20 22 25 9 4 28 6 30 14 37 23 11 31 18 3
36 3 3 3 9 32 4 7 26 10 6 22 24 6 29 14 27
32 26 3 19 38 10 36 31 35 18 2 6 24 21 15 29 20
24 29 8 38 16 18 34 20 18 39 30 15 10 35 27 28 5
20 30 13 19 31 33 22 14 39 10 2 22 11 19 39 29 15
39 23 8 36 20 38 33 10 24 31 32 12 37 27 6 9 16
14 34 25 29 11 32 5 13 37 21 7 31 34 22 7 9 30
8 21 29 12 28 36 7 26 2 27 22 28 34 5 32 5 33
4 10 9 3 35 26 15 13 20 39 19 23 11 29 15 12 37
12 20 35 8 31 27 28 26 3 30 16 38 19 23 38 1 5
2 16 37 6 7 18 9 18 20 7 17 0 28 22 9 6 14
4 11 34 14 30 37 3 7 7 27 1 23 7 9 21 29 36
36 21 16 6 32 25 0 21 36 12 33 15 16 26 27 8 24
12 0 5 7 4 35 1 1 25 13 25 27 14 35 36 29 22
30 8 14 29 7 26 39 15 22 25 12 38 32 20 30 13 12
29 22 33 9 19 26 34 39 3 4 4 2 29 35 20 14 13
4 29 17 11 37 1 25 8 6 1 38 12 22 28 24 28 17
17 23 19 19 20 35 2 19 29 6 13 4 4 29 29 8 11
19 3 9 18 23 25 27 15 1 35 24 37 25 10 36 38 33
