6 20 23 16 18 26
7 30 5 13 5 17
37 28 35 36 34 4
24 7 39 23 32 6
37 11 29 17 8 2
12 1 36 1 7 13
22 39 0 13 7 3
3 1 9 11 6 5
18 18 25 23 15 4
31 34 7 34 13 33
13 20 31 38 23 27
20 27 7 4 15 13
5 35 28 26 14 29
10 9 1 6 11 5
24 35 12 14 14 26
15 15 37 32 11 8
31 39 22 0 25 17
36 35 4 1 36 16
8 39 26 19 8 0
18 20 35 25 30 21
30 19 11 29 0 10
34 27 34 38 23 19
6 33 37 38 16 39
3 8 0 30 10 21
3 14 24 24 25 29
33 24 8 19 16 29
18 27 12 30 14 0
26 21 11 37 10 31
38 12 2 32 39 31
31 20 4 24 12 25
1 20 26 36 23 19
9 16 29 10 28 27
33 38 28 33 15 3
25 22 32 34 32 9
21 9 9 21 33 2
12 14 17 19 2 38
37 17 5 30 2 17
36 2 4 22 15 27
28 32 22 35 10 21
18 6 3 16 28 22
