0 7 31 29 18 4 9 24 21 2 32 34 23 18 5 24 22 25 24 29 28 34 22 2 25 37 17
32 30 12 22 4 15 3 11 17 33 27 34 24 20 22 39 7 38 34 18 4 19 14 6 36 19 22
20 28 23 0 28 34 38 1 7 21 30 25 27 3 0 28 17 9 39 1 23 5 14 14 3 31 8
27 3 30 36 3 38 7 39 19 15 28 4 7 20 30 14 33 12 32 23 36 37 11 9 30 12 32
28 6 12 39 29 39 9 14 15 35 23 29 36 26 26 10 26 16 17 35 2 13 29 37 5 35 31
39 35 2 38 14 0 2 31 33 18 3 8 4 17 4 2 24 26 29 3 1 7 26 21 36 5 20
25 22 30 19 16 15 37 10 24 15 24 34 21 3 6 31 13 30 9 37 15 10 34 13 19 20 35
18 30 24 15 17 15 18 38 16 1 24 34 25 38 26 14 21 28 10 24 16 22 2 9 18 31 23
25 19 33 13 14 20 11 30 9 35 30 16 17 5 14 15 17 30 21 25 35 5 36 16 36 13 24
31 4 3 20 4 17 7 23 25 1 22 15 5 30 29 22 7 13 26 8 8 1 0 24 11 6 11
7 25 33 33 6 38 1 26 21 5 9 2 25 21 4 38 0 22 4 34 2 38 15 15 39 38 38
29 29 25 35 33 5 3 10 34 33 3 36 31 7 33 28 39 13 37 23 19 27 14 35 27 25 19
39 37 1 21 1 34 22 25 8 9 24 36 23 28 22 12 28 37 36 5 35 39 29 26 7 31 3
13 5 1 3 39 24 11 30 34 25 13 26 17 20 19 34 36 36 10 21 23 33 30 13 12 38 38
32 23 33 38 4 15 18 20 12 36 24 0 10 30 16 37 0 7 11 30 14 30 31 24 34 29 12
30 22 32 39 24 6 32 26 7 5 8 2 29 21 12 3 10 38 6 0 11 13 34 30 16 21 28
15 11 1 16 0 12 36 24 2 21 0 2 5 16 32 6 11 31 21 29 22 29 0 29 25 4 34
9 9 16 29 9 1 12 10 1 31 16 13 19 39 18 17 6 16 14 21 4 32 19 17 21 18 3
34 19 11 36 19 18 1 26 12 34 32 11 33 27 16 10 17 22 33 0 13 16 27 28 37 36 33
20 21 28 25 17 29 33 35 19 6 33 27 39 15 33 27 23 6 7 9 17 3 20 22 18 27 9
10 7 18 25 2 17 38 1 10 19 12 22 14 27 7 3 23 2 11 18 2 7 10 35 7 30 4
0 0 16 18 15 35 12 5 1 26 35 17 27 16 21 8 8 11 0 26 10 15 23 20 35 8 11
0 13 7 21 28 25 32 0 30 5 31 37 26 37 24 26 7 7 17 16 18 35 12 12 39 15 2
34 19 20 39 13 19 27 2 13 20 15 26 20 27 39 5 9 26 16 37 33 36 39 37 6 26 34
18 39 32 24 20 27 2 3 9 4 19 37 5 1 33 31 10 5 33 1 8 8 32 28 39 33 14
32 8 16 35 23 23 25 36 9 37 23 6 11 8 29 17 5 35 15 1 11 2 24 3 11 38 19
39 31 29 6 8 28 28 17 15 32 1 3 35 9 2 16 23 18 16 8 13 37 4 5 21 37 32
37 34 35 33 31 10 24 17 34 2 35 23 3 16 27 16 13 14 0 39 13 26 22 29 39 19 39
5 4 38 33 8 20 35 8 14 0 18 3 23 22 31 19 14 6 34 30 2 39 37 23 20 34 5
4 24 4 37 31 6 6 8 20 28 15 35 8 0 19 24 5 27 26 4 38 21 0 27 21 9 6
10 12 8 13 2 10 32 32 23 9 37 10 15 18 29 26 32 33 14 29 4 14 6 5 36 7 23
21 28 14 8 38 29 35 2 15 38 19 31 22 22 18 8 32 8 12 3 10 1 14 17 21 25 33
13 1 8 39 28 28 36 23 24 7 36 6 32 20 25 26 17 37 22 4 36 16 0 32 3 7 16
22 25 4 18 37 22 11 35 19 11 25 1 12 28 30 27 38 29 2 34 24 20 28 12 25 27 22
6 10 11 38 14 24 36 29 8 38 32 6 27 28 26 30 17 4 34 39 12 26 26 26 27 30 20
9 5 30 13 10 6 21 20 13 5 19 6 17 38 10 22 25 38 2 1 38 19 6 9 3 33 13
0 27 19 21 0 37 36 32 12 17 12 7 9 12 31 32 15 18 28 3 12 1 11 16 11 4 0
22 27 14 28 10 11 6 36 14 9 29 31 4 30 35 8 23 0 18 12 15 37 14 31 23 32 36
13 27 1 10 31 11 14 7 15 7 31 32 4 8 6 29 18 27 31 13 1 33 31 25 18 31 37
27 20 10 2 13 3 5 35 28 11 12 9 9 36 18 9 34 25 10 20 17 23 20 11 20 14 21
