35 8 3 21 13 2 29 14 6 10 16 7 36 20 6 30 0 27
6 32 39 25 10 29 15 5 24 13 11 19 13 11 17 25 5 8
10 33 5 19 13 4 13 14 1 39 39 37 2 30 25 1 8 16
31 39 10 17 11 14 36 16 32 8 3 10 26 37 23 14 4 26
19 2 8 33 33 15 15 6 15 37 21 5 36 25 35 28 26 33
26 10 26 6 3 31 8 20 8 37 1 28 22 35 6 38 1 35
30 21 7 37 23 12 19 8 27 35 20 32 7 27 7 38 37 29
27 16 19 22 38 3 28 38 14 16 20 35 7 7 34 29 26 3
26 12 9 35 16 9 5 19 20 34 19 9 9 6 14 4 3 17
30 10 20 39 17 39 8 4 4 30 39 30 3 12 4 33 5 26
24 25 23 26 33 20 14 6 32 16 5 32 38 18 7 3 28 7
0 9 26 32 12 36 29 6 28 10 19 2 36 15 14 27 12 9
35 33 12 1 3 15 27 14 3 18 10 29 29 2 39 10 1 13
30 16 33 26 27 2 19 16 23 9 5 4 23 8 18 17 38 27
4 7 24 23 13 15 17 9 20 13 12 10 23 24 11 33 38 32
12 38 7 2 21 22 11 19 3 1 6 4 6 3 20 23 22 11
27 13 20 0 2 0 3 8 19 7 39 28 38 37 19 34 24 1
16 34 26 7 21 37 38 35 25 7 34 36 24 7 18 8 11 31
0 35 37 0 17 15 17 21 5 20 18 4 16 12 2 30 10 23
20 15 17 22 9 34 24 30 12 14 2 0 33 32 19 25 9 14
31 13 1 17 30 18 36 12 31 13 16 18 4 2 19 13 2 18
9 8 25 11 31 21 0 31 25 14 28 24 38 22 29 22 29 31
18 25 5 33 28 2 34 32 25 2 21 9 22 35 23 31 14 37
29 20 15 35 6 28 21 28 37 34 36 20 30 20 26 1 16 32
8 22 11 1 21 26 27 5 17 39 33 25 1 6 25 8 15 3
6 0 21 16 32 22 6 7 6 12 38 36 16 19 24 16 23 32
31 9 22 38 31 21 14 10 21 6 29 24 13 7 24 21 9 23
28 25 34 39 4 17 1 23 17 13 30 2 22 3 31 24 12 38
0 33 24 1 27 8 16 38 27 36 18 24 0 5 20 7 22 23
11 18 0 5 5 5 5 19 15 12 27 10 26 0 4 3 0 37
4 4 12 21 31 15 22 13 34 38 37 22 39 29 35 39 15 10
25 13 23 35 25 0 15 15 33 31 11 20 12 11 28 0 23 29
0 17 11 1 28 17 24 14 21 3 6 22 2 36 4 31 17 34
12 32 29 22 13 34 14 26 3 35 27 10 15 30 24 27 7 35
9 18 34 8 15 9 18 18 27 9 33 5 29 22 10 36 23 32
24 11 34 11 18 35 18 33 34 24 37 21 2 30 28 28 16 20
39 14 28 30 19 37 31 19 18 26 36 29 26 11 30 1 10 29
31 38 33 27 25 34 32 25 39 23 30 32 14 34 32 38 39 33
13 34 35 9 37 36 17 18 36 36 1 37 29 0 4 31 2 30
11 28 8 17 5 1 12 11 32 39 36 39 28 37 27 36 4 21
