38 17 13 23 33 32 26 10 8 0 6 4 12 31 4 15 2
33 7 28 1 29 14 21 30 8 11 3 18 4 5 18 17 18
33 38 18 12 36 29 18 13 10 26 6 38 19 33 13 18 0
26 39 3 24 37 22 7 30 8 27 28 26 25 22 38 32 28
9 26 22 22 6 1 5 2 14 17 9 9 36 8 12 1 8
26 10 34 24 13 17 14 33 14 3 34 32 20 8 13 17 27
27 38 1 37 35 6 34 33 7 28 16 24 21 3 24 38 11
0 34 13 32 39 19 39 35 3 21 11 3 22 35 2 7 16
10 13 20 23 32 16 21 11 1 28 0 8 36 35 4 19 24
31 23 4 39 20 6 21 35 3 39 36 31 15 9 11 19 15
14 4 30 29 21 39 24 15 23 30 5 27 22 1 34 24 35
18 12 11 10 24 15 24 39 32 12 37 13 21 24 28 10 28
9 29 20 34 35 11 20 26 24 39 9 22 37 11 34 29 23
24 17 11 27 21 19 23 2 22 12 17 35 29 30 32 14 15
26 4 4 24 1 14 0 1 34 26 20 36 20 30 9 18 27
30 9 30 31 3 25 17 14 38 37 26 7 7 31 10 7 19
38 26 25 21 35 9 21 6 37 35 5 31 25 17 5 29 10
28 6 18 2 12 28 22 14 2 20 12 39 2 6 7 36 22
37 9 23 35 27 14 1 1 32 1 17 0 38 23 6 32 32
11 3 17 25 17 38 14 8 24 4 33 35 8 0 32 15 10
31 4 2 2 20 19 18 5 21 37 25 5 4 4 8 27 5
17 13 11 14 1 18 2 26 15 23 19 22 36 29 23 25 37
36 6 8 14 6 27 33 9 36 39 20 33 20 3 30 37 39
12 33 37 38 23 20 21 13 7 7 39 7 25 27 22 1 37
29 25 38 26 25 13 28 33 31 15 11 23 16 38 19 0 5
21 6 9 29 10 5 11 8 30 28 28 10 0 19 19 3 35
26 24 21 13 30 20 9 25 12 14 23 8 7 29 4 24 2
17 5 18 7 15 1 15 17 8 37 30 9 0 34 10 9 4
6 0 30 16 27 14 12 15 7 5 21 13 37 13 27 36 1
29 9 22 39 32 6 19 29 14 25 2 3 39 4 27 29 39
10 6 11 0 4 38 28 36 7 15 38 29 20 3 31 16 27
25 34 17 32 20 27 27 36 33 15 12 36 22 32 8 30 37
8 22 12 12 16 10 34 0 20 15 5 28 25 35 14 34 1
30 35 15 38 16 31 18 7 31 0 34 23 16 35 17 26 24
34 11 16 7 20 3 8 23 6 36 34 34 37 32 16 2 12
33 19 16 5 25 16 11 3 0 38 19 5 4 10 9 32 36
27 21 31 18 28 29 29 0 6 22 18 12 13 25 26 0 13
34 2 36 25 31 11 36 35 23 12 30 1 3 5 31 16 37
19 31 16 16 32 13 5 2 33 18 10 33 33 31 26 3 15
28 22 2 21 23 19 30 31 2 33 10 18 39 16 19 28 39
