10 36 18 22 20 35 24 36
3 4 4 14 21 5 1 14
17 5 11 35 7 1 27 34
14 39 36 34 28 34 24 18
13 17 26 9 35 2 23 2
18 2 23 11 7 39 31 17
35 28 15 4 22 32 2 16
39 30 11 9 33 30 31 37
37 8 27 29 8 20 32 6
12 22 27 28 38 27 31 5
0 37 23 23 31 15 39 36
29 15 10 11 29 2 27 8
16 28 19 23 21 39 0 12
3 5 15 21 25 15 5 6
13 4 32 32 1 33 7 4
11 38 30 38 32 17 21 35
18 0 12 19 22 23 4 16
24 10 5 21 30 11 26 21
19 10 21 32 34 25 6 30
26 14 15 25 33 35 3 13
37 33 24 19 6 1 1 20
14 0 13 29 10 27 13 19
22 20 3 22 31 18 14 4
9 12 2 7 7 0 8 31
3 37 36 39 25 2 38 8
7 16 26 3 21 22 33 9
13 19 8 5 34 15 20 20
30 28 8 37 39 5 13 20
18 38 28 7 12 12 32 7
20 33 17 31 26 25 15 34
22 16 1 19 36 17 18 11
19 24 14 14 25 37 13 10
16 17 30 37 24 9 9 3
6 34 31 33 29 0 25 26
24 35 11 6 9 17 12 12
32 1 28 33 29 16 25 30
39 36 36 38 0 10 38 9
35 10 2 23 28 29 26 38
27 4 1 27 8 0 18 6
6 24 23 26 16 34 29 3
