17 30 2 14 13 23 34 34 34 9 16 34 26 30 13 14 17 18 11 22 19 7 10 8 25 18 15
16 19 18 15 7 18 5 35 26 6 38 6 6 2 0 24 2 17 31 19 33 7 30 39 15 37 37
21 23 14 20 36 24 36 13 18 18 19 14 5 12 21 11 23 31 29 16 35 23 33 19 22 5 2
37 3 29 26 32 13 36 22 3 26 34 21 6 0 26 30 10 17 25 33 20 0 26 32 21 29 20
5 13 28 1 21 34 18 18 4 11 34 2 16 33 34 1 2 39 31 25 11 8 18 9 15 7 29
38 27 18 26 8 32 3 11 27 6 30 35 21 9 4 2 22 8 21 37 9 32 31 17 8 4 27
36 3 37 8 9 7 38 14 10 3 31 28 10 1 19 32 11 13 19 13 33 38 22 2 9 22 21
14 28 35 24 31 36 23 15 9 6 22 23 20 5 25 2 1 39 28 16 8 31 12 0 23 25 18
23 10 20 36 37 9 35 33 20 8 3 36 5 26 28 4 8 29 9 13 17 24 25 0 21 6 38
17 24 1 4 8 1 3 1 10 7 5 37 28 5 28 4 33 36 27 16 9 30 14 5 2 37 35
10 32 25 13 4 13 24 36 8 12 1 16 12 10 25 25 12 31 11 39 10 3 19 2 33 35 11
21 7 4 15 5 9 26 14 22 1 29 15 27 14 15 24 0 25 38 12 32 26 21 38 4 16 14
34 21 30 4 31 29 28 13 24 30 37 16 38 2 27 12 20 1 30 24 18 11 28 36 20 8 25
26 17 3 14 12 39 9 29 27 31 0 39 9 23 17 34 17 34 13 5 12 7 3 32 16 24 25
19 7 34 14 25 6 19 9 10 28 18 23 0 37 15 32 24 25 36 35 18 8 19 27 12 23 37
20 32 19 5 35 27 37 13 27 13 33 19 12 0 15 39 32 2 15 38 16 5 2 32 31 26 26
0 11 27 6 37 27 26 16 22 6 15 2 39 26 20 9 27 1 11 17 18 0 25 17 0 0 15
16 5 29 10 15 21 21 34 36 30 23 30 1 6 28 12 35 24 36 8 11 29 27 26 11 18 35
6 4 21 30 18 26 8 34 38 3 2 3 35 35 2 27 3 17 10 28 30 6 4 38 18 38 39
38 30 26 38 7 10 3 19 38 26 8 30 9 38 26 32 8 14 10 9 30 24 17 39 28 28 29
13 14 16 35 16 5 13 13 1 3 15 16 14 32 39 9 19 39 30 1 5 7 23 35 10 13 7
8 11 24 39 0 12 17 18 6 25 27 37 39 29 37 31 28 18 16 18 26 10 33 20 38 11 33
16 16 20 19 12 19 35 25 7 23 6 18 19 12 9 19 36 6 7 21 5 22 12 10 21 0 15
19 39 35 14 33 0 11 34 5 12 3 24 38 14 10 37 33 15 20 33 30 21 33 2 26 20 3
7 31 23 13 37 12 7 4 9 16 32 16 25 1 17 25 23 4 34 13 24 3 38 29 30 31 21
26 11 20 6 16 15 10 34 17 1 28 8 29 28 21 39 6 10 4 9 27 27 11 0 28 10 35
17 36 28 19 28 12 14 5 39 17 9 4 30 29 2 38 18 18 16 21 1 39 12 20 6 25 13
39 27 32 39 16 14 1 14 22 5 39 1 29 26 30 36 17 34 11 6 11 6 9 1 4 13 24
32 10 6 3 33 7 18 7 22 34 4 25 18 0 8 34 17 22 10 22 2 22 24 0 19 30 33
21 28 8 15 35 4 12 23 24 37 15 7 0 7 23 32 0 6 36 9 1 17 2 2 8 19 38
33 7 29 27 22 14 6 1 34 24 35 3 30 1 20 8 25 28 29 29 34 4 33 0 9 23 0
31 11 20 17 37 35 29 23 8 8 0 5 27 9 38 25 32 31 31 33 1 22 12 34 22 31 29
30 11 2 7 32 36 38 20 22 29 31 7 29 17 2 26 29 24 7 4 22 4 36 31 26 38 6
17 32 3 11 10 27 11 8 13 10 26 24 30 39 27 21 13 37 33 4 32 6 23 33 37 10 23
20 28 35 5 30 22 19 14 36 13 37 29 27 15 32 33 31 22 28 39 31 25 12 12 36 27 14
32 14 23 23 32 29 23 31 31 15 28 15 9 20 4 21 5 30 24 16 37 12 21 7 20 36 0
37 28 19 22 37 39 23 20 18 20 2 15 17 5 31 36 3 32 38 33 14 25 38 1 11 4 39
38 19 33 6 21 27 4 2 36 35 12 22 11 35 24 17 0 25 24 22 3 39 5 21 15 19 37
33 8 5 0 7 20 5 34 3 13 3 35 10 3 35 39 15 34 4 35 16 22 12 22 20 7 36
32 31 2 31 16 28 1 3 15 36 25 23 1 34 29 24 33 24 27 14 36 14 37 34 20 11 13
