16 19 11 21 1
3 2 0 16 20
14 37 24 18 15
38 24 1 5 7
1 14 3 29 18
20 36 11 7 32
28 28 0 2 14
7 19 37 35 17
34 35 9 32 30
37 19 17 30 36
38 11 8 16 0
16 6 13 31 8
15 9 15 33 21
14 25 27 10 20
4 2 25 37 37
2 21 29 13 1
1 39 34 32 4
21 10 5 0 22
4 19 10 24 34
33 24 22 12 3
35 33 36 26 13
34 22 27 32 32
10 31 8 25 26
30 17 36 6 26
5 7 35 18 4
12 22 26 7 3
24 36 18 17 5
39 23 6 9 28
38 39 39 22 23
27 30 13 12 28
13 4 8 29 23
15 6 39 19 26
27 12 23 25 5
33 18 33 28 27
2 31 12 14 31
20 20 38 6 9
34 21 29 35 11
25 29 30 16 0
15 11 10 8 9
31 17 23 3 38
