17 4 19 2 20 38 0 23 24 7 30 22 29 21 36 18 3 23 25 9 35 17 14
22 5 10 4 26 33 36 29 7 5 38 8 16 14 15 34 36 14 35 13 37 21 9
36 27 3 9 5 8 36 27 29 3 2 23 33 29 27 5 21 22 4 18 20 27 4
33 17 37 36 30 4 23 0 27 34 26 31 7 38 28 18 21 32 30 32 37 38 29
5 38 36 36 26 1 25 16 7 38 12 26 1 8 22 13 18 28 23 2 31 19 5
30 34 0 22 39 37 4 11 9 15 24 11 28 12 10 34 24 30 10 31 6 25 23
5 36 18 28 21 14 37 39 32 34 26 18 13 4 12 34 31 16 38 30 38 18 11
34 28 36 10 0 10 33 28 32 2 22 28 28 32 35 5 1 14 24 5 20 21 0
27 27 36 3 38 26 15 14 37 13 16 2 8 20 0 8 9 6 12 4 7 24 28
15 29 9 11 25 2 34 11 6 30 27 19 29 33 19 33 29 16 32 38 11 26 5
5 39 24 11 28 28 19 12 25 21 27 5 32 19 6 21 10 11 3 39 28 34 19
12 21 12 23 39 3 16 1 24 29 20 0 21 25 17 10 3 11 23 39 27 35 0
9 5 1 1 0 2 11 29 29 38 4 28 26 6 29 3 36 3 5 32 16 26 35
0 20 24 27 24 2 31 39 6 16 2 19 14 20 19 32 33 21 39 4 0 11 31
1 32 13 15 15 34 16 1 14 24 14 28 0 32 15 33 2 26 17 6 9 7 3
14 18 17 16 10 20 34 7 12 39 7 14 19 35 6 10 4 21 11 26 17 33 31
16 17 38 28 25 10 19 9 31 17 5 37 23 16 4 6 37 12 7 14 12 7 3
15 8 16 16 7 17 4 21 9 1 29 35 16 31 4 26 6 18 30 25 12 26 9
4 28 30 9 35 0 9 20 10 12 37 3 31 5 23 1 22 8 22 32 0 27 20
25 35 13 34 32 36 38 22 8 34 13 14 14 5 15 10 19 26 26 28 20 37 25
4 37 26 4 34 34 39 21 1 23 17 26 14 25 18 35 22 16 19 23 22 16 14
3 29 8 12 2 36 2 21 33 25 12 6 0 25 38 35 32 9 18 7 8 13 28
33 7 19 15 6 17 1 27 6 1 19 18 20 26 5 3 17 30 39 31 22 36 7
19 6 33 13 10 19 10 26 12 20 10 20 4 17 37 22 15 36 25 9 3 9 24
33 2 13 7 31 39 2 8 31 11 33 24 30 32 29 35 18 28 16 20 0 30 13
17 25 22 13 16 2 24 1 38 25 31 6 36 12 11 39 0 24 20 21 25 4 31
10 8 8 37 2 31 7 38 24 32 37 35 14 18 36 7 3 24 6 7 12 35 1
15 30 11 24 20 11 37 19 12 20 13 33 0 29 23 3 22 12 6 14 38 38 29
23 18 15 12 13 35 18 7 15 27 5 2 13 37 9 28 28 23 23 19 39 8 4
30 4 36 9 16 6 17 19 1 18 4 29 6 21 21 2 22 17 2 1 11 11 26
17 13 0 11 7 11 37 0 32 33 35 28 8 22 34 32 17 23 30 27 38 30 20
37 14 18 8 30 1 36 30 16 27 15 30 21 5 31 19 19 6 34 35 30 13 20
39 11 9 31 25 10 36 9 18 3 32 18 6 12 14 31 33 4 33 23 33 36 39
29 37 32 24 8 34 8 29 26 24 13 8 11 39 13 1 22 23 14 2 15 23 10
27 37 33 34 27 39 14 38 16 35 9 3 22 0 10 7 23 0 33 39 5 16 31
3 27 34 25 13 8 23 30 20 24 35 20 29 37 7 0 25 10 25 13 19 32 38
21 38 30 6 1 29 8 33 12 10 26 25 13 18 15 15 11 3 5 15 27 14 25
34 12 1 6 17 39 15 21 2 22 35 36 31 39 17 3 29 28 5 20 24 33 21
34 31 24 7 15 39 9 2 10 8 9 22 38 37 24 35 27 26 31 22 15 30 37
17 21 34 27 35 8 18 23 3 10 1 27 22 35 32 39 18 13 2 17 32 15 1
