19 20 36 28 30 34 34 6 19 37 25 27 26 14 22 26 8 6 3
16 37 34 33 0 0 9 35 14 24 23 10 28 21 11 13 39 29 9
28 7 29 0 25 8 23 11 38 20 7 23 39 27 34 2 9 32 11
34 30 23 0 0 33 6 26 11 18 37 0 34 21 4 0 5 36 22
8 25 17 33 14 33 33 29 28 24 3 0 7 31 23 35 38 21 6
20 18 37 19 2 37 7 0 25 36 20 36 26 27 12 9 14 7 35
1 20 3 30 9 38 14 22 16 33 35 24 7 39 14 4 1 15 12
28 23 30 20 21 4 3 10 16 17 17 34 17 25 39 20 31 31 32
6 1 11 3 24 19 37 5 12 33 27 22 16 34 5 16 27 31 36
15 21 34 38 10 9 35 24 30 0 17 3 37 36 0 19 30 11 12
25 11 22 4 26 13 18 10 33 0 34 37 5 6 0 10 8 32 6
20 22 21 7 28 18 37 8 16 37 32 1 39 1 24 15 5 14 30
18 29 34 1 36 4 39 39 6 5 22 22 31 12 17 26 27 28 12
15 15 18 32 23 5 25 2 9 26 16 2 5 19 15 17 30 11 36
30 31 6 1 17 9 10 25 35 10 10 2 35 1 23 5 2 36 31
38 2 9 31 21 11 7 26 36 4 27 29 17 33 4 13 3 34 8
20 13 8 24 33 11 13 4 32 33 38 18 30 9 22 6 18 8 13
12 12 36 16 28 1 35 24 23 39 10 15 16 31 12 10 22 27 6
1 14 28 1 21 8 17 14 24 8 26 8 25 16 1 30 22 38 8
7 21 0 32 30 27 25 2 1 18 11 12 29 3 39 26 11 8 2
39 29 16 32 3 26 35 5 9 21 36 11 16 23 19 19 14 2 33
13 4 27 1 13 28 15 19 23 31 25 6 23 32 13 32 38 20 16
24 20 16 29 10 21 29 4 27 12 24 6 0 18 29 26 16 0 25
21 38 33 31 4 38 25 38 4 20 36 19 22 14 15 20 9 15 22
31 23 25 6 25 2 12 9 29 29 10 18 7 1 27 24 15 12 7
32 36 5 17 19 2 27 32 6 38 3 29 2 28 39 23 18 28 35
19 28 21 13 9 11 12 29 5 7 37 15 13 30 26 4 27 39 31
9 5 32 33 37 35 32 30 28 36 26 12 39 0 22 26 12 3 17
8 39 26 14 16 37 3 34 38 28 6 5 39 1 33 23 5 3 37
31 25 2 24 4 36 34 29 37 27 20 25 24 39 11 17 30 30 24
5 38 3 23 31 24 11 28 37 35 16 19 37 19 0 10 16 14 34
39 22 37 21 15 9 34 35 3 26 18 23 29 14 10 2 2 2 14
12 31 20 7 19 8 8 14 32 33 13 2 8 7 14 25 19 10 17
6 38 18 33 27 18 4 33 35 12 32 20 13 5 13 22 17 18 20
11 35 37 3 30 26 18 32 14 24 23 18 13 33 35 39 2 36 7
18 9 17 34 23 11 19 31 7 13 30 4 24 36 13 4 15 29 19
3 39 13 21 15 36 28 0 30 6 11 21 8 4 28 31 6 21 17
34 10 29 16 19 31 22 22 25 20 35 21 5 4 9 15 12 21 3
17 13 9 32 14 35 3 38 22 28 10 8 27 1 10 38 1 15 27
1 17 7 7 35 24 29 15 32 20 10 26 34 7 5 27 38 15 38
