36 20 29 4 21 36 39 31 14 30 9 3 22 12 15 33 38 7
33 28 2 32 25 32 26 25 22 8 39 13 11 4 35 14 1 26
5 33 25 2 12 37 34 15 16 9 0 15 4 23 13 22 33 10
39 23 16 6 20 26 16 31 19 34 36 24 28 20 11 13 36 10
6 21 35 32 28 36 6 33 21 22 35 29 3 3 37 8 36 15
3 34 22 38 7 2 30 25 2 12 19 15 35 35 24 36 5 36
33 26 25 9 13 17 14 35 18 4 8 38 24 22 21 1 1 3
25 36 16 28 24 36 23 0 10 10 29 16 34 32 19 14 38 38
21 31 26 35 28 16 17 25 39 31 16 20 23 13 27 1 14 35
5 37 4 19 1 29 25 1 6 17 18 15 7 12 21 17 32 4
36 11 25 12 34 9 31 37 39 5 28 7 30 35 10 28 27 38
1 25 31 16 23 30 32 2 15 29 8 30 2 11 23 6 7 9
19 9 3 5 1 28 7 38 36 27 37 37 12 11 29 8 29 0
23 23 13 19 20 38 31 20 28 24 23 12 9 17 0 31 3 31
19 7 7 27 6 17 31 7 17 39 25 0 12 1 14 28 39 22
13 32 6 37 8 34 29 7 17 39 7 1 20 11 34 17 13 11
32 39 15 18 6 12 23 17 10 34 29 25 27 24 21 12 8 12
13 14 19 0 24 22 34 22 5 27 32 37 10 28 13 24 4 33
11 33 13 24 19 26 33 24 26 21 22 14 15 8 34 16 33 22
25 11 35 26 34 4 9 18 24 20 25 36 26 19 38 4 10 1
14 3 17 7 8 18 5 20 13 26 0 24 30 3 20 11 0 5
23 21 10 3 33 36 18 8 29 29 29 31 32 23 37 22 39 37
1 8 30 10 22 38 37 27 32 35 0 28 33 21 2 3 30 39
22 37 7 21 22 3 27 14 30 33 15 14 23 8 20 20 2 25
36 30 28 14 32 29 20 36 14 4 0 9 17 28 24 37 17 29
12 26 1 6 32 27 28 5 27 20 32 34 29 15 13 26 8 2
18 27 16 1 11 4 2 36 8 9 6 19 6 33 24 12 34 6
30 4 38 21 25 30 16 34 35 1 1 9 14 2 27 35 38 11
3 13 11 1 17 27 0 5 24 38 15 2 27 12 35 33 30 18
26 17 3 27 15 26 16 39 4 7 23 32 2 39 10 29 11 4
0 4 35 19 7 16 5 31 8 18 38 6 30 15 22 26 33 2
13 30 28 5 36 38 35 23 26 18 26 20 27 14 35 15 6 19
9 24 10 18 10 3 33 31 34 21 37 25 12 0 28 0 39 26
29 18 0 34 19 2 2 23 38 6 17 37 10 9 5 25 11 5
30 6 22 14 3 3 21 8 37 2 24 8 4 31 38 13 37 19
6 10 12 19 9 12 3 35 21 27 18 5 11 34 39 7 2 13
16 18 30 23 5 32 31 27 16 6 5 39 9 20 0 32 17 38
28 17 16 18 19 22 15 18 5 21 11 10 7 19 21 14 13 18
29 20 31 24 8 0 32 15 9 0 39 11 16 10 31 12 9 23
4 4 18 14 37 16 33 9 31 21 39 30 34 10 1 15 20 7
