36 10 0 36 26 37 19 22 28 33 35 38 14 0 6 6 27 24
13 17 39 3 33 27 31 35 12 34 25 8 10 21 23 27 16 25
9 6 31 14 39 15 14 1 5 10 2 11 31 34 20 21 14 9
13 0 22 39 22 18 2 34 17 10 25 18 34 30 17 18 35 18
14 33 18 33 24 0 4 31 37 29 32 19 6 39 33 5 6 0
25 14 1 2 19 10 5 26 37 37 39 22 4 5 23 37 18 16
29 2 13 33 17 33 4 20 20 32 8 3 25 30 35 21 13 36
29 10 8 18 27 10 0 3 24 22 34 31 38 7 11 39 28 38
35 19 26 34 27 35 1 17 27 34 17 8 37 17 11 18 11 30
22 28 26 11 36 20 24 9 4 19 20 5 38 26 12 0 39 31
32 16 15 19 26 21 16 21 35 38 31 5 8 38 23 28 10 2
33 26 27 20 31 9 28 25 16 12 20 16 31 35 23 26 10 7
26 24 16 15 35 36 8 8 27 29 25 15 6 9 7 21 37 24
17 0 3 21 8 11 38 18 12 39 35 8 0 14 2 6 25 5
39 24 24 29 18 31 5 33 31 23 13 28 4 10 28 15 36 13
39 6 11 28 7 1 23 24 13 18 5 31 20 1 36 24 36 4
29 11 19 9 5 5 17 14 33 9 35 12 26 39 36 9 3 7
17 0 4 23 35 14 19 19 35 34 38 3 35 38 19 0 16 15
25 6 10 13 1 30 1 36 32 22 33 34 24 2 10 25 33 28
14 12 20 1 2 2 23 26 23 13 5 18 29 8 17 1 28 32
7 28 38 14 8 32 29 11 14 21 37 15 28 29 32 13 15 34
32 25 33 4 32 26 37 21 2 5 18 23 4 28 4 37 4 23
13 15 0 7 9 34 26 22 18 36 11 29 12 29 22 3 2 14
17 17 22 29 7 11 30 27 27 8 4 8 27 31 24 2 6 2
3 9 9 28 22 37 15 22 12 15 15 19 15 39 38 32 3 0
3 23 4 16 34 21 30 27 19 9 38 14 13 36 1 24 33 30
26 6 32 5 13 6 9 12 1 36 7 37 25 30 3 31 38 30
11 31 28 19 38 20 2 7 16 10 8 11 16 3 35 21 15 32
38 16 12 16 7 11 25 3 36 39 25 9 3 22 10 16 29 21
11 20 11 28 5 1 10 12 8 16 4 12 36 1 25 6 26 37
19 24 13 39 18 5 23 32 12 7 16 21 22 9 12 9 20 2
24 30 33 6 29 18 15 12 5 17 17 6 32 10 23 26 20 7
39 23 4 32 17 37 29 23 7 37 6 32 38 21 30 17 16 35
27 36 13 38 1 27 15 23 0 21 3 39 8 15 7 4 14 33
6 27 30 1 21 19 7 11 20 29 27 38 31 13 25 12 25 19
5 1 23 10 19 3 1 18 34 17 8 13 29 10 13 20 22 1
36 35 39 27 33 30 14 35 6 32 30 14 22 37 34 26 2 34
2 24 20 0 24 34 25 30 39 12 7 2 7 21 20 37 0 3
31 0 3 19 32 24 34 16 31 28 14 37 15 4 33 29 12 22
30 20 28 18 4 22 0 30 11 9 30 8 21 36 27 34 26 9
