38 27 25 37 12 10 4 0 15 23 34 2 14 38 17 23 5 12 18 7 25 32 33
39 2 29 38 6 8 14 30 8 35 21 34 32 28 2 28 39 17 13 9 35 2 27
22 0 11 26 0 23 16 1 20 7 7 27 20 30 35 13 9 33 0 23 15 35 24
11 35 28 11 19 15 18 24 9 10 15 1 12 21 5 7 21 12 5 27 26 0 33
21 19 18 2 7 36 31 8 17 19 6 15 15 16 29 38 32 31 6 30 13 4 19
29 6 18 34 35 10 4 8 27 5 34 19 18 17 9 25 12 29 25 37 15 3 12
28 34 29 33 31 7 19 22 12 3 24 22 9 30 39 9 12 25 19 17 13 19 14
25 33 22 20 3 5 2 35 2 38 4 28 26 7 20 35 14 5 4 24 26 28 33
16 0 3 6 6 30 28 4 39 35 17 21 18 34 21 3 24 11 20 16 14 8 5
11 20 35 21 23 6 26 7 37 21 4 20 31 10 14 19 17 35 4 15 25 36 3
29 11 25 22 27 16 3 9 26 38 18 2 30 39 5 4 36 6 34 29 8 23 30
18 4 33 8 15 32 2 33 36 30 6 34 29 11 35 37 3 14 19 29 20 6 15
1 39 8 30 23 27 0 10 17 13 24 20 29 5 38 30 24 38 15 7 19 21 3
14 4 36 31 39 24 36 21 28 17 14 12 11 2 15 28 28 9 35 14 15 12 10
0 38 26 17 31 28 4 1 16 36 28 31 38 38 29 11 34 12 19 22 2 7 16
15 25 3 26 37 17 0 1 38 28 18 27 23 10 13 31 39 26 23 38 5 33 37
34 35 4 16 25 38 34 1 13 11 27 28 4 20 29 24 20 0 33 39 39 6 8
23 12 34 25 0 19 20 22 10 3 29 9 14 18 26 6 32 35 30 12 30 27 18
2 27 15 32 13 32 8 37 12 37 19 1 34 2 22 22 30 5 20 9 23 12 9
12 13 21 16 18 22 25 18 32 8 39 7 4 36 32 36 6 5 8 8 31 5 13
16 25 23 33 1 3 35 5 32 36 13 32 27 37 34 19 10 0 13 13 31 3 19
38 8 21 33 31 3 23 35 30 11 11 18 38 16 18 36 26 26 0 28 28 12 7
23 39 17 20 25 33 25 27 15 36 12 37 37 9 10 12 39 7 3 11 23 30 25
6 16 31 23 18 9 0 26 39 1 15 26 27 4 38 11 20 16 18 5 17 24 36
2 20 31 24 35 5 23 16 32 0 36 34 14 22 27 5 16 23 20 15 22 36 21
2 21 27 14 14 9 38 29 5 36 19 9 25 7 21 8 22 30 24 18 6 10 10
24 1 39 10 26 33 15 26 6 9 10 32 24 35 24 18 4 36 23 14 25 16 8
1 1 0 30 1 22 24 7 14 5 23 7 38 2 36 31 17 16 5 15 6 29 13
32 7 24 22 4 28 3 13 22 30 7 11 4 0 14 8 8 24 34 20 2 12 19
38 22 36 27 22 34 38 30 27 28 36 33 35 2 31 20 20 33 18 27 5 27 0
14 26 21 35 7 37 37 6 37 26 25 24 33 33 17 4 17 27 10 1 6 3 38
13 31 23 13 9 28 28 39 34 38 37 13 7 32 31 1 11 29 34 12 11 9 6
29 10 20 20 13 39 21 32 10 31 29 23 1 22 17 6 39 14 13 37 15 35 1
21 33 29 26 14 37 21 31 14 35 10 23 6 6 10 7 2 12 3 36 39 11 8
16 16 9 25 1 17 3 3 33 19 5 10 37 22 1 30 28 30 8 15 11 10 19
25 29 0 12 2 26 29 28 9 9 34 17 33 34 16 24 11 30 39 37 7 31 39
7 19 37 37 4 21 18 18 10 32 1 0 21 32 0 11 8 19 2 39 31 32 13
21 30 18 24 9 1 24 16 1 36 34 14 1 21 13 22 31 17 4 3 8 32 29
34 10 37 32 13 11 5 24 26 2 3 22 32 29 8 3 0 37 16 32 16 27 2
26 36 9 22 28 33 17 31 0 17 14 25 39 26 27 11 20 25 19 33 4 15 17
