9 23 0 20 28 10 37 6 26 12 24
28 39 29 23 34 27 31 2 17 27 3
2 16 10 31 25 0 24 11 3 28 26
4 25 34 14 5 18 39 31 35 12 6
5 34 17 13 32 37 14 1 13 14 18
29 24 11 8 32 22 24 18 17 18 10
6 29 31 20 33 0 28 32 8 19 30
3 36 36 11 36 13 3 11 11 8 23
0 26 37 4 12 20 34 16 19 26 3
1 29 1 11 9 20 9 29 14 14 12
10 39 30 13 7 1 23 13 4 38 14
21 26 9 15 12 15 25 28 4 9 5
38 13 23 31 2 32 2 35 33 38 25
26 8 12 7 19 3 28 25 17 30 20
18 27 18 27 7 35 6 10 8 5 14
32 29 4 22 27 24 28 22 15 34 0
20 19 8 13 22 27 24 12 24 0 0
7 15 7 35 6 19 39 1 37 31 8
26 10 10 35 28 21 29 8 25 31 18
36 22 19 9 0 27 26 18 21 23 5
6 16 10 37 21 33 22 39 9 24 6
37 39 31 2 5 17 6 20 25 26 16
34 3 12 3 38 28 33 25 36 39 15
35 6 24 30 35 21 33 26 4 20 36
39 3 19 19 37 4 23 1 1 13 1
30 13 37 7 25 30 27 15 22 11 3
18 13 33 0 36 20 4 1 22 17 6
36 29 37 39 21 19 15 27 32 9 5
15 1 11 21 11 35 35 38 14 21 2
16 21 5 2 14 35 33 4 8 11 10
7 36 31 18 27 2 1 33 24 9 10
0 23 35 34 21 14 4 17 15 29 8
38 12 30 33 32 2 31 2 16 16 36
17 22 9 23 6 17 32 21 11 31 20
5 37 22 34 7 17 34 38 9 29 30
26 7 30 34 15 38 29 33 8 38 39
23 2 19 25 16 33 5 14 27 3 23
12 28 38 38 16 28 7 30 5 12 7
30 39 18 25 0 10 22 16 32 34 32
16 19 36 20 13 17 4 24 32 15 37
