16 26 6 38 10 23 19 27 4 17 15 12 21 7 22 37 30 6 26 24 22
30 16 21 16 5 31 18 23 3 11 17 19 32 13 12 18 14 15 5 3 32
23 13 11 29 4 7 29 7 2 6 17 16 14 18 27 15 11 12 30 22 6
30 25 15 23 21 16 1 31 22 4 26 32 12 34 33 2 20 9 29 18 19
35 37 21 34 8 10 24 31 1 35 0 9 33 14 1 38 7 14 2 23 26
35 13 2 32 1 37 23 31 10 36 4 19 31 29 14 25 30 38 14 28 33
36 0 7 27 32 31 5 32 6 25 35 19 2 15 9 39 35 27 4 11 11
5 30 25 8 26 29 7 2 4 30 9 8 7 6 24 23 33 4 7 10 29
34 27 21 10 8 19 36 2 27 10 1 20 18 26 38 36 31 8 22 25 11
15 1 38 2 24 36 8 15 15 21 13 26 34 37 37 10 0 34 37 31 3
10 17 29 35 38 24 12 18 20 38 14 36 3 15 0 18 11 0 39 31 22
34 30 2 2 6 30 30 14 29 36 1 33 38 9 5 20 17 8 36 29 6
11 27 3 13 10 27 12 20 32 19 19 35 12 11 4 39 2 21 18 24 21
34 19 0 33 14 17 17 21 13 20 1 22 24 7 3 12 18 17 24 29 7
21 6 34 13 28 39 1 25 18 2 26 12 21 39 11 17 32 16 4 23 37
10 26 15 10 9 6 4 35 38 0 22 3 27 33 39 8 6 14 20 3 39
25 10 22 38 36 6 22 22 10 36 4 18 25 5 20 26 9 38 22 1 1
5 8 35 9 34 25 8 25 5 20 10 5 37 6 33 39 33 31 36 13 38
28 16 2 9 30 5 10 25 18 14 37 38 21 29 7 30 34 14 27 27 15
36 14 22 32 36 3 8 16 37 34 2 37 20 23 4 5 32 27 1 9 26
27 9 20 20 7 30 27 37 4 11 23 7 14 23 33 32 20 20 8 38 16
12 29 25 9 24 5 33 27 1 13 35 24 27 9 27 28 26 0 26 13 35
30 12 33 17 2 28 33 7 15 16 33 15 38 1 24 6 35 22 6 31 17
19 4 37 39 28 17 0 29 0 23 28 13 19 25 21 34 0 3 36 21 4
20 26 28 37 28 28 2 35 6 12 26 11 39 5 39 9 38 19 28 16 7
10 25 1 22 3 19 31 2 29 32 32 25 38 12 17 26 29 27 9 33 10
18 8 12 34 1 36 17 28 19 36 3 21 25 15 8 17 26 16 5 10 39
39 31 32 18 34 35 9 11 30 6 9 19 10 0 26 2 16 24 1 24 32
3 3 39 11 22 12 31 24 15 35 8 7 20 30 30 38 7 9 3 21 14
2 39 32 24 3 39 1 12 27 27 30 21 14 36 35 12 34 33 29 28 16
24 35 28 15 34 5 0 12 13 15 15 21 13 23 38 34 18 33 1 32 18
5 21 11 12 34 6 28 8 23 24 4 20 5 10 5 6 14 6 23 38 19
36 14 27 4 14 10 15 30 4 3 36 11 13 37 39 8 34 28 18 2 16
37 18 30 21 13 39 9 4 33 17 0 29 13 37 19 29 17 1 3 30 23
13 8 23 15 1 16 23 7 7 39 22 7 22 12 37 26 8 19 16 36 14
25 28 0 34 3 13 16 25 8 26 31 16 7 33 31 3 25 28 17 20 38
18 28 22 13 29 39 13 20 0 19 31 33 29 35 25 28 0 25 18 32 31
5 0 6 31 5 36 11 22 31 20 37 16 22 19 24 23 19 15 5 18 21
35 34 11 13 14 2 0 9 23 9 35 32 11 28 17 31 16 12 0 37 23
11 4 32 17 24 20 32 0 17 24 4 8 29 3 35 33 26 24 37 11 39
