38 30 31 24 10 13 38 19 9 10 16 24 12 31 6 22 2 24 14 12 17 15 20
26 26 19 9 29 7 11 30 13 1 5 0 4 27 25 23 3 31 21 16 35 13 20
5 14 1 11 27 14 2 31 36 32 7 34 28 36 26 15 22 23 18 22 13 27 6
19 3 10 11 1 29 38 1 13 9 33 20 17 27 9 26 30 21 33 7 9 24 14
7 19 2 0 12 10 3 23 38 14 15 19 14 0 12 26 22 25 33 12 19 19 4
23 27 6 37 24 34 17 37 37 26 4 5 27 8 26 23 2 19 5 18 6 31 24
1 35 36 1 33 26 14 38 32 36 34 25 10 9 24 17 0 7 8 15 25 30 19
22 27 31 1 39 16 25 7 35 37 36 38 16 7 13 9 4 20 28 2 3 39 17
37 2 33 21 26 6 19 28 35 0 22 34 16 2 26 32 27 38 5 20 20 13 39
36 25 17 9 22 31 30 36 26 1 27 7 24 13 1 9 18 27 11 1 37 15 11
3 28 24 30 24 10 13 22 33 37 25 7 28 35 24 23 17 39 26 13 10 19 30
34 8 37 33 22 13 16 29 18 12 30 12 21 23 23 6 20 21 17 30 14 1 9
34 19 37 15 32 30 12 16 29 5 6 18 33 21 36 10 23 34 3 32 14 20 39
6 38 2 9 1 34 7 29 14 12 6 22 18 3 18 0 21 10 38 20 10 17 1
36 6 19 3 32 0 21 8 35 7 17 23 23 24 21 19 4 16 34 32 6 34 33
9 23 18 14 31 27 20 11 11 28 0 6 35 12 35 28 36 38 14 11 0 25 30
19 39 31 34 3 18 16 18 15 34 31 23 25 7 3 8 35 2 20 0 8 10 12
21 5 28 8 21 22 7 6 13 16 2 4 9 5 38 1 6 3 37 22 22 32 28
6 26 37 36 36 8 31 12 34 26 17 11 35 2 38 39 25 23 6 28 22 37 27
14 21 36 27 37 38 8 1 36 19 20 38 10 36 6 23 2 36 22 38 35 39 3
39 15 26 3 27 29 11 4 30 28 25 6 15 17 28 32 12 27 4 39 37 16 32
18 29 39 35 8 16 0 15 18 12 5 17 31 1 22 24 0 32 11 22 20 22 27
13 18 10 16 1 30 39 29 30 0 25 10 10 11 15 16 20 15 4 29 5 5 30
2 33 21 4 28 14 37 7 20 5 24 25 24 3 23 12 20 16 3 23 31 6 28
15 23 16 25 18 37 28 39 38 33 14 31 24 4 17 13 25 17 2 8 37 9 12
7 24 15 29 37 10 32 4 30 34 17 30 3 17 6 33 34 34 17 8 38 32 11
10 16 21 2 1 32 8 5 35 26 32 29 9 18 16 4 22 4 26 24 31 13 31
19 39 38 18 35 6 13 2 21 19 34 15 15 0 35 31 35 9 4 2 29 9 39
33 9 20 28 34 27 1 25 36 5 7 4 0 39 4 28 37 14 18 25 13 35 19
5 27 32 22 10 36 7 25 4 29 14 37 15 8 15 2 30 36 4 17 23 0 33
32 36 22 20 5 5 15 0 22 0 13 20 20 3 19 33 22 14 14 18 3 21 21
12 11 2 38 33 24 32 7 5 11 1 39 9 12 21 27 33 33 2 23 31 29 0
21 13 10 27 26 23 8 29 30 2 26 14 33 29 26 10 28 15 12 28 11 17 32
33 0 3 29 8 31 33 0 6 29 30 7 11 0 37 14 18 24 21 29 4 8 24
0 18 5 11 15 28 3 16 27 29 23 19 15 23 8 30 34 38 7 35 5 19 11
20 29 37 2 39 1 13 35 13 3 30 17 39 14 16 28 35 27 39 27 26 32 16
35 12 25 1 8 18 1 16 10 38 31 28 11 15 39 5 7 25 24 9 9 8 11
24 9 37 28 8 30 34 36 2 10 14 17 35 33 4 18 25 5 11 26 6 31 34
12 26 39 36 8 25 21 25 20 20 34 21 32 4 18 11 7 13 9 38 29 33 7
4 35 29 12 32 32 10 31 38 13 3 5 31 21 39 12 8 34 3 19 36 16 17
