1 10 18 9 6 10 29 12 8 12 37 5 14
0 5 24 35 32 13 17 17 30 6 8 20 13
29 10 7 39 27 39 30 7 3 35 25 5 20
19 4 15 31 28 15 2 22 8 26 37 17 26
19 3 4 4 11 35 11 39 20 21 14 30 13
1 29 15 34 30 23 21 39 2 5 5 37 0
38 11 31 0 16 24 35 13 19 11 30 17 1
26 2 25 35 20 38 14 2 31 20 12 38 27
19 25 28 24 27 22 32 0 3 12 1 15 33
26 38 27 36 0 20 24 20 12 27 29 30 35
0 2 14 20 24 15 0 28 22 25 31 22 31
4 6 32 19 33 12 38 4 6 35 26 17 30
22 11 17 0 15 28 0 9 36 8 7 17 37
34 38 30 33 1 39 36 6 28 1 4 32 37
10 29 37 25 20 7 21 4 28 30 32 0 15
21 3 17 3 5 38 10 12 26 8 27 35 14
37 35 26 17 23 22 6 36 29 32 27 33 32
28 15 1 1 16 18 12 38 3 6 11 19 12
0 37 38 20 17 25 30 23 24 21 29 24 21
4 39 31 8 3 11 6 32 29 17 28 21 33
10 7 9 18 14 24 9 4 20 20 2 7 1
15 27 25 34 26 18 5 14 22 4 34 18 19
36 23 37 12 23 16 10 39 3 8 21 28 10
31 22 35 22 23 23 16 31 30 36 18 5 34
1 10 32 9 6 20 8 18 27 39 34 39 18
32 31 26 7 21 14 8 37 18 33 27 10 2
9 7 36 25 16 21 27 32 3 3 11 15 39
9 21 2 26 16 8 25 24 36 9 7 33 15
29 17 3 8 10 33 12 37 32 14 22 13 19
39 2 28 14 5 35 0 16 19 18 9 37 36
13 38 2 5 18 1 23 6 14 9 4 11 34
34 19 39 23 25 3 6 33 23 7 10 38 10
25 11 24 1 16 19 8 35 26 28 14 16 13
36 34 34 13 11 31 25 28 16 38 27 8 19
31 36 13 33 21 33 38 5 39 23 24 30 21
1 7 16 29 23 6 4 32 2 11 37 9 15
34 22 33 26 9 13 16 36 36 23 27 12 29
22 18 16 14 25 28 3 35 0 5 13 29 12
6 9 13 18 7 15 34 30 17 11 33 31 7
29 19 31 2 2 13 22 34 5 24 4 24 26
