26 34 38 28 9 3 25 39 35 14 27 7 15
34 12 12 18 26 17 7 7 18 31 33 28 34
12 6 24 14 3 36 15 33 32 37 34 31 25
7 2 26 22 28 0 11 21 24 30 21 32 13
30 39 35 16 31 14 19 25 30 36 4 4 37
31 27 28 35 39 34 30 29 9 31 32 20 21
23 2 14 29 12 22 38 18 38 30 36 20 27
12 32 3 1 22 1 26 11 16 10 9 13 0
14 13 14 15 37 17 19 26 16 26 9 28 17
0 21 18 10 5 9 9 32 27 18 7 15 8
19 29 32 31 17 9 12 7 31 25 11 10 10
12 37 23 16 35 16 20 7 3 39 19 10 28
7 1 1 11 2 24 27 6 20 13 10 14 24
33 23 37 8 12 14 7 23 25 3 27 32 19
6 8 2 8 14 14 17 24 4 22 12 13 0
32 36 28 8 26 39 2 25 29 27 9 30 0
33 38 23 11 4 31 11 28 7 8 35 29 17
19 1 10 36 14 17 17 31 8 35 21 16 8
28 34 36 1 37 9 28 6 29 34 1 9 37
17 10 33 29 4 8 27 32 26 11 25 13 38
37 22 38 12 38 35 21 11 36 25 6 5 24
21 21 9 27 27 20 3 23 3 17 5 29 38
34 20 37 23 24 7 6 39 3 14 27 34 24
34 13 6 11 16 22 33 36 38 39 21 27 13
12 26 32 2 22 14 12 3 22 25 31 20 34
39 15 4 0 25 25 35 20 10 13 24 19 2
0 24 1 15 3 33 7 8 33 36 19 8 33
5 33 12 21 21 19 22 9 23 15 0 13 6
18 5 0 15 18 3 29 16 28 28 1 11 8
35 10 6 19 31 32 28 18 5 36 15 16 21
39 4 35 5 35 4 3 6 38 36 30 30 15
5 10 16 4 17 29 5 1 10 38 2 37 24
7 34 15 39 10 24 29 2 19 9 5 3 13
13 16 27 19 23 26 2 1 26 37 36 39 26
1 38 22 23 18 32 0 5 18 2 22 1 24
29 39 5 37 4 30 11 20 30 17 25 0 16
18 15 39 17 23 2 29 20 4 26 6 33 30
38 20 13 11 22 35 18 8 2 33 18 4 31
37 34 16 20 0 23 20 6 6 30 31 19 21
30 4 35 32 36 5 15 25 22 23 11 0 33
