21 24 12 27 28 35 26 25 34 15 4 17 12 37 31 0 28 1 20 1 20 4 2 17 37 7 26 13 37 5 37 12
24 11 3 27 14 16 9 34 22 18 29 2 4 33 34 0 0 20 35 32 15 24 2 30 20 8 27 18 15 30 6 7
14 3 37 15 26 33 4 33 12 8 13 15 24 8 22 33 0 17 28 37 36 15 21 0 18 17 24 12 36 13 5 17
1 14 18 19 4 24 9 2 5 9 10 9 34 18 23 25 20 32 1 32 32 19 30 26 19 30 16 35 10 4 2 6
26 35 16 20 13 1 27 16 15 11 22 8 12 17 22 17 26 29 18 10 6 18 25 33 23 8 0 25 25 25 30 29
15 37 32 23 5 8 0 39 30 10 30 1 1 3 12 28 18 38 1 33 23 32 20 15 17 8 23 3 4 31 39 21
38 31 26 17 15 24 3 35 2 9 14 3 6 17 2 4 3 2 27 9 4 3 11 3 3 8 8 18 5 21 7 17
26 12 18 19 29 14 0 28 1 10 32 4 21 31 13 32 34 7 4 11 21 17 37 39 37 30 34 38 7 11 18 38
22 2 9 13 31 21 16 27 2 9 9 11 20 23 19 20 31 21 8 1 14 17 15 38 36 20 10 6 35 29 21 7
25 3 25 27 32 7 34 27 16 24 4 37 28 25 0 24 35 36 7 34 38 35 29 36 8 28 33 24 2 10 39 32
32 13 33 13 20 16 38 7 23 22 4 27 27 16 1 35 34 38 29 10 14 24 23 23 16 22 9 26 6 26 16 27
22 30 23 9 6 22 39 29 12 0 31 36 3 3 16 10 2 12 10 16 8 39 9 32 38 12 30 11 36 36 0 6
4 22 34 13 21 31 31 27 31 38 23 13 24 7 30 27 13 7 4 26 25 29 14 27 37 36 22 11 37 29 20 25
8 33 30 21 27 36 31 26 37 6 8 15 9 21 17 30 28 35 10 29 30 11 17 24 8 23 14 23 24 3 37 18
16 11 6 27 30 21 29 27 39 32 2 29 22 36 34 20 5 5 26 37 19 5 35 30 17 2 19 12 28 38 34 37
3 29 36 21 3 38 30 15 36 34 19 30 39 16 31 7 0 5 14 11 36 21 28 26 10 27 18 16 9 21 10 22
17 20 11 5 12 18 13 9 12 5 8 20 9 11 25 20 7 10 37 33 11 9 8 28 2 36 27 28 26 11 1 30
16 19 12 4 2 7 39 26 19 5 12 18 35 1 7 4 6 20 6 15 17 37 23 27 23 22 5 9 4 38 12 15
19 37 24 22 33 15 15 14 38 18 36 24 2 0 10 24 11 7 39 3 14 25 19 33 29 11 33 19 25 4 11 9
39 6 32 39 4 14 38 32 29 16 12 3 10 24 25 6 6 2 0 6 39 6 0 23 38 4 27 36 34 39 20 31
19 13 2 13 7 6 25 33 8 38 11 29 37 0 26 4 31 30 25 33 3 34 15 16 5 8 22 3 13 8 32 29
32 1 16 25 9 33 11 25 18 22 36 18 30 0 33 5 25 1 11 27 33 6 10 2 37 26 0 39 35 32 31 6
13 1 24 38 19 32 22 30 14 13 28 0 1 31 22 15 9 7 3 6 1 22 23 38 39 7 30 21 37 13 33 28
27 5 5 29 17 16 25 1 23 2 1 0 20 34 32 20 19 28 2 33 9 34 29 7 36 12 3 26 17 19 31 5
14 19 3 19 6 9 38 27 29 36 35 10 39 17 13 3 31 33 37 28 12 4 19 18 2 35 9 0 0 32 1 26
15 39 1 34 20 26 34 9 13 30 22 6 31 18 36 19 34 29 21 22 8 30 18 7 36 11 3 38 0 10 14 29
34 26 39 15 14 32 21 36 0 2 20 34 28 6 14 37 28 31 12 29 8 7 37 39 7 32 25 14 23 7 16 7
19 13 18 6 34 20 5 12 7 39 12 19 17 23 35 34 13 28 20 11 9 22 3 15 24 21 17 15 0 28 29 13
15 18 23 5 28 2 22 11 0 9 33 34 24 38 39 35 12 8 23 17 27 14 16 31 22 23 16 17 23 28 16 26
5 32 5 21 23 24 34 10 4 39 35 17 31 12 19 2 18 19 29 14 5 11 34 25 28 6 20 38 16 19 29 10
22 7 17 22 6 7 19 11 12 3 8 1 39 16 22 14 39 14 12 1 26 27 23 23 5 35 25 34 36 4 12 8
19 15 10 14 2 8 20 26 32 21 12 10 35 2 5 2 18 5 32 38 27 26 4 38 6 21 1 29 33 39 17 28
30 13 35 36 28 35 16 34 13 29 35 19 26 4 31 24 1 25 24 32 4 6 39 35 0 20 1 4 2 4 1 17
32 35 30 8 26 32 38 33 28 10 10 22 14 11 38 20 25 1 28 21 32 3 27 26 13 36 7 0 18 18 21 32
24 20 8 14 37 16 34 9 36 5 30 27 0 3 35 17 24 13 14 7 23 20 11 9 14 9 19 1 29 28 35 39
26 15 24 15 6 21 10 34 1 14 35 24 30 33 22 15 10 11 14 11 8 36 31 4 10 25 21 3 20 23 18 22
23 28 0 36 23 13 24 28 24 39 8 26 18 30 27 19 17 24 13 14 29 33 39 2 37 12 10 5 13 32 6 16
34 10 7 5 26 5 37 18 39 21 31 20 15 31 0 9 39 4 8 18 3 31 33 21 23 5 15 21 6 13 9 37
30 33 31 35 35 31 36 36 18 37 11 1 33 33 11 25 15 0 30 10 36 25 13 5 38 38 15 19 29 7 25 2
35 16 10 8 3 17 21 38 33 27 28 38 38 27 16 16 25 21 24 12 31 31 28 35 22 33 37 37 31 14 12 25
