13 38 4 6 27 11 38 4 29 0 29 35 7 15 26 9 28
30 10 17 7 31 27 12 33 27 18 34 21 2 39 17 10 19
15 26 17 18 39 31 28 16 12 22 8 8 5 1 7 8 6
2 7 32 37 2 25 26 38 4 26 26 28 16 20 21 11 19
4 23 10 36 16 27 32 5 16 21 19 25 39 9 11 29 25
18 9 27 23 24 17 3 14 16 1 20 5 30 37 5 37 10
28 39 38 32 22 37 30 21 34 1 38 16 30 23 31 30 32
23 38 23 33 35 9 1 13 39 0 25 9 23 34 18 32 12
5 1 30 30 10 12 25 31 36 32 9 35 30 4 36 11 2
18 6 21 13 10 24 6 14 23 13 2 3 29 5 39 0 17
30 1 6 5 24 25 0 21 22 16 24 18 6 36 34 18 12
8 21 20 8 30 3 21 39 35 10 5 11 8 24 33 20 25
12 39 35 27 5 18 13 39 34 17 25 13 18 12 6 31 7
26 0 19 24 2 23 5 2 38 26 7 33 17 37 17 17 31
23 39 27 7 8 29 25 16 18 36 13 1 14 25 37 9 3
36 36 25 20 27 38 6 8 20 17 5 13 31 37 9 6 17
16 17 8 32 13 24 22 17 38 32 34 22 31 35 37 3 4
34 34 0 37 2 36 8 31 20 20 36 15 2 10 7 12 19
38 5 13 35 12 25 3 14 15 7 38 1 4 22 13 36 14
30 22 3 34 29 24 29 19 10 18 20 24 5 34 26 1 23
1 19 14 23 26 28 28 33 37 39 4 28 34 4 19 4 30
20 14 29 34 0 11 1 34 13 8 36 0 11 37 24 35 28
10 19 35 4 9 9 2 10 19 28 34 30 19 35 37 33 27
36 21 9 28 21 25 28 10 21 26 15 38 14 22 9 7 31
16 10 0 19 22 16 32 15 15 16 37 6 7 14 39 3 33
15 29 39 14 11 38 38 15 38 0 26 7 23 11 27 2 5
11 18 10 32 24 6 11 34 20 22 0 6 26 32 6 25 38
19 0 35 1 33 2 4 12 31 20 29 7 35 29 21 26 9
26 29 27 6 22 32 16 28 38 37 6 5 16 33 21 20 7
30 14 21 20 22 16 2 35 8 12 17 33 33 15 26 23 33
9 21 31 14 27 27 12 15 19 2 34 23 28 6 35 13 33
12 18 15 4 3 15 36 30 15 31 1 14 3 8 12 32 4
4 23 14 19 1 1 28 24 8 36 31 8 36 11 33 13 11
39 32 18 15 36 27 36 33 3 35 2 9 24 14 22 1 3
12 29 27 2 31 8 27 23 7 1 11 22 5 24 3 33 13
37 0 3 7 37 6 28 30 9 2 30 39 32 0 21 20 5
4 39 25 18 14 23 16 12 10 26 0 31 19 8 18 10 28
0 20 0 24 12 29 11 32 17 35 16 24 29 15 22 25 18
22 29 29 21 4 22 28 3 3 31 9 33 13 17 15 25 19
11 26 20 35 27 34 10 13 37 39 24 17 14 3 7 11 32
