5 28 31 3 23 20 1 2 39 37 9 30 19 12 17 14 25 3 2 38 16 26 3 4 1 10 18 35 32 24 25 23 36 20 36 8 26 17 8
33 2 6 0 11 27 37 18 21 18 1 1 5 18 22 8 31 1 1 16 7 18 21 32 18 17 14 13 25 0 25 3 13 19 10 13 35 15 17
17 1 12 2 2 0 19 20 37 35 4 0 27 11 30 30 14 14 17 36 38 33 33 30 17 36 28 22 11 30 34 29 27 14 18 20 28 7 22
21 0 38 23 19 0 18 26 24 15 32 34 5 32 31 9 7 0 39 1 37 18 36 4 7 8 35 28 15 11 34 27 36 14 34 32 32 33 7
22 35 9 38 36 29 18 37 31 22 33 2 35 23 22 25 12 25 24 14 0 38 35 3 11 20 29 33 13 35 12 10 23 16 22 36 35 16 27
13 37 0 22 26 17 13 7 10 6 31 16 1 30 5 5 30 3 35 34 39 17 37 37 23 32 21 9 36 25 28 5 5 35 11 29 10 29 20
1 26 13 20 13 32 20 22 30 5 38 38 17 8 28 17 15 11 31 12 29 23 27 13 21 29 16 37 13 12 17 25 33 37 25 31 27 26 23
38 27 16 27 21 5 24 17 15 13 9 1 25 37 10 37 3 20 9 26 38 38 14 31 23 3 36 35 9 29 39 28 35 2 16 30 10 3 22
12 39 30 34 22 8 8 32 16 10 1 34 6 28 10 19 35 26 12 15 8 8 15 12 19 3 30 37 22 14 9 29 9 9 0 28 0 24 29
9 9 4 29 19 29 26 0 19 30 7 25 37 19 3 12 12 12 7 21 26 5 7 12 8 8 39 11 8 11 21 32 21 34 16 27 37 30 20
27 13 24 13 38 21 5 23 38 14 37 8 32 39 33 14 31 8 7 10 10 32 28 0 14 32 14 24 37 1 27 4 11 27 7 38 5 36 12
38 13 1 32 15 14 24 32 31 2 24 13 22 6 39 23 39 31 12 32 22 29 15 2 28 36 4 25 3 27 18 22 20 9 14 10 32 9 5
23 8 2 14 28 38 23 34 0 25 13 28 22 16 12 12 18 13 4 9 9 8 27 11 9 6 32 14 8 9 33 6 4 31 30 29 17 14 10
5 11 10 5 10 6 18 6 26 12 34 7 17 11 12 33 1 31 38 22 27 16 33 33 6 1 23 34 1 4 37 6 28 29 24 37 24 38 37
12 30 11 35 15 20 21 0 10 38 31 19 10 35 26 2 2 1 22 39 19 25 12 4 30 10 10 30 7 31 36 2 8 11 30 3 15 34 12
26 34 32 26 11 18 14 31 3 7 23 28 18 15 15 39 34 39 6 24 25 36 8 39 8 27 35 11 34 3 26 35 27 1 14 39 35 33 27
7 18 36 23 26 20 24 8 5 16 16 22 12 1 38 0 23 37 13 29 6 36 32 28 23 23 29 31 26 30 4 7 9 24 27 4 39 37 19
2 32 34 5 38 20 33 25 34 0 19 7 39 6 33 26 24 13 6 1 5 2 28 2 20 36 26 32 38 35 28 31 6 12 26 0 24 28 1
23 21 37 16 1 20 15 13 23 30 20 4 1 35 39 3 1 34 15 28 27 1 18 18 1 12 22 29 20 0 3 30 19 39 23 11 19 2 35
23 28 9 2 9 0 30 3 38 35 26 17 22 19 19 21 20 14 9 24 30 26 8 14 25 29 25 8 31 37 18 37 1 31 18 24 33 27 16
30 0 34 17 18 6 2 35 32 28 18 6 16 14 22 24 39 23 19 39 37 18 31 7 17 21 4 20 20 31 11 35 2 0 20 20 28 9 5
30 3 32 18 29 38 7 10 23 1 27 33 14 19 31 31 1 31 33 36 9 34 20 28 6 27 35 5 22 23 25 30 21 21 9 24 9 39 28
4 5 30 8 31 36 29 6 36 20 4 19 1 12 16 32 33 4 11 14 35 18 24 13 28 32 11 2 33 35 21 8 11 4 35 33 2 29 7
18 12 19 0 25 12 26 21 16 18 3 36 10 20 15 26 4 16 11 33 6 27 5 28 13 7 31 21 38 0 18 16 31 16 4 36 24 30 6
39 31 10 35 36 7 16 20 11 36 27 3 29 11 17 19 33 29 22 15 33 4 38 37 38 10 36 0 30 24 24 19 13 21 23 17 16 13 8
39 23 30 33 17 12 35 0 32 35 38 9 36 7 36 28 4 4 15 31 38 19 14 1 19 1 28 28 33 34 0 38 21 26 11 5 26 6 6
15 5 38 6 34 34 32 9 15 33 23 39 16 13 19 37 3 17 23 19 14 36 32 8 0 27 7 9 17 37 15 34 25 39 25 16 17 0 6
29 10 7 7 1 21 38 32 35 32 24 2 18 12 26 36 13 15 6 23 21 2 10 37 30 15 11 3 19 10 33 15 9 16 37 39 6 4 34
0 19 12 37 39 20 33 12 15 6 8 18 25 34 17 37 22 10 2 25 11 21 25 23 29 3 38 16 35 13 5 31 17 2 7 21 8 20 17
27 9 21 9 33 4 22 24 39 36 24 18 39 31 35 34 6 19 11 39 35 2 28 6 16 32 33 4 7 37 30 8 12 16 13 5 5 22 8
20 21 8 25 14 39 0 22 38 19 18 6 5 9 33 5 19 2 2 2 14 39 34 2 14 18 8 24 21 27 29 12 14 16 7 37 33 23 9
32 0 31 31 24 22 4 5 39 15 36 11 1 14 21 32 10 21 3 21 36 29 25 6 11 13 20 19 7 14 23 19 12 20 23 28 17 16 6
31 17 33 36 21 15 26 34 11 20 6 8 11 27 25 10 27 3 22 31 3 1 39 26 12 11 22 10 10 17 5 0 16 29 34 11 9 3 3
1 32 38 25 29 17 26 33 33 21 28 4 17 10 30 24 22 21 13 23 24 39 2 2 13 13 25 22 29 12 4 38 19 6 27 15 22 30 3
15 17 26 26 34 34 20 8 32 12 38 17 13 8 18 3 38 5 37 15 28 29 21 30 2 15 13 25 26 3 32 34 34 3 9 14 27 34 34
4 36 24 20 14 25 19 2 18 27 25 4 14 5 37 22 8 29 39 15 29 4 0 21 3 7 22 17 15 28 4 1 20 5 7 4 22 15 18
39 32 35 38 16 24 4 22 22 23 24 31 25 36 36 29 25 26 31 39 2 15 27 21 2 17 3 11 24 14 7 16 5 3 0 23 0 4 10
5 18 1 0 28 2 4 10 26 9 20 7 35 34 5 16 7 28 24 3 5 37 37 10 19 26 19 6 8 27 13 29 30 6 13 9 27 16 13
11 7 26 3 12 33 36 17 21 10 4 30 34 27 19 10 14 6 6 0 25 16 34 39 25 2 13 24 24 7 4 7 17 28 25 23 33 10 13
24 36 8 25 0 30 28 26 20 31 17 18 10 20 29 15 32 15 14 5 11 29 38 11 36 33 15 35 30 3 29 18 7 26 9 21 15 16 27
