13 33 37 5 21 30 26 30 3 6 32
39 26 17 9 27 15 15 15 25 36 20
33 16 17 2 26 28 31 31 14 10 30
13 38 15 1 11 9 18 23 24 6 25
6 36 20 26 16 22 23 22 12 34 15
31 13 9 21 35 19 29 28 18 9 6
8 34 4 14 20 29 23 25 38 24 17
39 14 5 5 2 16 7 7 38 39 13
39 32 28 10 19 23 2 0 28 3 0
24 39 25 20 22 18 8 30 1 23 0
38 9 31 21 33 5 34 3 20 18 12
11 8 22 35 4 36 13 13 30 31 33
29 20 10 11 16 37 2 33 5 2 27
19 16 6 31 32 10 28 1 24 12 21
39 11 22 39 16 29 10 20 34 19 12
36 12 25 12 25 11 4 25 29 32 12
36 15 2 4 21 5 6 26 9 38 25
19 5 27 37 38 38 37 29 36 6 18
14 13 10 27 11 38 19 7 6 30 1
2 17 27 21 33 18 3 38 1 35 28
22 28 23 31 8 4 22 4 0 32 32
37 36 15 31 28 23 3 17 13 29 29
34 0 0 2 24 38 30 21 16 19 11
25 30 14 35 34 37 23 36 33 9 6
20 25 7 31 14 8 10 22 28 1 7
30 24 35 39 16 26 35 0 32 4 5
16 9 26 19 18 24 27 21 3 34 27
19 10 33 21 24 4 33 9 19 9 8
20 7 5 8 30 1 2 1 3 39 17
8 23 23 26 33 39 3 0 14 35 29
3 35 12 35 35 24 17 18 18 10 22
24 7 7 15 38 17 22 36 16 20 10
17 23 31 26 12 11 27 21 19 14 36
37 15 25 1 5 17 11 0 34 11 27
17 11 6 33 22 34 13 16 15 13 8
29 32 7 27 18 0 28 26 32 14 26
14 12 37 8 34 37 4 35 2 39 3
29 21 20 32 36 24 14 9 37 28 27
2 15 6 30 10 1 13 7 5 4 4
18 8 3 31 0 12 37 1 7 34 32
