35 16 0 23 34 22 22 22 22 32 14 29 17 16 31 17 28 29 17 7 14 0 17 9 1 32 25 37 35 1 35 19
19 25 1 14 8 11 8 10 39 30 10 9 18 0 31 7 3 2 2 1 5 18 13 1 19 24 10 1 31 31 9 25
12 16 7 24 36 6 16 10 14 25 33 0 12 35 6 37 21 6 32 39 30 28 32 8 25 2 32 3 15 36 4 33
31 30 19 7 22 23 7 37 28 26 20 20 9 37 27 36 35 19 11 33 2 29 29 26 33 32 37 23 30 5 12 39
25 28 18 0 21 23 9 5 16 35 36 3 33 38 36 38 39 34 19 18 31 34 7 26 2 18 20 16 0 1 25 23
24 9 17 38 23 5 13 27 15 3 11 30 10 35 38 34 8 22 36 38 7 22 6 36 26 22 22 4 8 35 5 32
25 35 37 25 8 19 31 24 0 26 16 27 28 36 33 5 7 8 9 1 22 8 1 7 6 7 23 26 2 6 1 17
32 17 4 20 29 19 5 7 29 31 34 24 0 22 5 28 6 6 9 25 21 35 17 19 37 18 32 18 14 3 11 26
34 28 4 5 34 26 27 37 32 27 12 11 13 31 30 21 4 38 10 28 39 0 38 35 35 12 34 18 0 20 0 21
39 20 3 14 20 6 1 5 22 26 2 15 11 3 20 33 5 18 13 26 32 37 28 26 19 25 17 3 15 1 6 6
33 1 37 4 29 38 34 10 3 36 28 39 1 39 18 25 23 32 3 17 15 16 3 37 16 10 8 0 12 17 7 12
25 3 30 10 5 12 29 7 23 35 16 27 32 6 6 21 32 39 26 19 21 11 0 27 25 5 27 12 13 24 32 12
10 28 16 34 19 8 26 34 31 8 1 14 21 36 6 36 37 33 37 33 13 5 36 33 29 15 33 21 2 7 21 36
6 4 28 29 3 26 13 39 39 23 15 9 34 15 5 3 27 35 36 34 11 12 21 14 31 18 20 30 6 8 19 25
0 16 1 27 22 36 9 23 11 33 22 34 19 37 27 23 28 31 24 15 7 0 36 8 27 38 11 39 15 25 1 30
38 27 14 21 27 9 28 18 30 10 39 13 15 7 32 17 5 22 38 6 0 15 38 31 13 11 26 12 6 35 13 22
0 13 13 12 20 30 21 20 17 32 13 20 13 34 30 22 7 23 4 5 36 6 2 32 9 26 10 1 8 37 19 11
9 8 25 33 10 17 19 38 0 1 22 12 12 9 28 38 35 23 0 3 24 10 24 25 22 28 13 4 26 20 13 5
0 9 4 24 32 26 14 39 13 22 31 1 38 37 17 31 6 16 33 16 23 1 35 26 35 17 32 39 15 5 19 18
6 18 14 23 18 15 32 38 12 22 4 18 33 14 14 30 4 4 6 38 11 6 15 18 37 25 39 38 31 17 38 1
8 18 7 0 24 6 33 37 31 13 36 12 20 16 21 2 1 36 0 29 31 3 2 27 10 37 4 34 11 26 21 36
8 30 15 21 29 15 24 5 11 12 17 39 25 7 4 35 5 2 24 35 13 27 5 4 22 18 30 7 30 29 36 16
36 9 0 24 34 22 36 23 2 9 10 21 11 19 13 31 4 9 1 15 20 14 27 4 9 38 8 20 2 15 19 12
13 3 26 3 18 21 24 13 6 35 11 16 5 27 12 36 16 6 36 2 20 26 31 30 33 27 16 19 31 1 24 25
32 33 29 33 33 6 28 14 39 5 21 7 17 34 36 26 16 33 9 0 25 24 16 23 19 39 11 17 7 30 26 11
24 38 9 27 34 0 25 34 31 37 30 27 4 19 27 12 37 18 18 12 36 12 4 29 16 30 9 10 33 37 8 11
38 8 7 39 30 38 7 11 10 29 39 23 24 8 23 24 12 14 12 14 13 12 7 37 39 13 15 5 0 29 35 19
10 28 2 27 38 8 17 0 34 23 4 16 30 29 31 30 16 9 8 35 17 20 38 4 5 34 22 12 31 19 14 29
21 3 23 32 32 39 32 0 19 8 11 24 1 10 33 27 28 19 35 24 10 24 3 9 9 25 30 20 21 21 33 31
24 20 20 16 34 8 17 14 17 39 14 31 1 21 8 29 1 21 28 23 19 16 34 28 5 9 11 5 0 15 39 28
2 14 18 38 12 22 2 34 2 27 38 9 15 14 25 18 31 25 15 29 32 33 30 29 9 8 36 18 32 14 27 37
7 2 26 10 29 15 14 17 36 19 20 26 4 4 12 17 8 23 35 7 34 15 4 25 30 37 28 2 20 33 5 14
11 3 37 24 23 19 25 29 30 27 0 27 4 10 5 5 39 13 17 8 22 29 2 37 7 37 1 10 31 34 0 36
14 9 4 12 3 2 9 2 35 11 8 20 18 3 33 38 23 17 39 31 7 21 26 9 26 28 10 16 21 29 2 30
30 18 20 2 10 30 29 2 22 28 29 2 20 19 20 21 15 31 4 8 35 24 22 39 5 33 21 6 21 39 16 16
18 13 24 27 11 26 14 24 8 11 12 15 10 3 23 2 29 3 7 39 11 32 15 1 13 10 17 13 19 21 35 26
30 20 3 29 16 34 29 3 13 32 18 27 25 17 22 3 37 28 18 17 28 22 37 22 2 35 11 39 14 32 18 38
16 6 13 25 11 28 31 18 12 28 24 15 21 33 0 28 15 24 1 6 14 33 10 33 30 24 32 28 38 38 20 2
14 4 31 3 7 15 17 6 13 26 1 20 10 34 35 4 3 10 9 23 24 4 39 15 2 20 6 25 38 23 25 22
32 11 26 23 20 36 29 3 23 35 23 14 36 4 27 34 34 19 37 27 16 7 3 10 11 13 28 37 34 14 21 35
