38 19 24 15 16 13 11 34 9 0 35 4 33 7 3 37 19 38 1 31 36 6 6
0 8 2 8 37 39 29 19 15 0 13 22 26 29 10 29 2 1 37 33 2 39 14
8 5 15 6 25 17 18 7 35 36 16 24 26 22 35 27 21 0 18 8 24 30 6
8 23 10 39 9 27 21 23 25 20 7 34 35 19 6 12 12 0 8 1 0 19 1
17 3 8 18 35 32 26 36 17 13 34 31 34 2 14 10 11 26 26 26 8 12 0
30 23 11 1 11 31 11 23 11 1 9 21 22 12 26 5 22 26 1 39 18 35 5
30 5 20 32 20 12 7 4 14 2 2 7 23 14 32 18 15 34 38 18 31 36 23
1 27 36 12 4 13 25 7 22 17 38 39 14 27 12 20 21 14 8 16 1 16 32
4 39 39 7 24 6 5 0 1 36 7 24 5 10 18 37 33 31 17 4 9 35 3
21 22 27 18 14 20 35 14 15 23 10 27 37 1 23 9 7 5 35 5 9 38 26
36 36 10 15 38 28 13 4 15 14 24 23 9 37 3 23 31 7 3 11 11 0 31
20 29 10 19 2 5 0 11 38 22 8 39 33 11 29 27 14 0 39 29 33 3 29
32 39 2 20 31 7 34 14 3 32 33 15 24 21 10 26 10 22 26 11 7 10 18
20 14 34 22 8 16 2 22 29 8 22 32 32 7 15 4 24 26 37 26 1 15 25
34 17 2 6 5 31 37 16 20 31 7 17 30 9 28 16 0 16 21 27 8 19 9
35 21 22 10 27 9 14 21 39 20 20 31 28 31 38 17 10 30 37 10 9 15 4
22 26 2 24 15 37 17 12 27 27 6 10 18 1 39 18 4 0 17 12 5 34 28
11 7 15 11 18 23 31 1 33 18 38 13 29 39 29 35 13 13 20 0 18 1 5
24 21 21 19 4 18 16 17 35 29 13 33 14 30 36 22 6 36 23 27 13 21 33
31 24 3 12 6 30 11 5 0 25 20 37 31 20 39 28 19 19 36 29 15 6 7
33 25 34 6 10 12 14 22 12 19 6 35 28 31 14 30 4 28 2 14 36 36 14
26 9 9 38 36 30 28 30 16 19 25 4 28 20 6 32 24 21 30 4 19 32 37
3 17 33 16 37 12 32 34 5 12 25 27 2 16 6 18 15 32 30 4 23 30 0
6 28 29 5 35 12 9 15 27 5 26 29 38 23 27 31 4 3 38 7 30 23 37
2 16 17 20 34 30 32 36 0 18 5 1 32 39 24 22 9 6 29 10 8 34 22
12 19 33 37 37 28 8 23 11 27 28 29 37 33 0 16 31 27 38 8 10 28 35
3 21 36 33 20 25 19 23 21 37 6 11 0 26 31 18 32 5 4 10 7 23 39
1 30 34 28 33 10 13 36 14 25 38 33 15 22 9 22 17 25 24 38 22 33 38
0 28 5 23 20 39 25 24 10 17 1 26 35 16 7 32 39 26 2 16 32 21 28
17 12 16 37 8 30 13 21 8 2 36 19 25 16 23 9 17 13 3 2 4 37 15
11 9 26 19 39 21 27 11 13 21 3 17 24 2 1 23 3 6 39 38 21 26 28
8 25 38 14 20 32 34 18 31 30 29 38 29 23 34 11 33 33 0 28 30 20 32
19 4 39 5 9 25 14 35 38 3 25 7 16 8 31 38 21 25 10 32 37 8 5
22 13 18 3 4 28 12 16 24 7 24 25 2 2 33 8 36 13 11 34 11 15 15
34 3 28 13 36 36 6 36 20 11 27 34 25 31 29 3 9 13 31 32 37 6 36
17 16 5 22 33 14 32 29 38 29 13 35 3 26 11 12 15 28 5 3 34 18 34
1 17 35 19 16 21 1 35 7 2 8 15 14 18 17 24 39 3 0 39 27 22 30
4 23 2 17 6 4 20 4 3 27 33 12 35 20 35 19 24 1 32 19 15 25 33
12 19 34 13 34 28 35 25 27 37 6 3 17 25 18 24 12 28 16 29 19 25 24
30 27 24 12 2 30 26 10 13 4 9 13 7 10 9 21 38 29 1 0 9 13 30
