22 24 34 29 27 38 21 20 21 4 17 39 37 9 32 10 39 34 31 37 17 28 15 35 31 33 9 27 30 14 35 14 29 31 9 22 32 28 1
38 32 12 18 26 15 7 10 37 16 13 30 37 23 24 22 22 39 16 22 26 20 23 19 16 25 34 26 2 33 19 5 34 25 32 37 10 33 0
22 31 38 9 7 15 27 14 10 9 10 30 30 20 32 32 26 5 25 34 19 23 39 21 28 28 23 22 1 22 25 20 18 21 5 33 12 14 27
24 13 12 13 33 22 4 15 18 25 22 35 27 37 22 34 32 6 16 11 11 8 18 28 18 26 8 21 32 21 19 7 28 14 11 39 39 19 8
17 33 26 31 19 14 3 8 15 21 38 19 20 9 0 13 27 20 18 31 13 35 36 6 38 7 35 31 30 23 24 35 5 27 29 7 34 11 38
24 19 30 38 29 32 34 22 9 32 17 10 18 39 18 13 33 12 13 5 5 9 10 2 8 32 10 10 25 9 23 1 31 2 34 21 4 11 18
38 25 24 8 32 39 17 34 10 16 36 29 35 34 24 13 35 18 3 28 23 14 4 18 25 13 6 6 12 21 14 37 27 14 17 22 14 30 31
30 19 36 2 39 11 27 1 38 34 11 26 22 25 15 30 11 29 9 25 39 12 32 12 38 4 24 17 23 31 14 3 13 12 31 9 4 23 23
28 25 27 13 13 6 35 4 22 22 39 8 8 35 12 39 23 24 20 9 15 33 16 3 5 3 17 12 18 29 16 29 11 13 31 38 36 30 3
38 39 30 2 14 25 10 5 2 23 23 29 4 9 9 8 24 20 7 23 0 5 35 21 21 26 18 31 0 11 27 19 5 33 7 0 21 37 13
16 23 16 24 14 26 26 2 9 30 6 1 2 20 32 5 38 14 15 26 0 5 32 12 31 35 5 37 35 27 16 5 11 15 39 35 28 11 1
36 20 24 7 12 28 23 36 7 19 13 34 12 14 12 27 35 7 17 29 39 29 3 3 22 35 11 11 17 9 32 10 8 3 5 15 10 4 24
3 1 33 25 28 29 11 34 20 8 20 11 30 11 38 5 29 29 7 7 25 10 33 28 31 34 6 8 13 33 18 19 24 7 12 12 35 2 38
3 13 13 3 8 8 14 28 21 27 11 1 27 6 4 5 36 31 4 5 34 32 6 20 12 7 39 33 35 20 37 8 29 14 18 21 9 15 38
31 22 4 9 2 13 10 39 25 11 10 14 14 34 37 17 31 6 19 15 14 14 38 24 6 7 19 3 6 27 0 27 6 24 0 2 13 17 26
29 19 27 3 2 36 1 38 4 25 34 25 22 36 7 10 8 32 36 19 26 20 14 35 20 0 33 37 15 15 18 24 10 25 35 11 22 24 13
20 10 37 17 37 10 37 25 17 1 31 6 24 20 38 27 38 36 20 37 17 8 3 21 1 19 39 39 19 1 10 8 21 39 23 35 26 24 34
4 24 34 19 16 32 30 33 6 37 16 20 30 5 0 33 23 11 21 20 38 14 16 30 24 19 8 0 26 7 11 29 18 6 25 29 14 24 33
35 35 22 1 3 25 34 25 20 19 5 21 5 25 36 24 6 4 28 37 35 3 3 6 35 9 36 8 12 17 15 31 2 26 22 5 13 34 23
7 5 29 34 4 15 17 24 39 28 4 11 18 28 15 21 14 16 17 32 21 16 2 1 38 3 14 9 1 12 26 29 37 25 32 23 33 3 24
11 16 29 30 33 12 17 18 12 4 10 0 16 35 24 8 4 2 9 16 32 17 24 22 15 1 31 15 25 26 23 27 33 13 2 13 23 34 29
31 38 27 28 35 28 33 36 0 4 13 37 18 28 0 32 36 39 17 36 9 19 16 9 3 19 27 3 6 2 16 29 2 39 5 25 33 13 9
0 2 3 18 14 8 8 26 5 3 32 15 24 7 1 3 1 29 30 20 11 1 33 25 38 35 38 34 2 2 23 6 32 27 32 18 0 15 30
34 10 37 11 31 26 9 9 29 1 8 30 17 9 6 29 36 1 2 20 26 37 2 7 31 39 32 22 4 29 31 16 5 32 19 7 7 20 18
3 33 5 11 6 17 0 19 10 16 27 1 8 20 22 38 6 18 9 20 17 29 34 28 7 27 14 15 4 25 27 12 36 14 16 17 15 11 19
8 6 12 39 3 18 9 15 16 18 15 14 18 7 33 28 7 27 12 2 34 6 22 20 1 37 2 39 28 5 31 17 24 15 1 19 21 36 33
4 36 33 29 1 32 31 32 22 10 10 23 36 7 38 33 30 10 30 2 28 15 35 3 1 9 20 23 37 17 1 35 19 16 33 18 37 34 14
8 30 21 0 15 7 35 38 2 31 13 3 39 24 13 16 34 28 11 4 25 29 21 20 24 10 9 0 6 14 14 22 24 4 38 36 2 35 30
8 32 33 12 21 34 21 11 37 13 33 19 28 28 21 27 32 30 18 36 25 6 19 26 3 30 12 24 37 0 37 2 2 30 3 25 32 10 0
19 15 20 5 0 12 26 36 30 9 23 6 7 22 11 12 11 12 23 29 29 27 24 39 8 17 8 23 19 21 17 37 29 29 4 0 13 20 36
34 33 7 38 9 31 30 30 5 27 17 20 29 10 38 17 2 34 1 12 2 38 28 23 26 7 22 17 26 28 28 4 0 38 39 6 8 22 27
14 2 21 30 4 26 23 27 36 38 34 16 35 4 13 31 31 37 14 0 10 38 12 9 20 0 4 33 7 23 18 23 25 5 7 8 35 0 6
28 1 5 37 36 6 26 17 26 36 22 5 10 21 28 2 20 3 15 2 0 7 13 10 19 3 5 34 39 11 23 28 23 22 22 19 0 1 34
30 24 3 4 28 12 38 26 21 17 20 34 28 26 17 5 25 8 12 22 37 35 31 0 20 15 12 1 39 13 9 26 2 21 19 25 1 34 17
30 23 19 17 0 5 28 12 33 6 18 7 31 15 30 11 27 6 3 14 37 0 13 25 2 24 12 32 1 22 1 5 26 4 16 18 20 32 33
18 18 36 8 21 27 38 3 8 6 20 31 6 11 39 18 9 4 11 26 18 10 15 4 33 0 22 10 26 4 13 16 0 15 12 31 38 10 27
11 7 26 35 32 11 21 32 15 31 29 26 6 21 15 18 13 16 28 21 15 36 36 23 4 37 39 37 37 18 39 38 24 25 8 36 36 27 29
16 32 23 16 16 28 39 17 1 21 39 1 3 16 14 18 0 34 31 36 0 33 28 36 36 10 26 28 23 6 25 15 19 13 29 26 39 9 1
6 9 30 1 2 21 5 33 0 27 35 15 31 7 4 30 10 26 16 30 12 24 16 17 4 7 31 22 19 14 22 36 30 27 35 8 4 12 13
9 7 19 25 6 8 37 8 14 27 37 39 39 5 0 21 35 11 7 0 1 16 16 29 36 2 36 32 23 25 10 16 13 33 3 30 21 3 37
