35 2 28 10 37 36 10 31 9 30 12 6 18 5
14 39 12 11 12 19 35 29 24 27 36 33 14 8
28 4 5 29 34 11 37 38 35 19 9 34 28 32
16 34 21 23 29 20 5 3 28 8 18 4 13 12
22 37 10 32 18 22 17 14 0 20 17 4 19 35
32 30 27 24 24 10 10 26 28 35 23 12 18 20
26 9 0 29 14 27 26 32 11 17 10 5 24 10
15 13 39 16 3 4 1 8 19 3 11 25 3 3
2 13 1 15 18 5 7 36 30 15 29 22 33 33
33 16 39 10 20 21 39 26 0 6 20 26 4 37
25 39 38 24 3 5 11 27 33 2 22 39 26 31
36 38 1 0 34 10 13 21 35 27 38 22 13 12
15 29 38 11 16 15 26 16 19 14 11 2 3 19
4 28 9 39 24 5 25 0 27 15 34 24 0 23
12 5 1 31 16 8 31 24 4 0 37 28 37 1
22 0 23 8 3 23 14 19 22 34 25 30 18 37
1 25 35 3 7 38 13 29 28 33 13 7 4 14
32 31 20 31 5 29 38 16 24 21 35 39 17 37
35 9 19 36 6 3 10 24 8 12 0 38 23 12
39 3 10 28 35 36 7 15 4 23 35 24 14 39
25 6 38 7 2 16 1 35 34 34 19 28 12 26
34 17 24 31 0 3 11 14 19 31 35 26 24 4
23 27 38 21 9 18 7 8 6 18 1 30 19 33
22 16 32 11 34 6 13 5 21 18 30 37 34 25
26 16 12 30 32 10 8 25 16 37 22 11 11 14
1 37 31 2 27 9 32 38 29 30 23 13 22 21
2 7 15 6 36 21 21 31 15 19 20 6 13 17
29 37 24 18 16 28 17 15 16 7 36 32 17 23
30 36 36 14 13 3 0 2 6 33 14 15 8 8
25 0 27 21 9 27 2 21 34 27 9 20 17 1
6 37 22 0 18 6 13 20 2 25 17 9 20 16
23 20 3 22 18 31 15 27 30 25 25 36 35 7
23 39 9 11 4 6 2 7 17 27 0 8 29 22
26 34 9 13 31 39 25 10 2 7 25 12 33 19
5 5 17 21 14 38 9 8 17 36 13 23 1 21
26 21 11 32 28 20 12 20 8 34 9 28 4 5
17 26 1 22 12 1 32 11 31 4 6 32 36 6
36 31 29 33 19 26 33 37 32 15 7 30 39 33
33 23 10 38 5 1 7 33 30 29 14 4 30 32
15 30 27 2 20 39 2 18 7 38 18 8 29 28
