22 35 6 38 17 4 39
39 19 1 27 37 1 12
29 36 28 24 31 20 31
22 26 8 32 16 20 35
27 26 13 33 24 8 17
13 2 2 34 9 18 5
21 17 11 15 23 31 13
16 12 12 18 25 17 30
12 35 31 22 20 31 39
38 34 18 34 13 21 26
29 7 6 10 8 37 2
27 36 15 37 3 0 23
30 19 18 19 6 18 32
6 19 16 35 4 15 8
9 22 39 1 28 10 23
33 32 14 7 36 5 37
32 19 19 14 27 34 38
1 23 12 24 8 2 11
14 31 25 29 20 39 10
38 5 11 30 9 6 25
2 38 36 11 19 9 28
9 16 3 35 22 0 14
7 28 14 22 24 4 11
5 18 27 33 29 24 26
10 10 33 21 4 38 26
24 16 29 33 6 33 17
10 3 20 3 20 15 5
5 0 23 1 23 32 13
34 7 16 32 25 21 26
39 15 38 12 32 20 7
27 25 30 10 28 29 17
37 2 21 26 18 9 3
1 34 25 5 11 4 12
3 28 23 6 0 4 30
1 28 35 8 0 37 25
14 30 7 24 39 36 30
0 14 2 22 31 8 3
37 21 16 36 29 13 36
13 34 4 17 33 0 11
27 35 9 15 21 7 15
