38 27 37 11 17 2 13 33 28 6 7 10 34 31 17 8 14 26 37 13 20
16 32 34 17 25 4 14 1 25 8 36 7 27 31 35 19 7 32 9 18 31
38 20 0 31 38 13 26 27 12 8 16 29 39 1 14 36 36 5 11 12 1
29 1 24 21 24 25 8 7 39 30 18 7 36 27 18 36 0 27 18 14 38
27 19 5 3 37 6 34 39 2 13 21 23 19 36 23 3 33 1 12 11 21
24 3 23 28 29 12 0 38 37 16 36 29 12 6 14 9 18 13 0 26 1
30 37 25 20 11 22 22 18 19 5 24 7 5 12 25 5 12 23 0 32 3
17 19 22 19 29 5 22 6 20 1 34 24 18 33 12 32 33 35 5 3 30
9 11 37 19 26 8 8 4 10 38 39 1 34 38 21 28 8 29 9 24 16
28 16 38 33 30 38 4 34 16 19 4 22 21 26 38 22 22 23 16 24 33
34 38 4 18 16 29 4 7 3 37 29 10 30 31 17 0 21 31 27 20 1
5 28 13 15 34 4 21 12 28 1 28 3 9 6 27 30 30 6 11 29 22
15 22 10 27 30 7 39 24 31 27 23 34 33 3 14 26 11 39 31 8 5
12 39 37 17 33 8 6 0 4 4 13 19 24 6 6 39 35 9 12 33 24
35 2 8 21 24 18 22 27 32 17 29 12 9 29 35 36 27 37 12 17 17
4 29 2 10 7 36 13 2 30 23 31 15 17 15 25 9 16 2 11 33 5
34 19 36 18 14 35 30 14 4 26 15 29 4 5 1 27 39 11 22 5 16
25 34 4 7 28 33 19 20 13 27 11 0 27 20 36 21 15 36 9 7 30
11 10 15 6 23 3 26 10 25 32 6 15 35 10 38 28 15 12 6 25 39
15 35 23 21 20 38 31 38 22 6 34 31 30 8 10 23 37 10 3 5 39
17 19 33 23 36 35 22 25 24 0 14 1 20 26 36 9 35 6 38 5 30
9 30 33 26 21 4 14 10 9 2 28 22 37 32 9 32 10 4 2 7 24
23 12 0 14 19 38 38 3 30 20 9 0 36 32 34 26 8 1 23 10 1
3 31 2 30 4 7 38 13 31 26 33 12 17 29 30 37 9 18 19 12 18
16 18 35 18 28 5 32 17 32 15 33 15 16 11 1 0 21 11 26 39 7
13 29 18 10 15 19 5 39 37 14 14 5 23 16 31 39 33 10 24 7 39
18 0 19 20 31 21 8 35 36 28 2 24 25 37 33 15 6 8 16 29 25
16 13 19 11 15 26 35 21 2 1 9 8 9 10 16 36 33 8 29 0 28
18 0 13 3 2 15 21 16 28 16 21 28 26 3 11 36 2 21 4 11 0
5 3 24 3 37 27 20 27 7 36 22 13 4 31 30 34 34 28 32 19 5
26 23 17 15 6 14 32 20 28 11 39 13 39 34 9 32 11 17 29 32 37
30 13 2 6 7 11 37 34 32 17 17 39 15 18 1 20 34 16 8 20 35
28 17 39 5 10 22 18 7 29 15 6 4 7 20 25 16 18 35 22 24 14
23 7 37 11 13 13 16 30 35 17 2 2 32 20 39 12 0 25 34 20 8
0 0 31 24 25 22 10 32 18 0 38 2 9 35 3 21 28 12 22 30 32
23 1 36 32 20 31 8 4 12 2 2 37 14 21 27 2 1 22 31 25 28
4 6 10 8 23 33 35 19 33 10 9 21 7 26 3 14 28 32 14 39 21
35 26 31 20 12 36 0 2 27 14 13 37 10 13 34 35 20 26 29 23 25
22 19 17 29 1 35 33 23 31 38 24 19 14 3 23 3 6 34 24 1 38
37 15 24 26 26 9 25 27 25 11 6 14 13 3 27 17 25 8 25 5 15
