1 3 5 20 8 18
37 37 38 0 37 11
28 29 7 33 39 6
28 32 24 8 24 7
22 31 32 29 0 19
12 26 0 31 7 0
1 21 18 23 13 35
36 34 22 34 11 28
37 16 3 7 22 21
15 13 39 19 30 14
32 2 10 19 27 33
31 25 17 31 19 9
9 39 21 13 28 25
0 5 35 16 25 2
21 17 7 14 33 38
35 22 36 14 18 20
9 15 11 32 37 4
6 12 5 34 24 24
4 23 35 2 1 22
16 25 35 26 14 27
23 5 11 39 32 11
31 26 39 25 29 13
10 17 10 23 10 15
36 27 34 8 30 20
21 6 16 26 33 9
18 9 24 39 27 34
29 18 6 38 10 19
12 26 3 16 4 30
2 5 24 16 6 23
15 13 12 17 35 3
36 3 28 4 6 17
34 14 1 29 32 1
27 28 22 20 14 1
11 10 8 3 20 12
30 13 12 8 2 15
38 7 30 36 37 26
38 27 30 4 19 0
20 18 33 38 31 23
4 5 33 25 29 17
9 15 21 8 36 2
