31 12 4 35 22 35 33 0 0 29 39 5 35 23 8 23 14 38 32
36 39 25 24 31 33 2 19 39 20 17 16 13 15 19 6 11 24 27
20 21 20 20 20 22 17 6 29 30 1 13 23 16 39 5 27 8 32
25 28 13 3 3 37 15 15 15 15 19 18 26 24 20 31 12 4 15
21 18 12 0 25 37 8 16 27 9 39 19 5 5 16 18 3 21 19
27 10 23 15 28 16 18 12 20 13 11 30 2 0 4 4 38 30 27
30 26 24 23 2 25 10 22 23 12 14 26 1 36 25 32 17 37 31
36 13 13 7 7 35 14 22 39 24 29 29 38 29 26 22 14 13 17
23 32 18 27 12 25 10 4 22 26 30 13 17 10 0 33 2 10 34
32 24 14 11 21 31 37 25 29 11 28 4 39 12 24 26 25 25 30
35 33 5 27 35 8 26 6 24 14 13 28 20 8 36 35 20 8 36
15 25 14 9 31 20 12 33 33 28 9 5 34 27 27 16 1 14 17
27 0 4 18 26 24 35 8 19 5 16 11 21 21 36 6 9 3 26
36 3 21 7 7 2 32 39 5 1 14 32 10 25 8 20 24 7 33
9 11 36 24 28 31 7 10 17 26 13 6 30 7 11 30 0 20 22
22 11 5 3 31 3 16 3 3 30 34 19 33 1 18 22 18 17 3
28 22 23 5 15 12 29 4 26 28 16 16 1 35 30 2 22 11 4
21 18 35 2 20 34 1 38 14 34 20 8 26 30 6 7 11 15 18
4 12 8 17 37 5 28 3 38 25 24 15 19 37 15 4 37 38 17
38 33 24 12 1 3 23 25 23 22 15 19 19 1 18 4 33 30 4
2 2 2 2 20 20 11 29 17 33 1 5 3 26 17 10 13 14 10
2 4 28 35 17 29 13 25 31 9 12 12 38 21 21 29 23 34 4
15 23 23 16 37 32 0 2 8 7 39 19 16 31 6 15 7 14 31
28 22 8 39 22 16 5 6 24 19 2 19 6 27 31 21 0 0 27
9 12 6 19 1 14 23 10 30 26 30 7 18 3 9 13 1 28 32
3 11 21 4 1 8 6 9 19 18 13 31 26 29 6 27 33 9 9
6 38 12 38 31 10 16 3 24 14 8 20 7 34 6 17 25 9 12
12 33 5 10 36 8 31 4 37 11 11 23 27 27 2 25 1 23 5
23 21 34 16 3 33 37 5 39 14 18 16 11 38 9 38 10 35 24
21 20 2 38 36 16 0 9 7 7 21 7 38 29 29 25 31 39 33
6 2 15 24 36 24 16 5 8 17 14 36 19 35 35 14 5 33 9
35 0 39 21 15 26 11 37 1 27 9 14 22 23 25 3 29 6 22
34 8 38 9 38 35 34 33 22 35 13 13 37 37 38 6 2 0 24
27 10 28 19 34 32 34 1 0 11 20 11 15 19 25 8 30 29 13
32 28 39 34 34 33 32 33 17 15 39 37 34 34 11 17 26 21 8
10 31 21 32 12 0 17 10 32 7 0 36 16 39 0 28 30 30 10
1 13 7 27 14 38 37 29 35 12 30 39 30 6 10 37 39 38 10
37 37 28 22 39 3 18 36 31 4 9 34 27 32 32 18 18 6 36
19 32 32 26 26 36 29 17 21 28 18 28 7 32 29 5 18 0 36
23 34 1 31 37 28 1 22 34 7 13 0 36 35 2 4 9 29 36
