16 11 29 13 17 7 31 10 25 7 15
13 35 35 8 24 1 32 1 34 38 22
10 36 30 13 25 12 33 29 15 14 1
0 30 10 36 39 32 21 31 29 8 17
33 27 25 32 22 8 27 1 21 17 39
30 19 14 6 25 9 0 4 19 27 4
0 17 8 26 11 15 5 19 38 27 20
4 17 36 36 6 28 37 3 21 9 28
24 36 34 26 21 0 17 5 31 28 7
16 3 37 34 11 2 33 23 7 37 17
19 9 35 1 25 30 16 12 18 19 31
14 5 5 16 21 11 24 4 27 24 17
14 2 37 28 37 7 16 2 27 7 37
13 25 31 39 10 10 1 26 37 38 34
16 29 31 34 33 5 33 37 25 32 27
39 16 38 30 22 23 24 32 10 16 23
11 9 11 9 2 1 39 29 5 34 20
22 32 15 18 28 10 36 23 20 6 3
11 15 8 35 0 3 25 26 19 31 22
4 12 18 35 21 3 2 35 17 27 9
30 24 16 6 9 36 18 32 3 3 7
33 29 37 7 5 32 22 15 16 35 0
29 22 20 33 36 15 8 22 38 22 36
24 14 37 2 27 4 6 21 13 12 27
4 12 9 38 13 33 11 8 21 29 26
27 28 26 38 23 18 2 22 20 3 25
15 1 19 6 13 26 38 5 34 0 13
14 23 29 0 13 38 29 6 32 19 3
11 24 12 6 4 26 18 30 26 28 9
11 22 28 39 20 13 5 13 39 1 17
25 34 35 31 15 4 9 38 23 19 31
14 32 12 39 6 9 15 8 6 30 28
28 8 6 1 11 2 39 24 34 18 29
19 7 30 4 32 35 31 2 14 35 8
3 7 28 20 35 20 4 12 23 18 23
18 10 33 20 34 36 1 12 33 24 33
34 38 39 2 31 14 21 12 3 14 25
0 0 5 26 30 20 10 19 17 20 23
10 36 10 16 24 21 21 12 7 23 18
2 14 5 37 18 0 15 26 39 8 30
