18 1 29 17 38 0 35 20 39 11 2 12 22 11 18 33 26 32 37 11 17 2 0 38 19 4 20
6 35 37 17 21 19 22 29 1 3 19 38 11 14 20 36 14 3 21 25 20 35 19 2 22 4 1
28 36 39 33 10 36 17 8 12 27 39 31 13 9 16 18 26 21 25 1 16 32 4 29 11 35 26
14 38 19 31 32 18 25 22 14 5 2 8 33 28 31 35 36 31 32 35 32 28 14 4 25 12 37
25 21 3 39 1 30 38 12 12 30 11 16 19 31 36 20 11 34 21 39 6 33 27 5 5 11 9
5 0 7 14 31 19 1 3 18 13 38 18 5 28 31 34 22 33 0 32 5 0 4 15 27 24 6
17 18 38 20 33 10 31 19 37 23 25 0 3 15 9 38 1 30 16 30 28 22 3 31 2 27 7
28 8 11 38 7 2 22 23 30 26 0 34 38 28 13 26 0 27 33 0 23 4 7 28 20 12 35
36 30 12 37 25 18 31 6 16 32 35 10 8 37 14 27 38 38 7 14 31 16 9 27 36 18 21
17 14 14 38 37 16 21 10 38 21 19 34 11 4 39 9 11 8 31 25 14 38 29 16 1 14 12
24 22 28 7 17 36 34 18 8 4 12 6 35 34 29 6 13 12 25 24 25 33 33 8 35 14 9
4 7 26 12 13 31 6 24 24 16 19 17 2 11 28 25 14 34 22 1 30 34 18 7 5 23 34
21 9 15 0 32 12 7 34 32 4 20 15 23 9 37 3 27 12 27 16 7 3 14 24 15 25 26
8 37 17 19 6 37 24 5 3 5 18 2 37 26 13 10 35 15 29 30 33 20 21 13 10 14 12
39 35 8 35 1 29 31 13 29 15 29 16 12 35 9 34 25 35 19 37 26 10 20 8 31 8 32
22 7 8 5 15 6 13 21 11 2 10 3 14 20 15 39 35 29 10 24 3 26 4 1 6 19 10
27 23 19 36 34 34 30 15 14 27 23 36 35 34 11 38 4 22 30 14 28 4 31 37 29 30 10
19 10 13 2 7 29 36 12 15 22 23 39 38 22 7 0 9 18 13 15 17 36 27 38 38 38 36
22 7 8 25 22 31 32 30 12 39 33 29 9 21 38 8 27 11 6 35 0 35 0 9 18 0 3
12 14 3 17 9 1 36 11 22 6 20 37 20 8 17 17 24 34 39 37 35 13 32 3 23 4 28
21 17 23 13 19 23 39 2 25 4 5 13 26 34 6 28 10 11 16 17 17 25 17 5 24 30 27
38 32 1 4 28 33 18 34 0 32 34 15 29 13 21 27 32 8 39 25 29 21 11 5 36 11 5
30 37 21 14 31 12 18 32 9 7 16 19 26 3 26 16 10 12 15 35 35 24 4 37 31 2 19
12 6 4 29 26 25 3 1 11 25 10 4 37 4 3 13 32 15 1 5 3 35 12 8 18 34 6
26 36 19 9 9 27 26 32 11 25 32 7 24 2 18 0 6 23 7 10 36 6 7 23 23 0 18
22 20 5 15 28 30 15 8 7 4 4 7 32 21 22 0 7 30 11 25 17 14 17 5 22 33 30
7 1 39 23 9 34 22 27 33 26 38 36 24 33 19 33 4 2 7 6 35 23 32 10 4 8 9
11 34 17 22 31 35 13 33 38 16 4 3 21 13 1 25 6 36 24 5 32 5 36 8 5 12 13
18 22 8 16 0 31 20 7 18 19 31 5 28 9 5 9 12 39 18 3 30 2 8 16 32 13 19
36 17 0 1 34 5 1 26 26 2 0 39 33 9 5 8 24 30 34 1 24 33 13 12 15 2 14
27 3 19 38 27 30 24 3 4 28 20 20 16 2 34 5 6 32 30 1 10 2 26 34 8 16 6
3 21 37 36 6 22 29 32 13 2 15 36 24 27 38 26 20 39 3 13 13 8 16 20 11 10 30
30 25 21 31 3 27 15 1 20 14 36 33 19 21 15 37 21 2 9 14 24 25 17 0 39 28 11
3 25 2 37 6 18 33 22 29 39 24 17 21 27 4 24 35 1 0 27 23 31 30 0 1 23 35
30 26 29 34 36 20 18 39 27 33 23 29 16 2 39 11 5 10 22 17 6 28 6 39 33 21 28
39 16 33 10 23 16 9 16 38 13 26 29 28 20 2 39 32 31 22 23 34 10 37 36 37 1 7
19 7 1 10 25 14 28 18 28 29 15 26 0 6 9 39 23 18 25 28 26 28 14 17 20 26 8
24 36 15 17 37 19 10 15 9 39 27 33 16 21 33 12 23 20 26 3 37 15 24 20 29 10 15
30 28 31 10 33 20 19 9 11 24 24 12 23 20 29 13 31 13 22 0 7 24 39 6 17 23 10
15 23 29 9 21 2 23 8 21 18 2 0 24 29 2 29 16 16 5 28 30 37 37 32 27 1 27
