27 29 24 6 0 30
35 19 20 29 34 28
20 1 12 7 36 17
21 4 20 3 12 2
9 15 22 21 19 20
29 1 1 31 19 34
15 13 23 27 26 22
38 28 31 20 5 24
19 2 30 4 26 37
2 18 32 27 21 6
37 30 33 7 16 26
20 18 13 32 3 8
24 23 38 17 38 12
14 2 9 31 12 14
13 10 25 21 37 32
32 28 27 14 16 36
17 1 8 6 18 9
15 23 29 22 29 25
10 16 30 23 34 0
22 7 22 13 32 33
5 6 5 24 8 30
7 35 15 6 9 39
13 0 14 16 10 11
3 27 36 39 5 11
14 22 1 34 31 10
38 14 16 7 17 8
37 29 11 35 28 8
36 11 0 31 21 19
17 4 33 8 24 24
31 19 10 4 7 21
23 2 25 10 34 39
37 3 26 13 9 5
0 16 39 39 35 18
38 28 1 11 9 18
39 15 33 3 33 5
36 23 36 26 37 33
35 0 30 2 25 25
27 12 34 17 4 6
35 11 26 4 3 18
15 38 12 32 28 25
