1 22 32 28 29 19 24
20 30 0 20 38 4 7
15 8 3 20 24 21 2
7 37 29 11 18 17 11
2 36 10 36 12 0 8
34 26 13 11 19 6 26
12 33 34 25 18 1 37
9 16 32 25 6 9 12
34 19 5 21 13 29 18
38 0 27 11 8 33 24
2 35 6 27 23 16 19
14 1 35 39 27 35 0
8 3 12 22 28 39 14
39 21 37 34 13 39 21
7 7 14 31 13 13 32
17 12 6 22 1 18 33
37 2 22 34 31 37 35
27 10 4 8 31 11 22
33 31 34 4 29 17 5
16 38 36 1 25 16 14
3 6 27 6 26 38 35
10 11 39 33 38 28 31
10 32 9 3 17 15 36
0 33 4 18 15 25 15
6 8 25 17 23 30 1
5 24 5 8 12 7 19
16 24 26 21 28 30 39
10 13 13 5 7 0 26
28 28 31 28 36 39 27
24 2 21 20 3 12 38
30 23 14 10 30 36 9
2 27 26 37 14 5 23
24 23 7 19 9 23 34
37 20 4 10 31 3 20
36 16 22 9 25 29 32
1 17 29 14 35 0 4
29 22 18 5 26 9 18
35 11 25 2 23 32 21
17 33 20 19 15 30 30
15 15 16 4 3 38 32
