21 24 24 17 17 8 4
20 21 31 32 27 16 24
11 2 2 35 26 28 15
13 10 26 33 23 10 6
10 33 22 29 29 34 25
5 30 26 7 8 6 9
17 33 36 15 7 21 6
20 26 21 12 22 5 35
4 37 9 10 29 11 5
19 23 8 9 28 25 0
4 32 34 18 24 18 0
38 32 29 6 18 28 36
11 28 16 16 12 29 24
33 22 12 14 31 30 34
1 23 10 5 12 34 22
20 6 8 18 12 5 14
3 31 35 10 1 30 29
19 39 21 3 33 3 7
0 10 11 32 16 25 33
12 11 35 33 3 39 20
13 27 14 15 22 31 37
31 2 30 14 15 38 9
36 21 0 28 14 24 16
15 9 32 1 8 11 38
26 8 4 16 1 36 31
23 4 37 39 17 2 38
34 5 1 7 19 38 0
27 17 27 38 26 7 2
30 4 0 26 13 25 0
9 18 35 2 22 27 14
35 37 17 15 37 8 18
25 13 23 13 20 39 20
19 13 14 25 25 39 19
19 30 28 39 15 34 20
13 3 32 36 17 16 35
22 39 21 27 6 28 19
27 3 12 34 7 31 23
5 6 1 24 36 18 38
2 11 32 29 9 23 7
4 3 37 30 37 36 1
