22 8 4 31 4 3 8 9 3 30 27 31 4 15 17 26 38 6 27 4 20
30 34 37 20 31 13 0 7 12 32 28 17 36 37 31 20 8 11 32 16 9
11 4 9 32 23 27 18 13 4 30 37 39 35 34 24 22 1 31 1 36 14
15 0 16 38 39 11 5 16 4 18 37 11 39 13 35 26 38 24 34 36 19
15 10 1 34 19 21 30 18 6 0 27 19 27 5 38 1 24 26 4 4 33
29 29 24 32 30 17 11 23 33 15 20 20 14 20 5 2 25 7 23 18 18
26 18 14 26 1 6 23 28 16 8 29 13 37 36 29 38 36 8 11 26 21
37 9 8 30 31 15 29 5 15 22 11 12 4 18 25 20 12 32 33 3 1
6 21 9 9 35 31 31 27 34 24 0 3 16 36 35 6 33 25 12 38 6
25 28 17 6 35 10 0 20 29 32 12 21 23 1 32 27 6 38 14 19 17
12 36 39 38 1 6 9 8 21 1 12 27 8 26 7 17 34 26 0 21 17
28 19 2 8 31 25 38 31 21 8 1 31 19 13 22 25 18 37 4 28 0
7 3 33 13 17 4 10 12 9 36 21 16 30 17 35 19 32 25 39 4 30
9 19 1 4 9 20 11 31 26 34 29 36 32 26 8 28 15 10 36 7 24
7 31 23 24 36 0 21 21 35 3 6 19 20 25 24 20 0 16 1 30 20
18 37 3 34 39 2 9 17 26 15 8 2 37 33 19 6 27 24 13 2 1
1 13 28 19 21 26 10 32 12 20 7 7 4 5 18 4 34 39 23 17 33
9 39 1 6 22 28 33 28 18 28 21 39 3 26 26 9 2 11 18 12 15
23 12 34 7 33 36 34 14 33 35 25 33 15 29 31 26 16 29 33 7 15
7 16 39 20 14 10 38 28 2 38 12 31 19 16 7 27 17 24 10 38 25
12 19 16 24 3 10 25 22 6 4 23 19 10 0 22 12 33 11 22 13 28
14 4 13 15 25 18 34 8 25 24 35 35 7 16 16 25 22 36 30 11 12
14 12 25 5 18 3 2 10 19 26 6 22 29 34 35 21 18 38 34 34 27
26 13 3 38 16 36 21 24 15 23 5 37 9 28 39 3 39 37 27 0 14
38 29 34 13 21 34 37 18 30 17 38 27 14 27 28 0 10 2 30 39 30
5 38 26 0 38 23 2 4 8 23 22 29 38 7 17 37 22 1 19 31 31
33 3 13 0 26 11 17 10 3 3 32 28 31 3 29 9 20 0 9 10 33
27 30 5 18 23 35 16 20 13 6 5 29 33 14 8 25 0 31 17 24 14
30 23 18 21 35 0 7 10 2 14 25 36 24 0 37 4 8 21 29 6 3
19 30 30 13 15 0 1 5 10 13 39 34 26 11 22 11 16 27 22 11 13
28 36 11 19 15 30 24 13 21 28 24 35 39 13 5 32 15 2 7 18 21
32 27 24 12 2 5 5 12 1 23 2 28 23 27 22 31 21 11 13 33 25
22 17 25 23 15 9 8 22 23 34 19 2 33 32 38 12 22 7 21 1 0
22 23 28 5 17 37 6 5 7 17 32 10 3 36 32 17 25 20 31 32 33
32 3 39 30 19 35 26 14 14 35 14 20 11 14 28 25 39 7 34 16 29
16 8 29 11 6 18 8 2 16 8 5 30 39 35 27 37 32 28 29 14 39
22 11 10 20 24 14 37 9 35 2 10 5 32 5 15 10 35 5 34 3 6
3 11 23 15 29 24 37 23 36 10 10 17 33 14 18 29 9 39 7 2 37
13 22 1 5 7 16 2 35 20 0 39 2 36 12 9 37 16 38 36 36 6
12 8 1 2 37 20 15 9 14 32 24 35 33 19 30 27 15 4 27 6 29
