25 5 33 28 37 37 0 0 31
11 22 38 5 10 37 3 14 39
14 28 7 31 4 15 10 30 20
38 18 17 18 1 6 36 21 27
10 19 19 36 18 2 9 7 28
9 1 33 0 12 29 26 32 19
10 17 3 27 8 16 10 13 28
13 26 35 12 2 21 4 8 12
20 21 31 6 7 38 16 27 20
5 9 9 10 36 20 4 29 34
15 4 30 6 1 9 2 13 6
1 28 37 29 39 26 11 11 28
7 13 25 21 22 5 19 15 7
7 20 12 14 31 25 10 39 6
37 16 32 2 13 24 36 1 28
10 31 39 2 27 26 12 21 26
14 33 30 23 8 25 6 25 24
27 20 38 3 6 33 33 25 23
3 22 26 39 33 3 4 35 35
4 24 4 36 29 24 12 5 29
23 17 38 8 13 9 39 2 8
24 12 8 32 7 23 3 15 31
26 1 18 28 34 12 38 34 32
20 27 24 32 24 21 16 33 17
19 23 21 23 19 14 30 38 16
12 0 30 39 13 17 30 16 16
22 36 7 18 5 15 11 15 32
17 23 34 30 6 15 32 3 8
11 22 2 0 39 14 11 4 6
36 5 35 19 11 9 36 19 37
32 10 35 25 27 16 2 25 24
34 15 34 2 8 13 37 21 0
30 14 37 21 23 27 5 22 26
38 5 16 18 17 17 35 0 23
31 31 22 27 34 34 22 9 35
7 30 33 38 29 18 18 34 37
29 26 39 4 9 19 3 14 29
14 32 1 11 0 0 31 29 35
3 33 20 17 1 35 8 22 24
18 36 15 25 28 20 11 13 1
