26 2 14 12 15 4 2 37
0 18 37 13 21 9 38 17
21 15 26 25 7 18 36 26
22 21 31 14 0 14 3 2
18 1 38 32 39 4 39 30
31 12 30 26 10 16 39 2
29 6 26 27 28 25 0 32
30 7 18 25 38 37 13 35
28 31 7 21 24 0 38 18
38 12 19 9 13 6 5 31
23 19 37 8 17 26 24 28
37 29 38 14 14 24 31 10
1 35 7 2 34 1 36 39
25 15 12 13 11 28 19 33
11 0 13 19 18 15 9 28
13 8 32 4 38 39 6 8
22 21 23 6 35 35 10 21
10 20 20 12 7 33 25 24
34 39 28 34 22 29 14 13
1 11 21 35 24 25 19 8
8 11 25 10 1 20 9 1
22 23 11 8 20 16 19 6
17 5 32 32 36 5 19 35
33 20 17 20 3 39 34 33
6 4 35 34 2 16 34 29
20 16 16 34 33 11 9 1
3 24 30 37 4 15 30 34
28 23 12 7 12 22 33 3
31 36 0 13 36 20 11 26
3 17 6 16 21 23 29 35
23 31 9 16 14 32 28 3
39 27 3 5 23 15 5 22
27 33 23 27 27 15 7 11
27 24 32 36 14 4 29 31
29 27 18 17 2 22 4 36
29 5 1 19 4 7 24 30
37 36 37 12 0 17 5 3
30 15 30 18 17 32 9 33
25 10 0 22 9 8 27 38
16 5 10 10 2 26 8 6
