25 27 2 0 29 33 36 38 36 29 11 8 20 38 11 10 34 18 12 30 37 15 1 37 18 31
29 2 33 9 35 8 22 24 15 34 34 24 3 27 33 34 6 31 13 31 8 36 3 32 27 0
26 4 38 20 28 1 12 27 4 35 0 38 20 19 32 13 39 11 33 18 8 5 13 14 12 17
23 38 16 16 33 23 13 33 8 9 26 31 36 36 9 34 11 29 34 5 30 17 28 3 6 23
29 31 32 34 18 14 26 36 36 16 31 13 14 6 26 16 10 35 11 9 13 21 6 35 1 19
25 19 11 34 35 0 26 16 35 16 3 4 39 18 5 0 34 18 15 26 37 9 23 33 16 23
29 28 13 34 12 29 3 4 26 23 2 12 23 12 7 7 13 10 36 18 11 3 36 24 35 15
12 2 24 5 12 2 25 0 21 31 30 30 37 5 2 5 28 21 24 15 3 30 18 19 6 9
17 39 24 29 0 28 4 15 32 32 31 23 17 4 5 4 26 25 37 25 0 36 29 5 15 24
34 22 36 6 7 33 17 21 33 11 10 17 22 17 22 24 14 37 20 18 21 20 2 11 31 17
15 28 37 29 5 25 35 7 32 2 28 37 2 18 19 21 34 21 31 22 31 20 28 19 20 20
22 2 14 11 2 18 12 7 1 1 2 9 36 32 28 8 1 38 28 39 26 1 33 0 0 29
35 19 35 22 19 39 15 36 27 9 38 15 7 26 21 36 32 35 37 38 16 30 34 21 31 4
17 5 9 17 39 39 5 25 34 0 18 23 3 2 33 23 16 29 21 7 38 8 14 14 28 7
9 3 4 7 9 8 30 24 8 12 4 17 12 13 10 22 14 19 24 29 1 28 7 4 8 38
30 26 30 5 14 3 18 32 7 24 4 18 5 7 17 35 31 23 22 20 6 9 23 33 6 9
30 20 16 24 37 14 16 32 23 30 38 15 29 3 11 6 16 8 7 29 4 19 26 31 12 3
1 26 24 17 13 10 19 20 27 27 28 20 24 16 13 33 20 6 5 27 5 7 20 27 22 19
25 29 4 32 19 2 13 37 3 0 10 15 9 4 3 21 12 35 37 7 31 22 35 13 38 39
32 12 13 36 35 17 6 25 24 0 2 12 38 26 35 14 16 33 37 33 1 39 28 1 12 6
25 34 28 22 16 37 21 30 4 26 19 6 24 27 32 31 18 0 39 37 38 26 3 8 15 15
26 33 13 27 19 32 21 15 18 9 3 1 18 34 19 33 25 14 4 8 33 35 19 5 33 39
1 31 11 16 27 22 38 11 14 18 3 29 29 10 14 37 35 9 36 39 11 2 18 33 37 20
32 4 27 20 31 27 13 2 7 12 39 21 27 6 3 25 0 35 39 5 27 9 6 2 20 23
13 8 2 6 1 6 30 4 11 39 20 23 14 3 39 10 33 30 31 6 1 6 25 34 15 33
21 4 22 34 37 11 26 20 31 17 38 25 12 18 17 1 20 21 13 21 32 24 3 0 31 18
10 23 12 21 38 6 3 21 4 11 34 25 38 19 17 30 24 25 38 32 4 21 36 8 15 3
1 7 12 18 3 6 25 34 27 37 9 0 9 10 28 9 3 16 37 31 23 25 37 30 5 5
11 19 13 24 22 22 13 33 35 12 11 27 2 15 30 0 35 32 28 15 19 17 36 13 31 29
22 37 7 0 23 1 26 29 23 10 20 37 11 32 1 0 35 18 10 4 25 39 17 5 36 29
22 2 10 7 39 30 26 19 8 0 32 14 5 27 11 17 1 3 28 30 25 23 9 33 15 25
26 29 22 26 34 14 22 27 4 34 2 27 13 16 16 8 15 31 18 39 36 14 32 2 23 21
12 5 24 39 36 15 6 8 38 9 38 24 13 16 39 0 19 12 8 36 10 21 16 20 10 27
36 11 1 10 14 28 19 3 1 30 25 28 27 24 29 10 38 22 32 28 16 0 4 8 10 23
13 30 17 13 25 23 6 25 25 5 21 1 17 39 34 2 19 21 10 10 10 26 17 29 10 35
8 0 28 36 22 37 38 10 0 5 16 34 26 4 30 20 15 18 14 22 22 39 28 5 31 23
16 1 0 12 1 24 22 27 35 33 18 7 7 14 11 2 11 36 38 39 13 31 37 7 27 30
23 6 35 20 11 33 6 14 11 38 30 12 7 9 19 28 15 2 7 17 9 25 9 32 32 14
28 27 1 15 23 14 10 21 5 8 35 17 22 8 34 6 36 24 9 30 17 29 7 20 8 10
28 12 26 39 30 14 24 29 14 34 21 26 32 15 8 37 16 39 16 19 38 32 20 8 24 7
