29 26 12 11 25 3 11 1 19
33 27 27 35 35 36 16 7 19
21 13 1 20 21 33 26 6 26
28 26 3 2 38 23 8 1 29
8 25 20 32 24 4 29 13 2
34 18 33 33 15 10 19 17 15
20 2 16 12 31 36 22 5 14
1 9 36 2 0 11 33 4 24
17 7 15 22 0 6 34 36 31
7 13 0 24 12 21 21 33 27
37 35 23 3 39 19 36 34 1
5 32 10 17 35 8 13 37 38
25 19 26 30 8 4 12 6 38
34 8 29 28 39 1 28 25 21
10 10 22 23 32 27 31 14 18
31 1 29 10 39 4 12 0 34
16 39 16 36 30 28 38 12 36
37 31 27 5 37 2 14 16 2
0 6 4 39 33 39 3 28 9
9 32 3 17 15 30 11 28 17
10 26 26 11 30 25 38 2 29
36 8 28 35 16 22 17 14 12
37 37 13 4 20 29 32 4 7
9 15 18 21 34 13 32 3 28
13 5 18 38 5 11 15 25 18
10 11 2 20 33 9 26 21 22
31 38 11 35 30 31 18 31 25
34 34 3 30 6 6 24 31 8
30 27 4 6 35 35 12 33 7
17 1 37 7 10 16 3 24 8
19 37 17 18 9 15 1 9 24
5 32 3 20 9 24 35 6 12
39 24 23 14 19 34 15 38 27
13 17 18 14 11 9 37 30 5
13 23 16 20 29 23 10 16 8
22 2 25 22 7 21 38 36 4
28 7 0 15 21 22 14 20 22
23 39 24 26 23 14 0 5 18
27 32 29 39 30 0 6 7 25
20 14 5 0 27 19 19 32 23
