29 36 36 19 15 30 6 0 35 19 23 22 23 23 0 11 28 33 22 29 32 32 29 13 23 35 38 38 29 10
34 14 26 38 14 2 31 26 18 3 15 22 9 16 27 30 21 15 6 5 9 36 26 5 33 26 14 34 7 10
4 10 11 26 21 4 38 33 38 13 3 22 27 11 6 1 25 5 35 16 4 34 19 10 21 26 13 0 26 35
9 8 10 29 15 16 23 25 21 11 19 28 32 23 8 29 19 35 32 4 28 23 25 5 1 37 32 20 27 14
14 6 36 29 38 28 16 9 1 38 10 17 8 16 36 10 31 27 11 18 37 28 15 7 1 14 2 33 35 30
12 35 11 24 31 12 7 23 26 21 20 38 17 21 32 9 23 28 8 17 7 10 7 11 28 34 18 14 6 17
4 37 24 21 22 23 25 18 17 5 9 9 17 37 39 30 21 33 22 38 33 11 0 26 15 12 29 28 4 25
5 12 5 18 5 33 33 24 18 32 12 17 4 9 16 36 33 10 27 15 37 31 27 29 19 19 37 20 19 20
2 10 24 27 5 20 25 37 4 9 21 39 2 15 39 38 34 16 8 3 14 2 7 33 34 26 7 39 6 37
3 12 22 4 23 0 36 7 23 18 15 32 9 8 28 13 26 9 20 3 11 34 24 31 39 24 28 0 5 2
8 22 30 9 11 20 1 13 3 13 31 1 28 9 23 16 9 2 15 27 36 22 9 27 13 37 11 24 6 20
33 38 16 14 19 39 26 39 16 6 37 12 11 28 33 31 3 0 5 30 1 18 22 6 0 13 31 33 35 35
21 7 12 18 17 9 29 0 5 8 18 9 19 34 30 39 25 35 8 3 8 28 22 30 4 20 18 22 8 11
4 27 18 27 16 12 2 33 31 12 8 32 34 29 10 28 12 19 22 22 4 19 10 35 20 1 10 7 23 6
23 34 31 26 10 9 20 16 24 16 29 12 9 25 25 10 18 0 24 29 2 5 39 17 2 15 11 1 8 25
19 0 14 30 4 2 2 1 26 29 25 10 9 31 29 8 11 9 16 13 25 25 35 7 8 32 1 11 19 25
13 16 29 36 34 4 1 14 18 25 31 23 13 2 25 38 34 39 2 39 24 39 25 14 26 36 4 39 15 8
3 1 12 0 6 28 7 2 34 15 13 38 10 19 22 30 15 36 38 3 29 10 26 4 18 14 12 13 31 31
17 37 5 5 3 13 1 29 30 2 34 29 22 13 27 35 1 26 7 23 8 7 9 14 21 8 19 25 35 0
31 17 32 8 39 2 9 7 26 39 11 15 8 29 7 20 14 15 20 22 33 36 9 15 21 35 32 36 39 27
18 15 21 34 17 31 22 20 29 7 31 5 25 17 2 17 14 4 12 24 33 23 16 34 34 33 0 39 11 17
12 27 3 21 8 6 3 17 25 6 11 39 6 18 25 30 20 17 37 12 31 20 22 31 21 14 35 25 3 30
32 15 0 39 10 4 9 6 6 13 25 32 13 30 25 2 35 3 15 32 9 22 5 38 18 17 33 27 4 30
12 19 34 2 5 19 13 37 20 18 7 1 38 10 11 20 14 31 5 20 5 18 3 7 2 20 32 27 33 1
18 28 21 35 11 6 24 37 12 3 26 4 35 27 19 26 14 0 11 38 8 14 17 32 14 39 34 16 14 28
12 13 25 36 6 26 6 16 31 15 35 28 22 33 1 36 26 16 32 37 5 36 29 8 16 4 27 30 19 11
10 32 35 23 14 2 22 22 5 18 24 29 5 30 20 4 16 32 31 24 1 24 24 9 21 2 0 27 34 16
26 20 20 10 11 11 14 27 13 5 13 24 13 38 26 22 32 28 34 3 30 21 17 31 22 5 30 34 24 12
36 37 18 3 0 6 15 38 38 7 10 19 21 10 0 4 31 0 8 24 35 6 36 4 5 8 23 3 20 17
24 7 15 17 6 26 20 31 26 27 22 35 5 21 9 7 18 38 1 36 34 23 29 10 12 25 13 33 30 22
0 27 11 18 3 32 3 34 24 38 17 33 35 15 8 33 32 29 36 10 12 27 37 10 19 28 34 34 6 22
6 39 0 6 21 5 35 19 32 16 16 13 15 39 32 22 38 16 30 4 7 23 18 35 12 28 12 1 36 21
36 7 13 36 3 27 3 10 35 13 26 15 39 4 4 23 23 25 27 23 37 8 29 25 3 0 21 37 21 17
19 17 34 30 24 28 21 30 15 37 26 37 12 13 7 10 38 3 24 38 27 24 14 39 17 37 37 24 12 39
1 38 21 30 5 36 27 6 31 15 34 0 8 13 26 2 30 37 1 20 18 16 6 13 28 20 7 7 2 33
24 37 39 16 23 36 36 24 30 14 19 29 27 27 2 31 33 26 13 21 32 2 28 38 23 1 25 31 18 36
28 39 24 1 19 0 7 19 0 33 36 17 15 16 14 9 11 1 35 4 3 39 18 17 17 39 20 32 36 4
36 0 2 24 4 11 21 23 35 5 21 18 15 1 38 32 2 30 33 37 27 29 33 30 29 37 1 31 16 38
10 7 28 34 37 32 8 17 19 12 28 2 8 1 14 3 28 12 3 6 12 0 1 16 25 19 30 37 14 34
28 6 21 6 38 24 0 11 32 28 33 33 31 20 9 39 30 35 29 22 0 11 19 23 20 7 3 23 14 37
