18 23 7 38 0 25 7 16 11 29 16 12 9 33 31 8 4 15 2 11 27
1 12 19 22 8 10 31 27 5 19 0 16 26 23 35 28 32 4 26 0 4
26 25 33 36 14 24 36 22 7 39 3 0 29 2 21 32 29 4 30 17 26
2 25 3 5 22 10 25 7 7 5 24 35 17 10 23 19 2 29 4 18 28
33 16 27 6 14 5 39 39 18 3 21 4 11 8 17 13 12 29 17 21 12
32 9 4 25 13 17 13 12 22 3 32 11 9 0 1 31 26 1 8 3 20
24 28 35 1 14 38 20 30 32 2 29 15 33 0 6 13 28 10 15 31 12
3 17 25 11 36 14 12 11 24 23 8 30 2 37 29 29 39 9 22 20 22
27 35 36 0 8 32 36 23 13 39 34 25 14 32 37 10 8 36 16 29 24
23 35 13 6 8 30 36 27 9 34 20 28 30 0 11 14 39 31 30 9 23
31 13 25 23 1 2 30 23 38 22 33 10 35 6 8 37 10 37 14 38 36
30 19 24 34 0 17 19 22 10 5 6 15 18 17 21 38 18 33 18 24 7
33 21 32 5 11 1 28 36 24 30 21 9 13 19 30 21 5 6 6 28 3
9 28 0 4 10 33 38 0 39 11 25 11 37 31 19 30 9 18 4 20 35
7 6 28 5 35 3 33 37 39 27 25 27 9 34 3 29 18 24 37 30 18
19 2 8 24 30 32 1 19 13 0 1 24 14 11 11 10 23 3 20 1 26
20 36 15 2 2 0 4 25 3 18 20 35 12 23 5 24 3 1 14 3 25
14 18 27 18 21 39 27 31 6 30 13 33 29 34 2 19 29 26 5 15 26
33 36 7 16 21 39 27 11 30 0 19 36 22 31 6 25 21 6 20 26 6
39 35 37 25 19 29 13 6 1 38 16 5 30 5 8 2 13 36 2 1 27
21 34 9 8 17 22 11 4 7 26 34 36 31 9 24 6 37 26 5 28 38
19 14 14 34 16 13 28 17 32 35 11 26 12 37 16 26 7 8 20 13 38
4 10 1 36 13 9 14 10 38 11 35 34 5 27 34 7 4 20 10 18 0
34 2 21 20 5 39 25 22 34 25 9 22 28 34 15 25 38 17 27 4 39
26 35 37 19 9 13 27 16 33 1 23 36 1 6 4 37 21 21 38 15 39
36 38 12 26 15 4 35 14 3 8 27 35 35 21 1 11 17 23 17 13 36
35 29 19 22 16 36 30 26 10 28 16 18 12 33 20 23 16 29 16 15 25
28 31 37 14 34 3 11 16 3 38 38 10 36 17 13 16 10 8 14 39 15
12 19 31 25 17 30 10 12 37 39 34 20 1 38 24 26 24 37 39 4 32
25 11 29 19 31 26 18 32 15 0 38 18 20 5 28 15 7 7 23 7 17
38 12 31 7 33 14 18 21 24 37 2 2 10 32 27 11 31 28 37 19 3
10 31 13 5 22 24 24 34 22 23 32 26 21 34 0 22 18 14 13 20 14
5 31 32 14 32 5 39 15 0 18 10 15 10 6 27 20 9 23 12 23 1
16 4 12 3 1 27 8 6 15 39 4 17 21 20 22 14 6 8 35 12 16
9 23 30 4 16 38 15 28 19 20 4 0 15 28 22 16 22 20 17 2 28
28 5 1 27 8 7 8 9 30 6 19 38 25 18 6 6 29 11 39 34 8
34 37 32 16 32 21 15 38 30 0 5 9 17 29 39 37 3 34 2 33 31
26 7 32 0 26 7 33 27 2 2 7 35 24 3 15 32 33 22 12 20 37
2 9 33 23 24 21 17 22 8 13 29 17 37 1 31 12 32 34 18 28 24
31 29 36 19 7 23 21 33 12 12 3 9 33 35 33 31 29 27 15 7 35
