39 35 9 15 37 32 32 8 26 28 36 35 30 27 7 22 23 4 39 16 25 14 34 11 34 32 6 14 17 15 24 16
27 32 34 13 11 7 2 5 17 1 6 11 1 35 6 8 16 34 17 8 10 18 37 29 25 28 39 11 3 8 13 9
36 36 26 33 31 27 9 22 26 7 36 10 16 32 35 20 13 11 12 37 27 26 11 5 33 2 0 28 23 35 20 31
36 11 39 21 9 32 9 29 1 36 8 6 15 9 33 37 37 29 26 16 15 28 19 7 21 7 35 39 6 28 12 38
19 4 23 20 30 0 18 15 39 17 13 19 39 38 15 5 11 19 26 2 30 27 8 38 0 24 13 1 14 16 32 4
22 12 12 33 10 1 6 26 5 24 15 2 32 39 12 1 3 32 5 28 35 17 23 29 18 28 1 36 37 36 35 3
34 8 6 27 18 17 13 7 38 33 1 24 30 5 22 28 1 28 0 27 33 30 8 16 35 35 34 7 26 30 0 34
21 16 27 16 33 34 12 8 20 18 31 31 3 12 13 23 37 17 32 3 8 5 36 37 3 32 32 2 35 20 0 30
27 8 13 0 35 10 20 13 33 36 36 3 39 35 15 32 5 38 0 17 28 19 8 35 23 9 14 22 37 34 13 35
11 29 20 32 39 25 4 5 30 36 37 38 16 38 9 6 26 14 27 14 18 8 14 10 32 1 28 23 36 11 13 21
37 9 3 3 33 5 39 9 12 14 22 8 11 39 19 39 0 31 3 27 4 32 5 33 30 25 3 34 14 8 8 19
5 28 3 0 26 21 27 28 36 9 33 29 6 32 22 31 11 38 27 31 16 7 11 34 35 5 29 14 25 3 1 22
21 18 23 33 37 38 11 16 18 28 25 12 20 6 27 34 21 18 13 14 9 9 37 23 37 28 31 21 16 1 35 29
8 13 17 24 20 22 10 25 34 7 0 1 10 31 4 27 18 21 39 33 21 9 10 21 36 13 38 18 9 23 30 34
28 22 37 26 4 10 35 35 1 34 9 5 5 1 31 9 23 26 21 15 4 24 18 24 38 7 5 37 27 5 25 8
17 27 38 20 1 36 24 33 26 37 31 19 35 39 16 18 18 9 10 39 23 30 23 22 29 33 36 7 4 11 19 33
37 2 24 27 23 19 34 27 30 4 32 36 37 25 18 7 33 16 27 24 26 13 1 35 7 26 0 36 7 18 17 6
7 32 0 12 1 12 31 20 1 38 21 17 21 38 17 39 25 34 37 0 20 4 35 28 26 31 30 7 16 21 0 17
4 21 32 0 13 3 17 8 14 19 29 21 22 17 39 20 12 35 11 20 10 3 9 15 18 4 25 32 32 23 24 31
29 38 18 32 31 6 2 18 33 7 25 0 16 38 28 10 29 24 33 36 13 0 26 2 34 3 18 14 21 36 6 3
14 34 28 27 23 30 6 12 22 26 22 33 6 11 15 13 26 19 20 15 10 24 10 29 0 23 11 17 3 31 5 24
20 17 39 24 35 34 36 11 10 19 8 5 14 25 34 25 27 29 25 8 3 11 33 0 39 15 24 9 9 31 7 22
10 8 20 13 14 21 39 13 17 39 16 29 12 13 23 28 18 16 15 15 3 25 29 0 22 2 22 19 0 7 10 17
23 20 3 28 9 32 31 25 3 36 30 11 10 5 22 0 22 33 13 15 34 19 1 19 27 7 20 0 14 15 30 10
38 35 28 30 7 18 21 10 36 37 5 12 13 19 23 33 31 4 1 21 11 14 22 17 23 39 3 4 10 33 19 19
2 11 12 14 8 31 3 2 16 14 38 32 25 12 23 14 30 5 14 23 18 10 12 16 12 5 3 24 28 10 24 22
6 39 26 30 20 12 12 39 5 6 37 24 38 5 33 15 4 19 38 31 35 9 9 7 12 37 19 6 23 11 6 2
15 4 12 31 18 21 24 1 18 1 33 6 17 1 31 12 24 7 15 4 2 24 30 10 35 2 26 15 16 38 18 2
26 3 4 2 16 25 14 7 8 9 0 30 11 29 5 30 15 15 19 6 32 35 12 21 27 5 4 29 14 34 20 3
18 26 1 7 37 32 8 38 28 24 31 20 29 8 2 29 17 27 22 36 30 2 21 19 29 26 2 15 38 4 15 39
36 13 6 25 23 28 29 7 2 29 4 24 2 0 25 33 3 33 32 0 30 25 21 35 39 13 21 27 16 21 23 26
6 15 38 30 14 8 10 34 14 27 26 22 14 18 22 4 36 20 11 9 34 34 21 19 2 33 34 38 25 2 10 20
17 31 33 13 4 39 4 7 1 25 13 38 25 38 0 7 4 10 25 29 2 26 30 20 31 20 6 11 15 37 35 19
21 11 12 17 34 23 18 30 2 39 31 20 16 8 25 9 7 32 6 6 36 5 30 16 25 28 15 11 5 22 5 3
3 29 19 16 27 36 9 24 19 19 25 1 12 12 22 9 31 31 18 13 2 33 36 17 37 14 12 19 30 27 8 17
7 17 21 20 27 0 16 12 2 24 2 16 9 38 39 26 29 4 33 30 20 24 34 29 14 5 24 28 6 23 4 10
32 1 28 39 18 16 5 23 20 8 25 14 1 0 11 10 22 1 32 14 14 15 6 24 22 22 19 1 29 2 20 37
19 0 3 16 31 13 7 17 37 17 6 6 38 36 1 15 27 23 7 12 21 24 15 35 11 10 17 3 15 29 10 13
22 4 39 38 26 30 28 29 20 2 23 9 28 4 27 24 37 8 6 25 23 18 17 16 26 22 37 2 13 24 38 8
34 4 13 25 0 31 28 2 11 21 29 29 34 28 26 26 9 30 35 36 22 34 4 32 38 6 19 10 37 37 12 31
