4 24 31 1 36 9 4 23 34 34 15 7 36 38
2 29 39 21 27 2 36 30 3 10 23 38 23 10
2 18 31 1 12 21 26 32 6 4 25 7 12 10
6 6 17 0 19 34 26 25 35 0 1 28 11 21
33 11 30 7 12 25 16 16 19 16 28 5 25 8
2 1 26 15 39 11 34 32 31 15 22 15 16 6
9 13 22 23 22 17 29 36 13 23 8 20 10 37
18 9 26 16 21 15 15 30 11 0 35 9 29 10
22 0 30 10 35 28 13 31 3 37 32 18 28 10
33 8 8 12 34 27 20 18 24 8 35 19 4 32
0 5 3 20 18 28 28 23 37 21 35 32 28 37
1 35 1 31 16 36 33 24 32 19 27 37 20 39
36 15 13 36 24 2 29 6 1 31 7 14 33 21
2 35 5 28 31 38 11 4 14 9 2 30 39 5
10 39 27 3 26 15 14 22 39 38 33 36 34 8
21 35 32 2 3 29 33 4 16 16 1 18 14 16
16 24 26 29 20 11 31 23 20 14 17 19 22 18
33 35 12 6 7 26 36 20 36 25 37 28 1 26
22 32 31 6 39 16 8 33 11 8 2 14 2 31
25 6 2 22 3 5 31 35 7 39 16 10 28 18
23 15 38 9 29 13 26 15 32 8 15 39 9 19
14 8 38 28 1 34 11 39 23 32 21 29 9 11
13 11 37 38 13 18 23 13 6 11 12 13 17 25
25 23 17 30 12 25 19 5 19 0 38 26 29 37
30 11 8 7 1 32 9 25 37 6 36 30 0 2
28 23 21 12 18 0 5 4 9 10 38 36 2 4
27 21 3 25 35 27 24 13 12 10 2 26 8 33
21 5 17 30 23 0 39 12 6 4 19 30 24 11
19 37 12 38 34 35 18 13 32 14 32 10 29 27
26 22 26 5 25 6 18 24 33 21 21 32 7 19
1 37 27 33 17 39 12 12 20 30 34 12 9 5
14 24 0 17 39 34 7 13 3 23 22 17 5 8
20 17 7 20 24 20 39 0 9 31 17 16 25 25
4 7 4 15 17 3 0 19 31 33 30 24 1 27
3 34 27 15 19 30 5 6 14 0 22 24 27 20
10 27 9 18 37 0 3 28 7 34 6 18 38 8
3 27 37 14 24 37 38 4 24 36 27 11 38 20
13 9 35 22 17 14 3 22 7 5 20 21 34 17
29 16 38 14 13 28 5 26 4 15 33 29 36 7
34 30 3 35 29 14 31 1 10 19 22 4 33 29
