6 35 7 20 30 23 2 11 17 14 17 0 4 31 29 36 20 13
21 12 8 22 10 21 5 19 26 8 30 18 35 12 26 36 7 33
15 34 33 6 27 33 20 37 39 24 22 11 27 6 0 4 20 1
30 38 10 27 4 34 8 24 20 22 33 23 37 5 37 22 15 35
14 37 30 19 0 25 20 3 29 14 0 4 26 34 1 39 18 17
21 18 34 35 2 12 31 19 1 23 0 2 19 15 15 39 21 20
33 14 3 36 29 36 3 24 31 16 19 31 3 38 6 10 22 14
21 8 21 8 36 25 34 6 17 16 19 3 25 24 27 32 5 33
29 16 15 5 14 32 30 38 11 34 26 36 3 28 22 37 30 24
39 21 12 24 18 18 36 9 36 16 14 7 18 0 7 19 31 38
1 24 30 4 21 10 15 37 28 24 10 6 15 5 13 9 12 3
37 8 27 26 25 4 0 10 26 32 7 18 8 11 26 20 38 37
9 10 8 34 33 22 31 38 12 32 15 7 32 29 11 8 29 2
11 11 8 24 4 32 31 30 5 15 13 20 1 27 23 29 13 1
25 23 23 37 16 9 19 3 15 34 26 33 37 2 5 2 13 32
6 3 11 25 38 33 19 4 21 19 32 9 18 22 24 1 37 2
24 7 5 34 37 33 23 38 5 2 0 25 15 8 37 2 31 17
16 25 10 9 37 37 28 26 30 0 11 13 26 22 35 11 30 26
9 24 19 28 21 31 7 5 32 17 18 19 35 13 26 29 39 28
26 32 20 25 15 34 33 16 1 36 12 2 28 35 0 7 9 38
39 18 14 34 38 34 28 19 39 23 25 30 23 6 39 22 17 24
10 4 21 12 39 34 23 8 36 11 33 28 20 23 38 28 25 28
7 0 26 13 31 11 10 25 7 27 36 25 39 13 15 8 7 1
11 25 28 17 10 31 35 21 32 30 29 26 39 2 37 2 19 18
7 39 23 5 4 23 9 13 39 18 3 29 8 26 3 16 14 22
22 10 35 32 12 30 10 4 23 35 5 12 9 6 29 15 32 24
29 32 7 3 20 9 22 8 21 1 27 1 25 17 27 24 35 0
19 2 28 35 31 38 22 35 11 18 1 22 24 20 12 18 38 2
6 17 16 6 9 17 22 30 30 36 16 6 38 1 36 25 4 6
16 36 6 11 20 27 30 27 31 0 38 7 29 17 5 14 4 28
29 12 35 6 36 13 14 17 27 3 33 9 38 12 7 14 31 27
25 22 17 14 16 36 13 11 29 27 31 15 20 3 17 32 18 9
4 2 29 32 28 2 34 3 33 1 11 36 7 39 4 18 35 13
9 35 33 32 21 27 22 10 36 3 39 18 4 28 29 16 21 12
19 15 14 5 26 6 27 5 0 14 8 39 10 24 39 27 23 5
10 16 32 1 29 13 6 30 15 12 7 5 34 16 28 28 33 19
3 0 23 19 39 21 2 8 38 31 14 24 14 0 4 13 17 0
31 10 12 38 31 20 1 1 2 16 20 34 34 26 17 33 28 34
23 10 18 37 25 11 27 17 30 35 9 14 21 1 4 0 12 13
3 23 16 16 13 13 5 37 15 35 33 9 20 21 6 8 12 9
