10 32 28 37 24 4 15 6 8 35 31 27 38 10 25 20 13 9 8
19 21 26 31 1 14 12 14 11 28 27 16 0 14 26 23 18 30 26
7 19 37 25 22 4 36 5 22 19 2 5 30 27 29 33 35 36 7
2 10 5 7 1 18 25 18 10 26 23 25 12 26 15 19 27 9 13
32 11 38 9 8 17 37 16 15 5 27 2 36 1 17 13 15 30 9
13 20 9 35 4 27 1 10 14 24 39 20 39 5 38 17 0 7 8
5 4 14 30 35 5 0 23 29 19 29 11 38 26 39 25 22 6 29
4 24 7 17 14 4 9 27 2 6 21 2 18 14 26 39 28 6 39
24 26 26 16 38 13 18 17 8 29 17 28 7 32 34 29 24 31 25
15 25 2 1 18 19 36 29 10 39 38 20 13 37 6 5 34 34 21
22 25 22 10 3 12 24 13 17 38 1 23 34 5 36 30 32 39 37
31 24 39 23 30 22 25 27 19 21 11 33 6 32 26 25 24 35 36
30 9 39 37 13 37 33 31 8 3 20 0 28 33 38 16 12 35 31
34 5 21 18 38 30 29 22 37 34 19 3 8 12 8 12 37 18 19
0 15 20 16 6 8 13 20 27 32 28 28 32 30 29 32 33 34 0
23 2 32 12 36 37 33 31 2 38 19 26 35 33 23 7 31 35 30
31 1 14 32 30 29 22 9 28 21 5 18 35 10 8 21 24 28 28
0 14 31 15 38 0 20 39 15 21 25 3 12 32 4 1 38 7 25
1 18 11 20 12 21 17 17 3 7 7 6 14 22 23 36 15 0 18
11 8 34 20 3 27 4 6 14 15 19 12 20 28 31 29 4 13 10
0 36 19 9 9 11 11 7 27 21 16 18 3 38 13 1 33 24 35
27 22 27 24 13 34 37 39 26 33 1 17 7 9 37 20 22 23 23
15 37 31 0 0 7 22 27 11 39 33 30 3 36 9 26 19 6 14
11 16 11 32 29 17 32 22 19 19 7 4 21 18 8 26 18 2 36
26 37 4 23 15 1 13 20 34 1 14 15 34 16 4 24 5 23 29
39 30 25 30 32 35 12 5 29 34 6 21 23 13 39 37 8 39 28
2 0 4 10 33 34 27 9 25 20 22 29 21 17 37 36 20 30 12
22 25 36 3 0 4 34 15 8 3 29 12 22 14 22 3 11 14 35
5 34 8 28 9 25 22 1 34 10 4 31 14 4 7 2 28 31 33
12 37 16 7 35 4 3 26 34 23 33 6 32 8 10 10 16 24 0
32 33 35 12 10 24 3 25 27 26 1 31 23 26 15 17 2 38 8
11 36 15 27 36 19 2 6 39 27 2 14 31 2 13 5 23 23 30
16 29 16 32 6 2 16 13 21 33 25 23 16 5 29 28 35 21 13
29 4 16 2 17 5 13 20 17 38 16 10 3 14 32 21 30 15 3
17 19 18 11 16 34 12 8 2 10 2 9 35 31 24 23 39 9 20
16 18 34 7 24 3 15 21 18 5 9 11 7 10 38 1 0 19 36
12 12 9 11 37 36 36 28 20 35 7 30 24 32 24 33 33 11 1
33 6 36 24 6 3 18 22 10 0 14 39 6 1 38 0 33 37 28
19 25 17 16 39 3 8 3 27 21 1 28 28 35 12 9 20 4 17
31 38 15 38 17 11 21 6 18 0 5 11 10 35 13 6 31 30 26
