27 17 6 23 33 15 32 12 12 12 20 22 12 4 38 8 21 8 38
35 38 16 38 4 37 39 9 23 34 8 5 3 6 13 37 1 19 18
24 31 10 17 18 36 24 39 32 36 27 14 25 22 9 11 27 18 26
37 38 3 37 9 9 38 6 26 10 18 20 30 35 25 27 38 15 29
9 17 35 1 8 20 38 34 12 10 1 29 35 16 17 28 3 11 7
12 30 4 20 33 13 6 34 36 24 5 3 4 31 6 34 16 6 16
26 25 37 3 25 25 7 14 13 30 1 28 37 5 31 16 27 25 16
37 0 31 13 7 25 24 26 33 28 29 12 29 3 30 39 7 28 33
27 16 15 34 16 6 37 7 20 15 22 7 13 21 17 37 13 0 12
20 15 13 1 19 26 24 9 32 3 1 36 5 33 14 18 14 17 30
13 11 22 24 3 21 22 35 22 23 35 26 3 23 26 33 18 38 7
16 2 15 30 30 23 17 9 6 32 17 5 39 8 20 32 36 14 39
36 0 34 6 25 2 28 9 23 13 2 23 11 10 30 14 39 32 3
34 12 19 22 22 26 37 27 33 15 33 6 24 2 16 35 9 17 7
0 2 29 19 20 39 29 39 35 34 27 6 32 10 9 2 0 32 35
9 38 11 19 10 23 2 26 19 30 37 14 37 8 26 21 10 5 25
21 23 33 0 1 28 33 28 16 24 2 20 14 24 24 11 34 8 10
6 28 4 0 18 25 3 20 34 0 26 19 30 2 28 19 5 2 35
25 23 10 27 21 29 25 36 2 20 23 31 23 21 14 22 11 6 2
36 18 32 36 28 8 20 33 29 27 19 3 29 4 10 0 31 10 27
39 11 29 39 27 26 34 2 0 38 33 31 15 1 10 14 4 5 5
5 17 15 21 36 27 6 10 14 26 11 37 23 3 33 18 39 0 2
36 0 13 20 9 5 8 8 19 1 26 24 9 29 21 16 11 14 27
4 7 26 8 37 18 5 4 2 12 14 8 35 15 28 38 7 18 15
22 34 38 37 37 8 10 1 18 19 17 13 9 39 0 2 31 34 11
0 3 27 13 7 31 1 29 15 6 32 8 32 36 21 8 15 13 39
22 27 29 32 16 29 21 38 17 38 34 35 38 21 13 30 31 17 36
39 10 8 23 10 9 9 20 16 34 12 24 21 22 35 18 19 36 15
5 30 33 8 4 13 13 30 32 4 12 21 23 27 22 4 31 38 8
32 25 19 25 31 34 0 20 20 26 14 30 39 13 34 13 17 21 24
20 24 5 3 0 37 32 32 33 35 10 2 35 28 23 12 11 29 12
24 14 15 1 37 11 5 28 27 4 27 24 3 11 0 13 25 26 11
22 30 17 5 14 7 22 6 15 16 7 3 18 2 18 25 6 0 24
20 7 4 29 12 18 25 33 32 14 3 18 6 6 17 5 39 16 12
12 24 1 35 10 23 17 3 10 2 29 7 4 24 11 26 15 34 31
21 4 25 29 28 25 29 31 9 35 19 5 19 9 36 12 28 34 1
35 30 14 31 19 36 5 30 16 18 15 18 1 17 31 22 33 31 19
22 17 11 7 8 39 7 19 33 38 21 31 4 1 32 7 4 28 4
16 28 1 1 21 26 9 31 11 11 22 30 20 21 14 32 36 36 33
12 15 22 36 39 23 35 39 0 37 16 23 38 28 30 1 7 28 19
