12 34 37 15 34 29 31 13 24 27 22 31 5
2 36 3 31 5 3 25 15 9 36 8 16 11
39 1 28 39 8 23 5 30 28 21 20 37 20
35 1 36 1 13 8 5 31 15 33 4 9 23
22 24 8 29 9 39 4 4 14 6 3 6 34
16 30 1 29 2 3 30 21 39 13 27 12 0
18 11 37 11 38 20 24 4 24 35 4 26 12
13 18 37 20 16 21 37 16 38 36 36 14 32
31 30 2 4 3 13 22 23 1 29 10 16 19
11 20 12 34 19 4 1 16 25 28 24 24 3
16 28 35 28 14 20 27 26 37 33 19 17 8
23 9 38 35 11 11 6 21 37 6 35 28 1
0 21 9 26 38 12 12 38 39 5 28 37 6
7 30 19 3 25 0 22 8 32 5 36 19 34
35 15 26 17 10 33 19 36 4 30 19 7 17
34 14 0 29 1 30 3 31 18 25 17 25 17
10 5 28 25 24 7 38 9 27 36 7 1 8
18 20 26 31 14 27 33 38 29 15 10 15 14
17 31 31 39 32 7 6 20 28 30 15 33 34
23 21 30 13 9 26 14 25 10 20 13 14 8
9 17 32 7 18 10 2 26 6 37 19 30 2
30 19 12 33 11 7 2 5 23 24 38 30 22
4 13 25 33 8 38 0 34 23 32 21 32 28
33 11 28 19 2 38 8 33 21 22 29 37 3
38 4 35 16 36 31 36 0 21 6 6 9 9
35 16 30 1 13 22 19 27 36 9 15 36 15
29 14 17 35 35 19 12 10 28 20 32 32 6
33 33 39 36 17 10 35 25 35 0 16 5 29
23 10 2 16 10 18 2 26 9 32 11 12 22
26 29 29 5 4 0 15 39 17 23 8 38 27
21 8 13 5 19 2 25 18 5 15 14 21 20
8 37 18 18 1 17 39 0 24 3 15 39 0
37 18 20 13 22 39 26 28 26 22 7 32 32
23 27 27 21 14 39 22 17 10 23 18 3 34
15 0 9 0 34 34 35 22 18 33 39 13 4
3 14 25 10 24 26 26 11 34 27 27 11 6
1 3 27 24 1 24 25 14 16 13 7 7 25
32 31 0 7 6 38 10 11 7 20 12 23 2
24 11 12 16 37 23 17 22 12 6 7 21 29
2 18 2 31 27 4 33 29 5 12 31 32 34
