29 14 28 35 27 10 35 12 10 10 28 39 0 9
31 4 32 25 13 33 3 20 27 25 21 32 36 0
16 5 18 23 10 28 6 2 24 6 20 30 9 5
22 26 34 27 11 11 35 14 16 35 3 6 15 15
4 1 21 33 21 32 15 35 34 33 14 1 20 28
4 28 15 15 38 30 24 34 11 3 12 39 19 23
10 36 33 39 37 7 10 39 15 25 2 0 16 1
2 9 19 8 7 9 13 22 12 18 8 1 6 4
24 5 18 39 29 29 10 12 31 27 31 17 32 2
26 23 7 17 27 37 7 7 22 8 19 31 38 28
23 24 6 10 12 5 39 13 36 2 37 31 24 4
34 31 31 16 19 4 29 20 10 5 20 33 27 5
34 15 0 17 32 1 9 24 29 34 10 39 18 1
26 34 29 7 15 24 22 0 24 21 22 31 14 37
8 38 17 39 13 21 22 32 36 29 14 3 27 8
23 35 1 11 23 5 4 12 2 3 25 32 11 9
15 25 35 11 26 31 33 30 30 26 18 17 37 14
15 30 14 15 25 38 30 9 11 8 4 7 6 18
28 24 23 8 35 36 20 28 0 38 16 36 17 6
38 30 17 9 13 37 4 21 4 8 13 5 20 21
31 25 12 17 36 5 39 11 37 3 12 8 11 5
13 22 19 7 10 1 34 33 9 3 3 7 6 9
23 32 12 34 29 8 10 29 38 2 25 16 11 12
21 18 9 3 11 17 2 16 11 26 7 0 22 12
3 21 0 31 29 18 14 28 0 37 31 3 18 35
34 5 11 0 1 36 22 36 15 39 26 18 17 19
39 6 16 10 30 35 36 6 38 35 5 12 17 30
30 27 14 22 37 0 25 26 3 37 27 20 16 25
8 29 16 36 8 5 0 9 39 34 17 26 4 23
1 2 33 32 13 26 9 38 19 17 15 23 20 19
31 20 13 22 27 0 20 33 27 25 14 21 21 38
26 22 0 6 27 6 28 29 14 4 19 39 28 11
34 22 35 20 32 27 22 14 4 26 33 18 25 24
28 13 24 19 20 37 21 35 8 34 5 2 2 38
14 16 36 12 33 28 26 6 18 12 24 23 23 1
2 21 32 36 30 25 3 18 20 39 7 38 25 4
2 8 6 10 34 28 3 19 14 29 13 16 23 37
18 7 15 33 7 23 33 21 19 24 33 32 1 1
13 37 30 19 16 13 19 24 32 38 37 13 35 32
38 36 30 16 2 1 17 27 7 30 26 29 31 9
