25 19 33 18 6 1 34 26 38 28 26 22 2 20 6 23 21 9
22 21 29 20 10 14 8 3 10 38 5 5 29 22 2 20 36 31
20 2 10 23 39 32 15 23 5 36 0 18 22 31 15 29 0 14
13 39 2 12 27 32 22 14 12 32 8 34 4 34 30 37 25 0
6 17 17 37 2 22 9 4 23 33 21 9 23 26 16 31 28 37
28 1 14 17 7 11 21 31 33 11 20 6 39 36 32 24 25 10
2 26 34 18 18 26 14 27 4 10 17 33 29 2 7 6 35 38
31 36 15 15 16 11 27 7 6 32 13 17 25 27 30 24 26 24
15 16 38 38 12 0 28 27 24 0 15 39 35 32 15 35 16 18
32 18 17 20 39 3 4 30 17 20 10 1 35 24 25 7 13 24
20 11 33 39 15 23 4 27 30 16 38 4 39 30 30 38 12 11
35 18 37 5 20 39 30 33 19 35 19 20 4 33 7 0 14 13
1 8 36 3 31 13 27 13 17 25 13 23 18 21 14 0 36 32
33 4 26 5 7 32 33 3 24 24 5 12 15 0 8 7 9 23
30 17 27 8 16 12 22 36 4 7 19 1 2 29 21 11 36 24
7 16 39 38 10 18 34 17 37 12 5 29 10 21 31 25 37 1
8 10 26 29 36 31 14 27 9 21 29 9 30 1 2 39 20 14
30 33 30 21 26 11 32 16 18 22 21 19 23 6 13 34 18 8
31 4 37 37 7 24 13 36 30 2 26 13 10 4 37 11 22 3
8 37 1 13 13 9 39 28 2 29 37 24 3 28 33 2 13 29
32 1 12 35 25 20 32 19 33 7 21 33 3 6 15 9 28 2
12 20 29 38 15 39 16 12 4 1 26 27 12 28 9 28 7 0
12 7 17 4 26 38 12 38 17 29 6 24 34 19 3 27 27 17
10 34 21 24 24 15 19 21 17 19 27 3 21 18 22 32 10 27
4 1 21 6 29 22 35 32 39 33 15 24 10 33 5 27 11 11
14 0 9 3 13 35 3 8 18 10 28 10 1 35 0 5 34 14
39 35 35 33 19 36 30 15 28 1 12 17 38 11 30 25 11 14
34 3 36 9 39 8 5 24 10 34 20 23 19 6 19 19 5 15
15 3 28 35 28 22 37 9 37 13 19 2 25 23 26 18 32 31
21 39 9 22 6 19 26 16 27 1 23 25 30 14 7 3 0 31
30 0 27 36 17 2 22 2 31 28 12 36 3 8 16 4 10 24
35 6 14 18 2 1 12 31 20 14 12 25 11 3 17 25 29 34
26 9 0 22 39 14 9 8 25 35 34 5 29 8 22 5 9 25
0 5 30 9 11 37 4 33 2 26 11 16 14 1 39 23 31 5
6 15 34 7 17 1 8 11 25 16 31 1 5 35 8 38 7 4
29 34 37 19 6 19 32 5 28 38 32 37 23 8 20 20 4 36
6 25 21 26 26 37 9 18 0 34 36 13 23 16 11 5 38 33
36 27 32 35 11 31 23 16 6 38 16 21 20 19 7 14 24 16
31 34 18 25 13 29 23 36 28 8 3 35 8 28 34 29 28 16
30 13 38 7 31 22 10 3 23 15 0 6 12 22 38 0 18 37
