15 31 16 22 23 11 39 20
20 38 10 33 35 26 21 28
30 20 13 1 19 17 21 37
9 16 2 13 28 23 12 14
18 20 16 39 18 5 24 32
27 18 23 0 22 6 10 6
21 29 17 2 18 8 11 21
21 32 34 23 18 8 23 1
2 22 32 15 25 38 32 4
23 39 6 24 17 35 37 32
15 27 20 34 27 1 22 12
29 28 23 24 7 8 33 7
0 28 3 5 34 34 26 32
37 9 20 31 14 8 35 35
8 5 5 16 3 33 15 11
29 13 9 17 10 13 25 35
2 39 29 29 4 11 29 33
38 26 10 12 36 26 23 19
11 16 10 37 20 27 7 25
24 9 24 36 22 21 25 7
36 33 2 33 37 30 12 19
20 0 11 36 30 25 9 6
30 6 30 38 25 18 25 33
3 11 27 36 2 3 7 39
22 7 6 4 25 29 32 9
31 16 13 7 4 1 37 0
36 4 38 9 10 28 12 12
0 15 35 17 8 29 15 17
14 19 13 3 3 5 26 13
19 22 39 19 6 17 35 34
13 1 19 34 4 27 27 12
38 1 4 15 14 31 31 34
10 16 14 0 5 32 16 3
37 12 14 31 1 21 30 0
6 5 26 35 38 4 22 17
24 14 26 1 24 2 10 0
8 30 24 19 3 9 2 28
7 5 18 33 31 28 21 14
18 36 27 39 36 30 38 37
39 11 34 31 15 8 26 28
