37 30 20 28 11 37 11 32 5 11 33 30 2 15 21 36 21 29 0 32 9 7 0 18 24 24 7 1 24 17 32 21
15 27 38 32 35 9 27 3 12 14 27 37 3 17 31 32 11 2 10 7 32 16 19 16 22 9 4 4 4 5 1 28
34 34 24 24 33 6 8 19 18 1 36 13 6 17 24 15 18 23 36 28 18 35 39 11 35 28 39 14 22 27 39 34
33 25 6 14 17 15 10 14 33 19 34 38 31 29 37 20 20 30 16 4 15 12 20 11 38 19 24 10 20 7 36 33
10 18 33 12 26 27 34 11 13 20 2 26 18 37 1 25 4 12 9 3 23 36 13 39 8 27 30 37 39 28 16 18
24 39 12 30 12 36 37 32 31 13 36 22 37 13 6 22 31 9 14 27 24 23 12 17 21 3 2 6 23 33 7 39
5 5 12 23 12 37 36 16 6 18 15 17 13 15 38 31 16 33 8 39 38 39 12 20 33 12 5 16 25 20 12 35
11 22 35 28 4 38 20 13 9 11 8 30 37 35 6 9 13 9 3 24 39 25 8 10 8 18 31 37 23 16 39 37
36 38 10 19 17 30 17 10 22 5 5 4 26 26 38 29 12 26 9 3 25 13 34 18 23 36 32 27 12 25 22 10
34 15 28 33 18 27 14 9 19 3 17 27 15 7 33 35 16 13 23 8 39 37 30 30 29 22 35 0 32 36 37 10
0 1 1 27 6 16 9 39 12 25 17 9 16 36 25 8 2 25 25 22 39 17 18 18 34 24 13 30 0 28 14 36
3 17 8 36 20 4 20 10 31 19 9 2 22 39 22 29 21 23 11 33 14 26 5 22 35 22 28 10 35 25 26 30
27 38 10 29 7 2 26 4 32 2 24 38 4 29 23 33 7 15 19 11 3 11 23 21 27 37 2 16 29 22 9 5
28 28 14 29 7 35 0 10 30 26 4 10 18 27 30 20 38 34 10 10 30 30 5 16 30 17 8 17 35 0 21 25
5 25 19 15 0 23 0 18 14 13 28 12 11 9 13 1 3 23 27 26 28 39 39 31 33 33 20 15 17 2 25 27
23 14 28 26 23 4 9 8 2 31 6 7 5 9 18 30 22 20 9 1 22 6 9 11 38 20 2 2 1 4 14 27
11 24 2 38 25 7 16 13 20 38 6 18 1 32 5 37 10 2 32 22 20 0 38 5 22 12 26 5 32 20 6 31
2 29 30 39 20 21 12 13 13 11 0 0 28 13 25 16 25 5 24 31 0 0 33 34 18 8 26 0 12 9 23 22
17 3 30 0 10 13 39 3 30 4 21 1 2 7 29 1 8 24 39 25 14 16 21 3 13 1 13 4 32 33 18 10
22 23 24 28 27 12 8 16 11 3 24 11 23 36 7 17 22 34 37 1 7 11 12 35 30 28 27 1 30 4 15 21
12 5 7 35 0 31 16 12 24 34 35 32 26 37 6 8 11 13 14 12 26 37 11 11 24 27 30 8 3 34 10 6
22 38 29 25 14 35 4 19 21 8 38 6 27 22 20 35 1 21 14 29 6 3 30 34 15 27 29 3 33 39 29 2
1 32 18 16 29 18 26 18 8 3 14 16 35 38 34 24 8 24 6 1 17 2 4 2 26 36 26 31 2 28 32 31
20 6 38 6 18 11 36 3 34 0 9 35 2 33 20 24 15 11 10 21 31 12 19 7 38 12 8 9 29 27 22 32
5 24 37 20 26 6 25 21 25 29 33 34 28 17 15 14 13 36 37 15 27 8 36 14 15 25 13 19 29 18 5 32
14 17 26 8 1 26 29 19 1 25 19 14 21 31 39 7 15 16 6 5 32 21 16 13 29 16 12 38 34 30 33 33
37 37 19 18 7 23 32 29 26 38 15 23 17 1 21 35 16 2 11 15 2 39 39 3 19 26 17 28 30 30 36 11
5 20 6 38 35 9 3 9 28 35 20 9 23 34 10 19 33 10 21 36 13 36 1 24 32 19 37 36 5 27 29 4
38 20 29 14 33 0 19 21 19 18 21 16 28 38 17 27 39 8 1 4 35 26 26 10 14 16 3 21 12 16 10 12
23 0 30 36 33 16 29 21 10 27 28 5 7 36 9 7 2 1 37 28 17 1 6 26 0 15 31 18 0 26 1 9
19 25 35 31 13 2 36 3 27 36 15 39 33 27 37 21 21 20 38 7 9 24 1 17 30 19 16 25 23 7 35 38
17 27 19 6 12 11 0 33 0 15 18 28 32 32 19 0 26 37 35 13 33 31 24 5 3 12 17 23 39 32 7 34
5 21 31 34 15 38 4 28 24 7 22 7 35 0 23 32 0 31 22 33 14 34 4 10 29 23 5 13 15 17 38 0
19 24 1 18 0 3 22 26 37 2 4 28 5 37 29 34 6 7 14 14 9 29 25 7 10 2 6 16 23 36 36 17
3 9 6 19 32 19 5 8 34 7 4 19 4 36 16 35 20 31 34 32 26 34 14 14 15 8 31 22 39 3 8 16
7 32 2 13 24 8 24 14 29 36 31 35 24 7 17 23 5 12 28 11 22 27 1 28 4 10 3 11 15 4 31 21
23 37 32 32 15 8 31 11 33 9 34 38 14 15 28 6 35 22 2 19 21 17 18 31 20 30 7 8 13 6 24 1
3 19 4 26 11 23 32 11 23 39 5 4 19 6 0 37 37 31 3 0 34 10 22 36 20 15 5 31 19 22 9 29
29 38 39 27 28 25 8 14 4 8 34 35 17 31 1 25 21 25 14 6 30 18 0 30 3 31 29 4 2 33 25 31
10 20 25 3 21 35 10 33 4 6 39 26 18 2 5 21 15 34 39 28 38 23 25 21 13 20 7 34 13 34 1 8
