1 32 8 33 21 27 8 35 38 30 2 27 18 12 11 24 18 19 37 3 34
21 32 19 4 31 7 34 29 13 15 35 35 32 18 21 15 15 30 5 36 39
18 7 36 15 20 24 12 21 15 9 0 6 15 39 14 2 1 16 14 13 18
29 35 14 11 27 2 10 37 12 5 10 35 26 34 25 10 16 23 28 7 39
31 6 33 11 25 0 4 8 13 20 13 29 29 36 30 2 26 0 12 20 22
6 3 19 6 35 4 9 7 16 16 16 24 25 32 5 4 17 7 11 6 14
20 23 36 37 3 33 39 21 24 2 3 14 12 34 13 15 9 33 36 17 8
28 39 27 38 27 31 2 35 37 5 18 3 0 5 6 22 18 13 30 2 5
33 36 10 32 1 32 20 8 2 4 12 13 27 33 10 34 10 31 23 35 12
38 11 23 2 3 37 19 29 33 30 8 10 22 20 18 36 34 17 20 38 0
28 31 8 3 1 14 32 15 31 11 26 13 23 20 29 16 27 0 13 7 4
13 37 27 17 36 17 21 25 32 14 1 2 39 8 24 39 19 16 15 1 34
36 29 26 34 16 22 37 7 17 35 38 3 7 33 14 9 22 29 16 1 37
15 24 9 6 20 15 20 1 31 33 39 38 26 14 34 17 4 32 5 30 7
14 38 21 5 31 37 33 33 9 31 15 12 5 17 6 18 19 24 20 13 38
15 7 26 17 30 5 3 3 0 26 0 35 26 4 14 36 25 24 23 19 39
30 23 35 5 30 22 4 24 25 3 34 39 22 36 35 8 4 8 30 12 9
7 25 18 1 14 12 22 18 19 0 5 25 36 5 25 12 8 20 33 29 11
28 36 8 24 31 5 34 28 36 32 34 37 15 7 7 16 35 6 18 3 28
28 32 19 37 32 24 20 34 8 36 20 4 24 26 35 18 2 26 13 21 7
19 2 0 39 11 16 11 28 31 15 38 19 16 2 8 8 14 31 11 38 33
34 27 22 27 21 12 17 23 26 22 8 36 15 37 0 21 22 17 35 25 19
5 31 25 22 28 13 31 25 6 19 10 3 4 23 23 18 6 3 25 27 30
2 27 24 18 29 28 38 26 1 10 10 30 1 0 1 32 19 6 7 23 18
39 2 4 35 16 18 8 26 25 35 11 23 32 37 9 22 37 39 1 0 20
33 14 21 28 37 1 9 21 8 30 5 24 28 19 9 11 37 32 12 0 1
19 30 25 0 38 36 32 17 19 9 17 25 26 39 2 12 26 4 9 10 16
23 10 23 28 30 31 20 33 3 21 35 9 9 33 34 6 29 9 23 28 21
15 14 18 25 1 35 31 1 3 0 5 13 12 16 17 33 33 39 36 26 27
30 39 11 29 29 16 31 22 10 15 36 3 29 21 39 28 22 39 10 17 38
20 25 9 23 12 12 32 24 28 5 28 6 4 27 21 10 22 35 11 26 17
33 17 10 0 27 38 2 1 17 26 7 21 24 34 24 12 37 28 38 22 34
29 23 11 37 11 2 6 29 36 13 1 0 25 4 13 34 11 4 29 24 31
37 33 0 5 24 20 27 8 18 14 27 6 3 6 9 2 9 15 10 12 2
36 23 4 9 33 0 9 28 22 3 7 4 0 20 6 16 13 32 30 31 10
26 5 11 16 35 23 32 16 23 39 30 21 13 19 12 7 7 4 17 10 16
15 24 14 22 30 24 20 27 3 28 15 17 39 30 9 27 8 38 19 1 10
34 38 7 21 11 11 4 8 38 34 13 26 12 18 20 11 30 13 25 6 25
29 27 31 18 6 38 14 29 38 13 38 29 17 22 14 39 37 26 10 1 32
21 16 19 21 3 31 23 14 6 7 37 5 28 29 32 2 34 27 22 19 14
