11 12 3 34 5 7
11 36 3 3 29 17
26 39 1 27 24 20
14 25 29 30 8 33
15 38 35 9 4 15
10 0 1 32 4 13
25 32 35 23 36 16
34 14 12 29 31 1
6 6 7 0 2 26
39 10 17 0 27 19
13 35 16 27 11 35
0 36 11 4 37 33
25 17 34 15 18 30
10 17 14 26 3 23
2 1 24 21 31 24
5 5 18 30 25 10
26 15 27 5 36 22
21 32 15 9 28 14
39 38 19 24 17 21
4 23 4 39 5 37
39 9 29 7 35 7
23 31 6 38 12 19
28 27 16 35 18 22
13 28 13 36 9 19
39 26 34 31 20 22
13 21 9 38 4 20
12 27 8 16 32 2
12 37 22 2 8 15
30 37 0 25 23 25
33 1 33 6 7 37
19 6 28 8 20 31
34 22 18 37 26 8
3 5 21 10 28 24
7 18 18 6 29 36
19 0 16 11 10 24
22 8 33 31 38 32
30 14 3 2 1 23
16 17 9 2 34 30
20 21 20 12 11 14
33 32 38 13 29 28
