17 16 20 34 0 7 13 19 38 31 5 0 18 36 4 18 32 9 14 34 12 9 29 34 34 25
22 5 39 12 32 21 20 31 27 29 0 14 6 20 32 13 26 20 29 32 2 16 38 35 28 13
26 0 33 17 22 23 20 39 8 19 0 23 36 22 32 30 37 34 31 34 36 22 15 0 9 6
13 10 12 14 1 6 28 15 12 39 26 8 23 32 10 35 26 34 36 25 24 18 21 8 11 15
19 25 18 15 21 24 16 8 3 12 30 37 12 33 38 15 21 6 28 3 4 5 31 10 5 39
2 20 39 12 35 1 33 22 15 22 11 17 39 2 17 28 3 5 37 28 10 26 23 14 20 30
11 35 15 32 13 21 26 32 14 11 30 27 17 27 5 34 22 26 7 13 39 7 33 13 21 25
37 36 9 23 15 3 35 12 27 31 18 3 5 1 16 0 5 7 33 5 19 19 25 0 38 0
38 5 12 28 27 13 13 31 17 36 20 16 3 4 28 15 5 39 30 10 0 11 11 6 36 14
0 16 25 24 38 29 9 28 26 19 0 22 39 4 2 23 25 19 14 18 3 37 6 30 19 36
32 33 24 16 3 7 12 3 18 6 21 21 22 9 11 8 2 28 22 39 7 37 31 7 4 7
18 9 14 22 2 29 33 17 13 33 29 32 25 15 5 17 27 1 23 32 24 0 19 38 14 32
24 18 25 31 38 35 9 4 13 3 21 19 20 6 17 4 22 5 18 33 25 27 14 38 4 29
4 27 21 35 32 25 10 29 9 21 23 1 10 26 1 23 24 20 34 14 11 22 27 11 1 13
37 38 10 38 8 2 33 12 6 34 38 21 32 22 17 11 8 1 18 23 38 15 35 13 20 21
12 4 24 29 21 36 29 29 37 3 12 37 1 39 25 8 6 20 19 14 6 27 35 15 26 28
26 15 8 17 16 15 3 18 23 21 37 11 30 36 23 15 29 4 4 7 4 35 9 23 21 7
25 13 9 25 16 13 36 2 27 17 37 3 10 5 0 31 34 17 26 25 6 33 7 3 38 1
16 29 37 5 16 36 5 18 30 18 8 3 22 27 31 31 36 34 13 18 39 11 12 14 1 28
17 15 37 19 4 30 9 17 25 8 29 10 21 17 26 0 1 33 22 39 22 35 33 1 19 5
22 30 7 4 24 34 16 6 0 8 36 12 15 18 29 35 11 25 3 1 33 1 39 20 14 30
31 24 24 30 18 0 27 31 21 19 4 19 24 20 11 24 39 31 9 23 32 3 7 6 1 22
30 32 37 9 34 17 9 26 32 5 19 16 18 38 31 2 37 32 2 7 38 19 22 1 14 11
8 21 1 19 36 39 37 26 36 4 19 33 12 37 35 14 25 13 18 11 16 13 39 10 25 34
32 16 0 17 32 11 14 0 34 34 24 26 24 3 0 27 35 6 14 13 26 25 9 14 12 8
28 17 10 30 11 33 15 18 28 25 36 33 3 28 14 38 4 11 16 27 20 20 30 21 17 35
30 23 16 27 7 11 38 12 36 38 6 29 30 32 24 16 24 20 35 2 4 18 8 35 27 24
32 8 25 35 31 7 34 8 3 6 2 37 7 33 4 27 16 26 21 9 29 15 18 13 7 8
13 31 10 26 11 10 0 9 12 28 15 16 11 4 30 1 21 8 26 14 19 22 28 7 1 22
0 12 35 39 17 10 28 31 22 4 18 35 15 5 0 17 33 6 10 8 1 17 30 39 9 9
21 31 34 16 14 29 29 1 3 3 24 2 21 23 8 36 29 27 25 28 2 27 10 29 30 6
17 2 6 31 28 13 36 9 31 29 25 20 14 8 1 14 38 26 14 5 38 27 13 20 35 7
9 17 33 36 2 35 22 15 6 7 31 39 8 29 32 26 0 1 27 32 34 34 5 3 33 20
6 24 11 23 9 38 8 23 30 24 10 39 29 0 16 29 13 5 9 26 27 35 23 28 2 9
31 16 9 30 28 10 19 12 37 15 39 15 36 37 28 10 12 10 23 31 4 7 24 36 8 33
25 4 12 31 24 2 33 2 21 20 20 16 30 27 26 38 19 24 13 18 2 39 12 32 20 25
19 21 29 37 7 15 14 26 28 23 24 23 23 39 19 10 35 15 19 33 2 10 22 38 12 0
5 26 28 16 38 23 2 38 32 35 33 37 30 6 3 34 30 34 36 39 8 5 10 34 2 39
7 37 30 6 33 20 11 5 36 10 1 34 37 37 20 31 4 11 3 28 23 2 4 10 6 24
27 28 20 22 35 23 18 37 3 13 17 16 1 18 7 36 2 7 27 6 2 12 34 19 5 11
