6 22 12 4 5 37 38 25 26 12 7 15 1 31 8 34 23 22 3 11 5 20 14 6 18 23 24 4 9 35
11 18 2 28 6 38 26 18 14 0 28 8 14 19 20 29 30 31 4 19 39 27 19 29 0 0 23 12 15 20
21 28 5 7 8 25 8 20 25 22 38 34 28 32 13 3 18 16 29 20 20 4 17 9 13 1 26 31 10 2
7 25 0 2 10 22 33 31 7 1 7 1 9 37 6 33 28 16 30 15 17 10 23 11 20 34 39 17 33 25
16 30 35 7 38 23 4 38 19 4 15 5 37 3 0 21 20 16 22 25 19 24 6 3 3 20 35 21 15 7
4 16 15 31 0 5 4 17 1 6 3 30 14 28 13 24 22 36 3 29 23 35 9 7 39 1 39 1 8 5
33 0 11 38 24 29 12 8 15 26 36 18 20 30 13 14 33 6 23 12 9 3 39 17 4 27 24 0 6 3
31 7 32 26 26 24 14 11 1 29 5 5 18 9 8 25 7 1 36 37 26 10 21 7 23 24 19 26 26 6
15 35 39 33 1 7 6 16 4 37 12 1 39 38 1 29 31 24 36 11 20 24 7 26 11 32 33 17 30 32
13 5 10 15 19 1 34 16 21 39 0 5 7 3 7 0 28 28 20 31 6 32 17 33 16 0 23 19 37 8
15 30 39 2 8 12 31 8 28 5 35 36 23 26 14 16 34 35 29 34 34 39 31 29 32 26 16 12 39 3
14 22 18 11 29 11 13 13 9 36 25 3 30 4 12 0 21 2 26 8 20 14 10 35 6 24 27 17 11 34
4 22 13 31 11 35 36 22 19 2 32 27 29 38 9 13 32 11 20 39 25 10 18 25 28 38 33 24 12 27
26 19 33 17 3 21 37 10 24 16 24 32 3 7 5 20 18 25 2 4 21 29 34 37 15 8 30 29 4 7
22 24 16 6 10 5 36 13 30 32 35 12 35 1 31 34 34 39 1 31 38 37 21 27 5 15 21 21 13 7
29 23 18 4 15 37 23 12 25 13 38 31 10 5 14 34 37 16 21 5 1 22 32 38 39 18 18 23 16 9
14 18 35 32 13 15 21 15 14 25 34 37 25 24 12 20 13 21 8 11 10 16 38 30 30 2 32 7 5 5
9 0 31 22 22 26 0 33 11 19 38 9 16 23 31 31 8 33 39 38 35 11 39 11 21 9 35 4 3 6
31 21 20 27 30 30 4 13 30 11 33 14 27 2 17 27 17 37 34 33 27 25 17 10 15 35 36 16 38 37
14 22 17 14 26 11 12 26 33 12 17 36 12 9 33 31 14 19 4 7 11 9 14 36 23 31 5 19 10 38
18 38 1 17 12 14 13 23 22 17 11 3 1 22 3 11 17 28 32 27 36 38 15 16 22 14 25 31 2 27
8 32 32 24 18 1 39 15 34 2 37 38 28 10 17 2 29 13 37 21 24 1 28 5 20 32 27 12 5 9
2 21 17 24 14 8 22 21 37 0 38 3 0 8 7 31 19 22 8 11 17 9 10 18 34 25 29 7 17 7
36 25 22 34 38 32 28 14 37 12 2 23 9 12 5 10 15 30 15 28 23 5 32 11 19 0 28 10 33 16
29 39 24 23 35 19 28 5 21 29 29 19 12 10 9 23 34 2 13 21 32 4 27 16 22 3 29 6 24 3
21 35 18 19 23 28 20 25 31 8 34 1 37 32 27 2 39 6 19 22 8 13 26 4 12 28 39 13 21 8
5 24 2 35 20 11 2 20 29 33 3 0 15 10 34 10 20 6 26 31 6 33 11 36 15 19 36 38 13 6
13 10 22 0 7 18 36 18 35 38 15 30 37 4 30 36 38 17 33 4 36 8 25 10 26 28 38 14 8 13
36 34 15 1 23 33 1 7 22 34 16 15 37 39 36 2 37 8 33 35 31 18 12 29 18 0 2 32 25 21
21 26 37 14 39 2 22 4 29 3 20 23 9 37 4 39 10 5 10 19 37 22 27 26 24 6 36 23 24 30
19 8 35 14 31 25 17 30 6 27 19 12 34 17 9 37 16 13 9 27 27 34 28 14 6 29 19 28 39 3
1 27 3 26 15 7 6 27 36 26 24 39 10 25 25 33 19 26 0 35 4 36 35 5 27 11 18 2 19 19
6 9 34 36 12 34 1 9 21 24 28 4 15 35 28 27 1 30 35 30 0 0 7 5 2 3 14 3 34 29
10 31 2 25 13 23 15 39 17 26 33 16 29 27 19 24 3 18 33 10 24 12 4 16 20 8 16 16 30 33
33 36 7 39 9 9 20 23 25 22 23 32 16 36 24 8 21 10 23 25 2 20 1 39 22 2 14 6 37 32
18 9 38 9 34 7 0 32 32 35 13 8 23 16 38 13 14 19 32 35 26 21 15 18 6 0 30 3 4 11
28 0 13 32 1 9 31 22 25 24 18 18 18 6 39 14 30 32 16 13 2 12 33 24 36 3 2 3 29 25
13 0 20 14 27 29 0 7 11 11 37 28 27 36 26 21 17 1 27 26 33 11 0 0 12 8 30 19 38 35
27 30 30 25 1 37 17 31 18 8 35 35 17 23 20 2 27 17 34 12 12 9 9 16 17 2 28 22 30 5
29 6 18 28 36 39 37 20 6 20 34 28 21 6 33 28 31 10 27 4 36 10 29 30 4 32 38 5 15 26
