13 33 27 31 11 36 27 38 36 34 23 33 24 8 4 10 5 9 35 24 23 16 33 8 25 13 29 13 21 26 27 19 21 26 33 26 31 12 35
19 32 24 27 2 37 12 14 21 37 33 31 18 17 12 33 29 31 38 7 3 26 2 37 22 38 7 15 18 32 9 5 15 39 5 26 2 36 38
30 32 23 26 34 1 38 7 21 16 13 2 2 10 34 1 5 18 17 18 12 23 30 37 27 4 32 35 33 25 34 31 23 5 39 27 1 20 35
19 5 36 4 19 35 24 13 16 10 26 26 35 16 29 12 17 20 1 17 37 10 38 10 22 33 24 14 23 21 5 19 26 19 30 13 7 5 38
30 37 28 16 25 3 37 4 4 29 39 14 16 6 35 17 9 13 15 37 6 0 25 15 34 39 25 6 14 16 2 27 30 20 22 19 13 31 5
3 32 19 33 14 24 15 7 22 11 26 17 0 6 17 12 2 5 5 21 24 15 17 36 25 19 33 10 3 1 11 2 9 3 11 1 4 6 13
14 28 12 36 9 38 22 4 26 18 25 23 19 18 4 18 21 29 15 5 34 4 15 18 8 23 39 8 38 38 39 35 25 26 39 39 5 21 27
28 15 11 34 20 2 16 8 38 20 26 22 5 35 11 1 33 17 31 10 35 17 26 23 37 28 1 25 23 20 22 24 20 30 17 3 24 20 27
38 18 22 7 24 30 10 0 12 34 33 22 33 12 31 24 13 33 0 6 15 15 17 13 22 10 9 6 34 30 28 14 18 24 32 12 28 11 19
36 9 9 20 31 35 6 35 28 30 36 4 23 24 15 0 34 31 17 22 19 10 17 10 36 8 22 37 23 10 29 1 13 24 5 19 15 10 15
28 32 22 35 32 21 17 3 11 19 8 38 16 0 19 2 16 32 38 9 7 3 27 3 8 33 9 29 17 25 9 35 36 30 5 38 20 13 9
29 32 35 7 0 34 31 14 20 37 32 27 10 19 33 34 5 7 28 28 12 39 23 38 28 20 30 33 22 37 14 5 38 12 34 28 23 5 8
17 18 39 23 6 35 1 18 29 36 14 1 21 39 8 22 21 11 3 8 37 16 34 31 5 27 2 19 35 13 13 11 0 23 18 8 18 22 36
28 0 17 3 26 30 39 39 32 15 26 2 4 36 31 14 19 27 33 8 8 35 0 0 34 25 12 39 27 16 12 9 4 36 15 3 10 5 14
37 6 27 17 29 32 28 11 1 33 5 4 36 24 31 12 20 18 13 24 32 34 26 4 23 17 3 19 22 17 38 23 8 11 23 24 18 13 17
35 23 7 31 20 13 16 18 5 36 4 39 34 9 4 20 36 6 6 8 8 1 30 34 16 5 1 24 39 31 34 21 39 13 9 36 22 18 9
28 4 3 7 29 28 4 15 36 24 2 34 23 20 3 35 31 10 10 12 25 21 16 16 0 4 37 34 36 15 33 18 23 37 13 30 23 19 22
12 13 21 14 10 39 34 19 1 37 20 4 5 17 17 9 25 3 5 20 35 30 7 3 2 7 8 9 14 36 29 5 14 33 10 7 22 14 30
8 12 22 33 12 22 33 31 6 1 15 23 6 14 6 19 32 35 19 6 2 2 31 30 19 1 16 22 19 18 18 8 34 12 14 12 26 27 15
3 1 28 22 5 3 17 37 28 10 33 11 6 10 13 18 18 9 20 12 30 38 14 22 39 5 18 0 18 3 4 3 32 28 9 35 16 35 8
30 32 9 7 31 11 15 7 20 20 24 32 17 14 16 29 15 21 3 17 35 26 19 11 32 39 30 24 7 4 7 27 29 28 10 28 30 7 2
22 24 21 21 17 10 2 33 36 29 27 26 1 35 26 12 6 12 35 20 16 36 32 38 27 5 0 29 25 0 33 30 3 29 26 15 23 6 39
21 23 8 19 18 10 27 6 18 7 27 28 29 5 12 35 23 29 8 25 9 3 1 34 8 11 9 19 14 27 18 7 4 17 35 38 15 12 16
22 15 32 2 12 36 34 18 0 6 9 16 37 27 22 37 0 11 14 2 6 37 7 34 30 14 9 7 3 16 35 14 2 16 38 11 12 21 28
21 1 36 3 26 8 32 20 14 16 32 29 5 27 0 9 30 14 0 26 34 8 27 3 5 20 35 7 15 35 34 26 8 29 24 24 14 9 7
39 31 4 29 37 32 34 6 29 4 34 29 22 33 38 17 30 4 16 25 25 27 37 0 33 28 28 32 5 21 13 7 10 2 39 39 6 28 30
37 2 35 13 28 3 21 3 24 29 7 6 30 39 13 39 30 21 31 5 33 33 24 1 14 20 7 31 0 39 38 0 21 3 6 0 24 1 18
14 0 1 31 0 22 36 21 11 22 24 23 36 13 34 25 12 10 38 21 27 27 24 2 32 4 37 0 22 35 13 34 31 20 32 2 7 6 18
13 7 10 16 19 6 4 36 14 26 9 29 16 19 22 11 11 32 11 7 30 25 25 35 29 8 29 38 31 20 39 11 19 20 28 28 8 25 23
11 38 25 32 14 21 4 16 26 28 12 24 29 29 25 1 20 22 39 3 22 25 29 29 38 6 32 0 21 17 32 10 28 9 28 21 20 24 31
2 20 38 4 13 30 30 33 38 9 8 26 26 31 24 37 37 25 17 2 36 19 11 28 20 15 23 8 4 18 21 10 16 36 7 3 20 25 17
34 15 25 37 9 0 27 32 11 39 20 39 18 1 14 26 1 16 39 30 13 37 8 34 9 12 7 26 18 39 28 2 27 15 0 31 31 4 29
38 38 11 5 20 10 1 23 2 35 29 10 31 14 25 11 24 13 24 20 33 34 18 14 10 29 21 28 20 27 25 2 29 1 39 37 19 27 8
36 0 5 30 21 18 14 18 19 1 0 11 1 32 8 25 8 26 39 26 36 7 13 8 0 3 25 10 11 36 38 17 16 2 5 21 0 39 35
31 7 2 11 17 23 0 25 16 36 38 38 11 15 32 36 8 25 9 31 4 24 27 6 12 2 14 16 22 23 13 15 8 2 27 24 18 15 11
15 11 32 10 3 26 9 12 9 3 21 4 16 39 7 22 21 0 18 36 17 20 7 13 28 2 12 10 27 24 23 6 33 24 22 0 19 19 2
33 9 3 28 24 6 0 23 21 27 14 9 16 0 12 34 15 37 13 34 27 38 15 37 33 35 21 16 30 9 17 33 5 10 30 13 15 1 12
14 26 39 4 31 38 4 25 1 11 19 1 17 38 37 37 36 4 23 30 31 36 23 12 30 1 25 3 16 23 38 2 7 9 27 11 16 32 39
32 32 8 30 29 37 2 30 6 7 0 37 34 34 10 1 36 29 25 11 10 21 27 3 37 1 19 6 14 6 33 26 28 10 11 23 22 3 1
25 37 12 17 31 13 31 13 4 26 26 15 12 29 35 31 11 33 4 6 20 26 19 6 31 32 13 25 25 37 33 15 2 6 1 28 15 6 21
