16 0 37 31 3 38 24 2 4 39 35 4 20 24 35 7 37 7 37 17 32 32 36 7 10 7 36
0 18 39 29 18 26 16 24 19 29 7 3 20 22 0 15 26 16 6 39 23 27 33 2 15 21 28
25 36 8 38 23 12 25 9 5 9 33 6 39 4 8 36 0 13 11 32 14 12 0 39 8 39 4
31 27 21 17 36 38 10 2 14 17 19 11 7 32 34 15 27 7 21 11 24 22 26 24 20 1 30
0 15 11 8 6 4 9 13 24 39 23 30 6 33 7 8 20 21 26 18 27 34 29 32 4 26 39
26 14 4 26 31 38 13 27 6 32 28 18 13 33 33 37 5 29 13 33 17 3 1 34 0 27 31
4 27 34 29 26 28 23 2 37 21 28 3 32 2 9 20 19 12 31 2 20 37 28 26 25 20 20
19 29 33 25 22 35 29 31 16 26 33 13 24 14 11 6 0 13 38 1 11 2 17 22 34 38 10
16 17 13 11 33 19 23 21 17 16 19 12 7 8 32 1 23 35 28 8 15 12 2 34 5 13 25
19 37 4 24 11 5 33 25 1 13 19 11 22 8 7 14 28 4 1 36 20 27 23 10 13 18 23
22 20 16 12 9 1 5 17 12 6 9 22 24 22 13 27 9 10 3 30 7 14 4 38 26 5 13
10 1 14 31 29 30 5 37 26 1 8 37 25 16 15 27 5 27 31 0 20 24 27 32 19 38 30
10 18 28 17 34 24 37 6 23 28 21 29 39 21 14 0 35 26 33 5 6 14 28 10 0 16 38
10 10 5 37 5 3 33 25 4 17 12 16 8 25 1 38 34 0 37 2 4 18 31 16 1 25 38
22 34 36 31 34 1 21 9 35 9 35 15 7 1 20 8 23 3 4 3 32 23 26 3 37 39 33
28 15 16 14 7 33 18 11 14 27 17 6 21 32 30 29 21 35 25 8 19 35 7 8 21 37 33
12 9 16 37 30 11 20 0 14 35 11 17 34 3 19 5 35 22 14 17 12 1 10 16 6 7 1
34 3 11 8 33 15 28 11 22 28 9 37 5 0 27 13 29 10 21 6 3 34 12 34 12 30 4
30 19 13 11 11 3 13 21 21 6 25 9 8 4 9 2 8 39 27 4 7 9 9 25 5 21 6
5 37 4 15 27 20 12 23 0 3 12 27 6 11 12 20 39 31 19 25 14 38 4 17 33 17 25
2 39 17 11 8 28 34 26 32 3 34 12 3 14 2 23 11 38 18 39 30 23 16 2 30 35 19
26 36 31 33 24 33 15 2 25 28 28 21 35 24 34 29 2 10 18 4 10 33 11 37 23 32 18
5 6 31 22 30 24 24 24 10 16 23 29 36 30 16 35 2 0 4 22 38 34 31 19 1 9 21
0 20 36 30 0 16 14 36 26 0 13 19 0 36 15 5 37 33 6 26 31 18 29 29 3 12 27
6 37 18 34 0 32 11 36 21 17 36 17 25 18 33 9 3 7 31 28 1 34 10 9 34 8 36
18 13 25 1 7 12 2 32 2 22 6 14 27 30 30 0 8 31 3 9 31 35 19 10 21 22 39
22 23 10 31 12 12 19 37 5 9 38 12 15 15 25 38 28 30 27 21 25 16 11 35 15 24 9
16 32 1 15 6 22 24 3 30 26 13 36 16 18 38 2 38 8 6 15 29 11 14 13 0 9 32
12 2 14 22 39 15 14 18 29 10 35 27 39 20 20 14 37 15 39 36 27 6 18 19 28 36 25
35 36 15 13 12 35 1 10 5 23 4 1 3 23 31 18 35 3 30 35 20 28 20 2 8 33 25
22 22 12 14 32 22 4 11 31 25 22 35 19 16 28 1 39 35 24 23 26 5 39 26 37 31 38
15 32 30 30 5 22 7 36 26 32 16 34 1 20 14 24 1 23 18 24 28 31 20 5 17 15 6
26 26 38 21 29 26 2 4 32 15 25 36 30 5 13 23 15 0 14 32 8 7 8 31 38 39 26
21 32 39 23 19 16 2 15 17 5 0 29 3 18 3 30 11 12 2 10 29 18 21 34 10 29 28
29 39 19 5 30 9 19 33 16 30 17 6 10 22 29 6 20 16 4 27 17 10 16 9 31 28 33
15 31 24 36 37 39 11 10 27 27 3 10 7 7 36 33 36 29 0 34 3 20 28 17 18 28 7
20 22 21 6 39 9 5 12 1 24 26 33 32 4 19 32 15 23 8 24 36 21 32 17 14 39 23
38 22 28 38 19 19 13 19 36 18 27 17 23 35 25 29 25 14 5 21 8 36 20 7 29 4 24
0 14 9 37 31 24 37 13 38 9 34 18 12 13 20 3 17 38 38 8 17 2 22 34 13 24 7
39 7 32 7 25 38 35 30 35 27 30 1 37 18 34 2 11 18 29 13 10 2 1 6 35 8 23
