4 8 29 19 29 15 38 21 5 0 39 35 5 23 10 22 27 0 3 24 33 33 34 35 26 21 3 3 14 6
30 22 12 1 15 16 29 16 31 21 38 4 30 15 19 29 34 34 11 24 18 6 30 38 29 19 34 10 0 18
34 23 28 23 23 5 12 7 33 27 22 2 36 10 27 31 17 4 28 22 28 26 31 6 38 32 35 30 38 16
36 17 15 38 4 9 32 15 22 14 28 30 38 3 25 33 37 32 38 22 1 26 5 12 39 2 23 10 18 9
8 37 5 23 28 18 3 22 24 27 8 27 20 39 37 17 37 25 20 32 38 4 28 1 9 15 33 10 27 30
4 6 4 14 29 0 16 28 10 20 16 22 32 29 9 23 27 29 0 31 18 24 17 23 9 39 39 34 12 19
24 22 12 31 2 13 35 39 37 10 9 39 9 19 25 33 25 0 37 9 35 14 31 25 21 15 22 21 17 23
21 21 4 27 0 16 24 39 11 38 8 29 3 13 14 15 36 10 10 33 6 27 35 39 34 27 17 30 9 33
32 27 16 2 24 28 16 26 23 18 23 16 21 11 4 13 36 25 36 5 19 24 30 29 13 38 8 35 19 34
10 31 2 31 37 31 37 19 32 8 17 11 5 11 4 28 21 14 31 2 24 19 0 39 30 9 3 33 16 24
31 17 7 34 7 24 1 17 4 31 14 14 23 19 17 2 13 25 1 20 0 2 5 37 13 2 13 16 32 15
25 20 11 16 37 21 11 16 8 5 13 4 26 5 7 20 35 3 13 1 1 5 2 34 0 25 32 7 21 3
4 23 12 24 6 8 35 2 11 27 33 33 1 31 15 37 35 28 3 13 14 6 26 39 30 24 12 11 17 10
4 4 30 21 36 14 35 11 23 27 19 11 33 12 5 35 22 22 9 4 14 39 18 23 13 20 13 12 34 24
20 25 20 12 17 2 12 26 28 0 38 3 8 38 36 0 4 30 33 8 36 11 0 2 14 30 35 32 39 29
17 24 18 31 23 16 31 17 22 5 29 36 36 9 1 27 1 26 20 7 25 23 27 34 4 31 28 29 15 2
7 15 13 6 7 24 25 0 21 15 20 31 11 6 32 27 10 12 33 32 29 19 36 36 18 33 6 25 9 28
17 35 14 25 7 21 35 0 23 34 16 34 11 34 9 28 14 10 7 7 29 19 24 21 24 1 18 6 19 31
30 2 28 12 6 24 20 20 3 14 38 39 34 29 2 19 14 5 23 29 36 20 2 28 18 20 8 37 5 2
34 26 22 32 20 27 30 24 32 5 22 5 1 38 18 0 29 28 14 10 18 1 5 30 9 13 7 38 1 29
8 7 28 26 38 30 36 6 26 21 2 37 34 31 21 20 10 8 15 33 15 7 18 34 33 28 35 22 39 34
12 24 0 34 32 37 12 5 2 10 7 17 9 7 2 1 35 11 1 25 24 23 13 25 0 3 2 20 23 0
17 15 10 9 15 2 36 20 14 3 37 9 16 6 39 33 5 14 28 38 26 39 1 7 6 10 36 30 16 15
32 3 31 19 10 32 6 36 38 12 16 39 23 25 10 0 1 37 9 18 6 11 1 12 15 21 32 17 2 15
34 29 27 3 12 18 23 27 10 39 15 36 8 32 13 4 39 0 33 9 16 35 10 22 14 3 27 13 6 36
33 1 5 21 32 23 25 16 25 21 28 15 8 38 22 30 22 26 20 31 37 35 26 20 26 19 23 11 28 27
15 21 17 31 12 2 2 27 7 11 7 3 27 10 36 0 9 18 36 3 3 19 25 4 3 11 12 18 2 38
39 32 25 34 24 12 38 30 19 21 8 26 26 1 30 24 30 19 36 28 10 13 29 29 32 29 21 27 14 25
4 3 2 17 1 30 17 18 7 6 36 30 17 3 9 38 33 11 35 8 20 19 15 7 25 11 3 14 33 20
37 18 31 23 9 39 16 12 8 19 8 5 22 23 22 9 6 32 29 1 25 7 29 24 38 13 28 37 37 18
32 24 11 37 31 9 38 0 19 4 10 1 28 35 35 19 9 11 32 32 20 13 13 39 5 23 30 38 5 31
12 16 19 7 26 0 35 9 0 26 14 4 12 14 37 33 12 1 38 22 18 19 22 1 3 6 13 0 14 5
22 12 34 39 29 8 26 25 8 4 6 34 13 12 30 18 12 39 2 17 7 35 13 25 32 37 20 8 5 36
16 27 14 37 20 17 6 36 31 26 22 7 10 23 29 32 37 26 16 17 15 33 4 14 15 35 22 29 21 18
38 13 3 8 6 10 13 3 0 4 26 7 3 21 28 1 39 33 3 14 37 16 21 6 18 35 11 34 11 19
26 13 18 27 20 8 24 34 37 15 33 19 12 10 36 27 11 27 38 16 15 36 31 37 21 10 20 7 11 11
16 39 11 25 28 25 34 7 13 26 22 35 16 35 19 5 20 5 33 25 17 4 14 8 39 0 5 6 4 6
31 30 31 0 26 13 22 22 24 21 28 1 29 37 4 28 35 31 18 18 7 16 8 27 8 8 26 28 2 36
27 36 8 33 22 10 23 6 8 39 17 32 39 16 7 18 9 4 26 9 26 34 30 17 36 9 13 14 21 37
24 1 11 17 6 32 12 6 35 17 15 20 1 15 30 18 0 25 34 5 19 38 33 24 30 21 29 26 33 3
