14 18 11 31 28 24 8 22 6 22 31 6 24 30 9 10 13 38 28 7 28 13 36 39 9 19 36 37 32 7 38 30 14 22 0 0 16 10 12
21 16 31 21 34 7 10 33 36 27 19 31 1 1 12 9 6 5 19 5 24 7 12 19 4 4 39 4 35 33 23 3 2 32 32 7 20 33 18
33 4 10 3 11 5 34 38 22 20 16 24 5 10 8 30 24 20 4 36 33 31 35 27 28 24 35 20 11 30 8 1 36 33 6 10 9 37 27
29 19 36 36 2 6 17 38 38 31 13 9 4 35 21 39 39 35 15 21 23 8 25 30 21 27 12 34 12 8 6 1 33 37 19 13 27 20 4
32 13 2 8 10 26 19 29 33 7 28 25 23 3 32 25 10 17 12 31 2 1 1 38 6 1 24 16 21 28 7 26 23 4 4 12 27 15 3
24 39 13 14 34 17 26 6 12 2 16 34 11 7 11 12 10 13 1 14 22 2 1 37 14 25 32 11 33 8 25 24 21 28 26 21 20 25 32
29 11 5 3 33 12 33 32 10 0 38 0 8 1 6 6 18 32 33 22 9 21 20 27 33 21 17 24 30 4 33 26 22 3 15 36 25 2 38
26 39 32 1 9 16 4 5 20 11 16 11 30 38 33 16 23 33 1 35 17 0 20 29 25 24 13 34 39 0 4 35 29 16 1 20 20 24 12
34 4 33 30 20 24 28 0 19 27 9 11 25 35 13 6 12 28 13 16 29 2 31 3 18 26 5 28 21 29 3 2 25 34 24 35 17 23 15
11 16 31 32 39 7 14 25 36 17 39 8 10 32 22 15 13 21 3 1 0 30 6 14 27 35 20 0 17 12 39 16 39 32 31 15 35 2 32
2 38 23 11 15 4 22 1 6 9 35 27 26 16 5 10 10 39 0 38 4 2 25 12 26 36 30 32 15 29 20 15 23 12 16 2 0 26 25
21 39 24 6 9 10 2 0 21 19 21 5 5 7 7 8 32 14 16 11 11 19 28 38 5 17 23 11 11 2 32 21 37 28 13 22 34 22 25
30 31 33 5 19 6 26 29 18 30 5 1 26 22 8 30 4 1 10 28 37 38 23 15 17 3 20 9 36 3 33 33 10 38 4 37 17 7 0
5 4 22 13 13 31 3 28 18 33 33 25 8 37 21 9 20 5 8 0 31 17 33 0 26 15 32 7 21 32 31 27 35 18 38 11 26 28 3
0 5 32 37 9 39 11 28 22 37 27 17 34 5 28 17 9 5 31 39 17 38 15 19 33 17 19 22 28 38 28 0 38 19 39 31 34 18 15
23 35 27 10 30 17 22 39 21 27 9 29 37 16 35 3 13 14 15 15 12 25 39 16 32 10 37 35 6 21 10 9 15 15 38 8 19 4 14
21 37 9 1 27 36 32 5 30 7 31 18 7 31 21 11 34 35 10 2 24 7 26 8 15 36 15 4 19 9 19 23 7 29 21 39 10 20 0
19 33 5 15 3 38 39 9 35 14 38 24 14 20 4 38 13 7 14 30 6 11 27 34 35 12 20 22 18 14 9 28 37 32 18 8 12 28 30
22 38 0 36 23 34 27 23 37 38 13 12 16 33 27 23 39 6 8 22 27 24 17 19 21 20 25 32 24 13 26 31 17 34 22 1 14 20 30
17 3 32 30 4 31 12 11 24 34 8 1 26 21 37 30 27 1 11 1 36 20 19 19 28 14 18 23 38 0 16 14 16 33 14 3 39 15 24
30 37 8 7 20 20 2 38 23 13 27 17 6 29 36 7 2 9 19 21 17 32 34 18 2 12 25 10 36 5 29 1 7 24 16 7 18 3 39
11 16 1 1 25 23 37 11 31 37 11 39 16 15 33 13 19 9 32 39 3 25 6 25 3 22 34 6 20 18 13 3 8 4 5 11 15 5 16
30 35 18 10 13 15 28 2 0 9 14 0 31 12 6 38 5 27 30 21 38 18 23 17 31 37 6 14 29 11 22 22 11 0 38 24 32 18 26
15 31 35 10 21 27 18 18 39 23 23 26 4 28 29 26 20 32 26 18 30 7 12 32 3 22 11 19 31 38 1 24 16 4 10 35 8 29 38
5 11 31 37 8 19 0 29 0 25 16 33 30 2 38 17 1 37 2 6 33 7 37 18 25 4 2 37 5 24 24 18 23 8 22 20 7 34 19
26 21 29 9 4 8 13 29 36 24 33 21 4 30 5 10 21 31 3 34 7 15 24 27 32 5 18 20 36 8 5 36 36 11 6 27 26 34 10
7 39 25 5 28 4 31 12 31 34 23 19 10 32 23 12 23 16 38 30 33 10 13 8 34 27 29 6 5 37 34 18 13 4 31 22 29 10 25
15 33 16 29 28 23 33 29 29 18 35 1 8 36 10 15 18 14 29 20 28 19 22 6 9 17 18 25 39 30 2 26 3 13 31 25 4 3 2
26 27 36 37 22 13 0 8 4 14 23 27 8 14 33 0 11 0 12 35 34 35 19 2 35 8 31 14 34 5 4 17 14 28 28 11 13 17 29
6 3 27 4 25 27 35 27 31 12 24 38 36 37 23 25 27 15 39 8 20 34 37 7 34 35 26 38 10 8 7 22 16 20 34 39 26 23 28
12 22 20 19 8 15 30 30 16 30 30 12 7 0 30 30 23 19 38 24 25 26 9 12 2 22 17 36 6 35 34 27 3 10 2 39 0 18 17
12 23 32 9 24 1 36 19 26 13 21 26 0 33 3 16 29 16 1 0 22 13 8 38 14 4 25 2 23 22 28 13 27 18 9 26 14 36 34
4 31 14 7 19 9 35 16 36 6 11 9 26 21 23 4 6 35 5 23 13 20 25 10 15 13 0 18 11 1 39 1 35 9 17 22 39 9 5
2 12 27 8 17 27 6 31 4 1 6 13 18 13 21 7 25 6 24 7 26 28 6 13 24 2 5 37 1 14 37 34 6 19 12 12 3 2 1
8 5 1 2 39 18 5 26 19 39 37 16 14 29 35 28 21 25 17 30 7 29 26 20 33 3 28 26 35 11 8 18 29 14 36 31 24 37 25
36 22 15 23 32 37 29 27 16 8 10 17 35 35 3 7 15 3 32 36 28 9 34 28 30 17 2 1 29 2 28 15 13 7 34 32 8 23 9
35 3 3 18 16 31 28 32 36 36 1 38 9 29 27 25 39 38 35 20 19 16 30 2 0 10 0 12 6 20 25 25 25 39 37 2 37 31 34
16 20 24 35 14 21 21 18 28 34 39 29 14 13 19 15 39 5 24 12 29 37 37 24 33 33 24 15 22 0 26 11 17 36 3 36 12 2 34
18 10 2 3 3 17 18 36 29 6 20 7 17 30 26 10 24 22 0 17 31 11 36 12 22 14 4 19 23 29 14 0 13 14 22 12 15 23 6
7 5 11 26 9 34 23 21 17 14 15 9 34 37 21 10 18 3 36 37 29 3 14 1 0 15 27 7 9 30 9 32 36 14 16 19 29 32 20
