38 21 29 33 0 10 23 36 36 16 35 18 38 12 30 23 21 8 13 6 36 37 37 24 28 17 22 21 32 37 26 18
31 30 23 4 10 33 6 23 24 1 14 26 11 4 19 16 7 32 35 33 14 5 10 27 28 18 21 28 11 38 35 29
19 3 28 18 30 28 1 34 36 39 15 28 28 26 23 19 28 17 7 23 19 1 32 13 9 3 8 39 33 17 0 1
30 7 34 16 27 10 25 20 4 3 17 28 14 1 14 0 16 30 18 36 18 17 1 25 5 31 6 38 31 22 12 7
12 11 9 31 20 4 34 10 4 5 29 35 39 11 38 36 25 19 26 30 5 12 0 39 14 4 28 37 12 33 11 8
15 24 7 33 17 38 26 17 38 10 20 34 34 30 37 8 26 17 28 9 34 18 21 31 22 3 37 20 32 28 26 39
5 0 12 24 32 28 24 2 23 14 27 33 25 0 34 24 24 33 7 16 29 12 1 28 21 33 11 7 10 21 8 26
30 27 32 21 35 5 10 20 20 24 2 26 18 22 24 36 13 11 27 0 38 3 15 2 1 29 8 2 36 29 37 9
20 20 32 30 22 0 26 23 31 13 29 9 21 35 20 14 36 6 26 35 36 22 13 21 22 22 2 12 26 14 5 26
26 24 15 27 21 6 34 30 7 24 13 38 27 14 4 10 33 39 37 18 17 14 14 1 31 33 3 20 26 25 30 38
5 20 6 32 4 29 0 7 21 3 30 28 25 7 9 9 1 21 7 0 7 30 38 22 37 34 24 10 23 25 28 1
38 26 19 7 38 19 1 18 31 26 15 18 27 25 22 8 3 36 10 38 5 26 7 17 28 18 30 4 22 4 24 16
28 31 18 35 2 20 12 19 11 29 29 21 17 19 27 37 3 2 39 35 13 23 9 21 9 22 13 20 23 30 16 27
6 6 13 11 21 7 15 6 4 15 13 36 9 34 22 11 33 10 32 0 15 39 34 5 29 25 30 3 39 21 4 11
30 22 19 31 5 19 39 27 10 3 2 14 14 16 10 7 13 37 2 0 35 12 32 22 8 19 36 18 39 0 9 11
16 17 1 35 14 6 0 5 32 37 28 37 12 11 26 39 34 30 39 19 27 12 22 8 33 11 16 34 2 36 0 34
31 23 18 29 7 2 34 37 14 2 0 5 34 20 0 10 5 30 18 9 21 33 16 39 38 12 2 13 32 9 9 31
6 12 6 0 35 21 31 28 22 39 8 1 6 9 26 24 15 24 35 32 14 18 19 17 0 7 35 38 33 25 22 4
10 18 6 34 35 16 2 26 3 35 2 26 1 17 4 11 32 33 30 15 12 6 1 15 12 27 39 9 2 15 32 39
39 22 16 9 5 9 11 8 23 24 38 36 38 29 18 14 27 3 31 37 32 17 8 11 1 8 2 25 36 28 14 10
14 0 19 3 15 1 37 3 19 21 2 28 22 4 0 4 17 3 28 25 39 24 25 14 9 29 19 20 10 35 4 35
20 25 3 35 13 15 37 13 6 2 39 17 31 38 36 16 8 38 7 8 27 19 16 25 2 0 4 19 35 18 37 1
34 20 12 21 38 13 29 12 8 23 26 22 9 23 20 16 29 11 19 18 16 26 33 21 31 25 20 1 36 15 35 35
25 26 10 4 4 9 25 29 6 23 7 9 15 3 3 20 22 35 23 34 37 32 28 8 36 13 8 12 8 12 6 21
7 37 33 15 29 34 8 4 33 13 12 17 5 9 14 1 11 20 0 3 6 27 5 26 36 23 20 22 39 24 11 38
6 36 23 2 39 36 7 8 7 18 23 31 14 8 7 32 22 30 5 31 33 21 25 26 13 31 13 26 19 24 35 19
25 27 33 16 29 10 27 7 25 0 36 21 11 33 22 18 23 25 23 7 24 5 32 34 6 16 17 25 15 28 25 16
37 31 3 31 8 12 3 29 26 4 24 4 35 39 18 33 38 26 5 20 30 16 32 25 37 5 19 1 16 14 16 0
4 2 27 32 11 29 24 6 13 27 19 4 15 37 2 24 38 39 20 34 25 33 9 15 13 15 13 12 37 29 16 8
14 25 3 30 8 34 29 6 39 4 4 0 14 20 20 0 19 4 15 25 37 17 20 8 27 9 35 30 24 36 9 14
36 22 7 33 25 11 21 24 11 18 10 2 36 17 17 38 14 15 19 28 10 30 2 39 1 29 30 32 4 37 23 39
11 6 5 23 22 14 7 27 21 31 2 24 25 16 6 0 37 8 1 33 12 6 37 31 10 22 33 23 18 16 29 31
12 16 0 3 5 0 2 10 37 16 19 1 10 12 16 13 23 28 13 10 3 27 38 14 20 8 28 3 10 29 10 24
27 11 5 34 8 6 31 34 33 11 33 35 7 7 31 22 8 38 9 17 15 1 14 21 21 15 23 9 13 19 20 2
28 4 13 38 34 30 5 18 32 31 6 36 32 18 16 19 2 17 27 13 10 13 1 12 32 12 8 14 38 23 5 15
35 36 5 33 38 34 32 24 10 13 6 29 32 29 3 31 22 39 35 32 15 3 17 11 2 1 11 3 3 13 39 0
15 17 36 29 31 18 39 31 29 31 2 34 4 7 28 5 35 21 5 24 30 5 32 24 20 13 25 32 23 17 0 21
5 13 6 27 28 17 15 35 31 12 36 25 15 11 3 39 9 24 14 1 30 12 21 34 34 38 16 19 27 3 22 6
18 16 36 2 30 4 22 17 37 30 12 8 9 9 23 32 33 17 27 12 23 27 18 37 17 15 9 11 38 30 10 6
23 26 19 33 28 32 1 10 11 29 17 39 37 27 7 36 27 20 1 29 1 35 18 15 19 20 5 34 24 26 34 27
