11 32 19 29 14 4 39 37 1 22 7 12 29 8 28 37 5 9 38
31 2 30 2 4 18 11 28 14 37 6 6 32 16 28 9 6 15 38
33 17 33 35 11 10 36 36 6 39 3 24 21 16 14 12 14 0 31
37 13 2 38 37 6 14 39 38 39 6 26 7 34 25 11 14 3 8
21 10 23 21 18 6 22 22 16 21 18 21 16 17 16 7 33 12 29
2 13 8 7 26 21 4 29 24 19 5 10 23 25 31 13 18 20 19
13 36 38 25 1 37 1 10 30 29 33 7 6 11 0 38 14 36 23
3 28 18 30 12 15 22 4 24 26 0 11 25 32 21 39 39 20 27
15 31 23 5 1 7 21 11 17 34 13 21 23 31 37 27 35 38 34
17 37 4 25 35 32 21 3 28 36 24 6 0 6 6 37 12 38 33
9 15 4 25 18 12 6 11 1 9 6 16 29 16 39 7 22 38 0
15 23 34 9 23 35 30 29 16 36 22 33 9 7 30 5 28 19 2
31 13 4 33 2 8 13 12 31 35 13 2 29 4 35 6 12 36 30
23 21 11 22 3 12 4 27 35 3 31 26 20 33 5 1 14 28 29
34 33 24 6 26 11 0 29 26 19 20 11 33 23 8 7 12 25 2
11 8 9 31 17 10 20 4 37 28 31 5 26 21 28 37 26 14 9
10 13 28 1 13 15 39 5 12 12 32 26 10 27 24 20 39 13 32
9 18 7 17 19 13 14 33 20 18 4 15 11 30 9 13 7 14 38
25 18 32 26 8 25 31 27 5 19 32 23 0 23 26 19 25 18 34
19 13 19 36 38 15 38 9 17 24 39 27 31 15 28 20 30 19 17
10 15 1 32 8 0 5 15 16 16 8 9 37 17 30 5 6 36 0
30 15 14 17 36 35 14 4 16 18 36 30 7 3 35 39 4 29 20
37 13 0 22 36 0 28 3 34 39 32 17 12 30 1 19 34 7 25
13 17 33 18 27 25 25 17 5 8 4 11 34 3 29 2 36 23 12
19 8 10 25 11 16 9 19 7 28 25 11 10 14 29 5 27 27 18
31 34 15 17 22 23 33 26 4 32 32 1 21 1 32 7 25 18 26
9 11 6 37 8 15 10 26 34 20 1 8 38 22 16 28 3 8 9
23 31 34 36 3 10 1 17 7 15 13 26 24 25 2 3 14 5 5
32 22 23 29 20 30 31 24 31 27 30 22 20 36 0 3 32 27 9
10 29 8 23 35 1 5 33 1 19 23 0 39 39 16 10 28 24 33
32 37 39 21 21 10 27 30 39 21 31 25 33 20 14 2 34 27 27
31 4 35 35 18 6 6 38 26 39 35 19 20 2 1 9 33 20 0
2 18 33 32 8 21 4 19 23 3 24 9 8 26 28 30 36 37 20
24 16 2 14 28 22 29 0 20 33 34 23 24 14 34 24 5 35 29
10 15 35 34 4 24 21 10 20 24 27 1 3 18 2 9 38 39 35
35 16 36 19 10 2 12 17 37 0 22 14 35 13 30 27 17 21 30
32 37 2 0 11 15 12 11 39 24 38 24 36 28 16 12 26 38 34
24 16 1 22 2 36 26 37 35 7 8 5 30 22 17 19 34 38 4
3 18 7 18 27 5 2 34 13 0 12 7 16 27 38 1 17 22 3
20 22 10 32 22 8 3 15 5 31 28 29 3 25 12 15 0 27 29
