18 37 16 3 33 13 36 12 25 4 29 34 35
16 5 10 17 8 1 1 34 37 39 13 27 15
24 5 37 16 29 27 3 19 32 21 28 9 23
30 22 7 26 26 14 0 2 9 6 9 38 19
34 4 4 31 19 7 0 37 22 23 6 26 33
36 8 1 31 13 2 20 15 10 19 10 20 38
15 39 14 21 20 30 16 16 20 22 12 3 4
14 31 3 28 35 30 26 13 8 34 18 39 4
5 35 26 24 33 36 9 9 1 7 9 37 28
22 8 8 17 3 8 12 39 22 3 33 2 29
1 13 5 36 37 20 17 11 5 24 34 33 16
17 17 36 19 11 11 33 34 35 31 24 10 36
27 31 27 0 17 37 9 25 6 23 35 35 37
38 24 5 20 10 39 7 22 20 0 32 35 1
6 14 14 23 7 29 3 35 30 18 17 18 25
6 27 32 36 5 15 15 19 32 29 34 28 1
1 24 6 16 16 28 0 2 6 39 20 29 10
11 11 25 1 9 10 28 12 27 14 32 38 26
0 28 23 28 39 36 38 7 14 23 14 29 27
23 28 11 29 15 2 4 5 36 21 37 23 3
38 6 33 13 5 13 10 6 38 16 5 33 24
22 6 33 22 32 27 2 19 31 22 34 37 30
21 34 3 9 39 21 13 31 9 6 30 21 4
19 35 14 18 24 24 38 18 12 19 31 4 2
16 13 2 8 23 27 23 30 11 30 10 20 27
17 28 26 26 35 26 0 35 37 29 12 39 14
8 3 25 7 25 3 36 35 25 33 4 31 17
37 15 30 12 24 2 12 29 21 17 1 18 24
33 18 25 19 18 7 30 16 17 2 15 8 38
34 14 34 2 19 27 15 25 0 16 18 34 9
3 27 6 28 7 36 32 32 24 14 24 22 21
5 33 7 32 4 12 11 37 22 21 23 38 26
15 34 31 39 30 30 21 15 2 36 35 13 17
28 20 31 21 8 11 0 36 20 9 26 4 10
4 29 22 32 11 29 7 15 1 0 21 10 29
23 8 7 11 14 25 26 32 25 12 13 12 0
5 11 15 8 18 30 10 26 0 32 19 33 11
27 2 0 10 31 12 8 25 1 19 4 21 12
13 20 39 38 38 23 20 18 5 31 3 28 17
6 22 18 32 13 38 16 7 9 25 1 39 39
