4 34 26 14 37 3 36 16 8
22 4 17 10 20 30 3 6 37
7 5 24 19 26 9 16 16 4
5 21 5 32 20 24 8 6 10
25 8 32 34 12 5 7 13 23
6 16 22 8 36 35 37 15 25
18 24 27 2 13 3 39 37 31
39 24 15 2 27 12 21 38 1
21 12 11 9 30 9 1 36 13
27 33 17 37 22 8 2 14 10
4 36 19 4 28 24 7 21 7
15 11 0 18 20 27 11 26 7
0 35 38 18 34 11 29 3 25
18 20 22 5 21 26 22 22 25
26 1 0 23 2 26 35 22 21
15 38 0 13 23 32 38 33 39
26 25 39 20 6 23 29 21 20
16 24 7 34 3 3 38 30 6
16 31 9 18 11 6 29 13 8
10 17 3 18 2 6 5 17 10
12 3 17 20 7 14 24 7 25
20 28 23 14 3 32 38 21 39
19 37 33 15 24 14 19 30 25
9 12 34 23 19 27 28 23 28
35 25 0 30 8 28 31 31 0
1 10 39 15 1 2 27 39 37
30 6 4 13 31 36 35 18 22
1 33 34 27 35 38 5 7 11
16 12 10 30 12 5 34 18 17
31 1 23 39 19 8 24 36 15
32 0 28 34 5 13 0 19 33
36 26 11 14 19 33 37 17 28
12 11 27 29 34 28 35 9 27
29 6 16 29 4 10 38 32 4
35 20 9 18 13 32 33 26 1
36 17 16 28 21 11 38 1 14
8 2 0 15 23 10 17 37 14
2 2 31 14 4 32 15 29 33
22 29 31 9 30 36 35 29 39
9 19 31 33 12 25 30 32 13
