38 9 14 15 23 10 25
29 19 8 3 38 11 34
1 17 27 0 31 26 35
9 4 15 30 25 31 19
22 38 11 22 0 27 7
3 38 16 3 29 1 26
19 16 16 33 17 20 28
12 22 24 27 0 33 20
37 18 13 2 11 6 39
35 3 35 1 35 20 21
16 2 18 3 32 14 15
6 33 28 5 26 8 7
25 34 8 31 39 7 9
32 28 10 25 12 31 0
36 7 23 4 10 37 17
0 18 13 13 38 30 8
2 5 21 14 1 36 10
4 36 22 14 4 25 36
15 22 17 5 28 27 31
28 20 5 12 11 34 36
17 26 33 17 6 24 35
7 35 15 4 20 26 13
22 27 37 9 29 30 39
33 19 38 15 23 18 29
21 20 25 2 1 0 11
24 8 29 2 34 9 17
10 2 12 22 8 24 8
26 5 0 12 16 39 39
16 32 27 26 37 10 32
31 21 30 39 11 37 16
13 24 27 3 1 31 15
18 3 10 29 6 1 21
19 18 5 12 23 25 38
29 37 14 24 33 7 6
28 32 21 32 14 13 2
20 7 18 4 9 30 39
33 23 36 34 37 23 34
12 30 34 11 28 30 19
6 32 5 13 19 23 4
24 6 14 21 36 9 35
