8 34 4 35 19 28 8 12 8 36 25 22 6 0
16 38 10 39 29 30 6 16 23 11 12 34 21 1
17 22 17 13 4 13 29 8 17 37 21 22 32 17
4 6 23 21 39 6 39 11 16 9 8 26 1 11
16 34 33 14 36 18 21 24 14 12 34 39 27 24
37 10 11 13 1 12 38 13 1 28 36 4 8 7
29 7 36 38 11 23 38 11 38 29 10 15 6 2
10 20 4 34 25 31 21 22 7 29 34 18 11 31
27 23 37 31 36 15 28 19 38 0 16 33 24 13
23 5 21 23 30 25 10 6 31 29 25 10 20 35
17 6 32 35 32 10 17 4 15 22 6 0 4 38
35 15 17 7 36 9 20 12 3 15 19 28 26 19
39 18 25 9 21 13 34 30 20 8 31 22 36 39
23 6 16 14 4 37 29 31 2 24 20 37 25 39
27 7 37 17 3 35 5 33 35 28 17 21 26 14
21 33 24 22 31 23 1 30 22 39 7 33 26 15
32 0 29 36 32 33 15 18 9 18 12 5 28 1
13 25 15 8 15 7 14 19 5 37 0 26 0 16
39 2 10 17 27 14 17 0 5 20 39 22 2 23
38 33 27 18 25 36 32 2 6 4 3 7 32 31
3 35 35 3 3 38 2 9 13 3 29 1 11 34
5 24 2 8 0 38 36 34 28 12 4 5 16 32
9 1 27 33 14 5 10 5 22 13 24 23 27 26
0 27 5 18 18 12 14 14 12 30 9 30 20 3
32 13 15 32 26 34 33 7 28 12 21 4 19 20
0 20 28 28 25 8 18 0 31 8 33 16 10 11
26 20 28 1 30 24 29 7 35 38 1 39 7 6
38 24 24 28 5 18 32 2 26 10 21 37 13 7
4 18 17 19 34 36 20 15 19 37 0 14 18 31
6 24 27 7 24 37 23 15 17 19 12 3 31 9
29 4 1 27 12 2 10 26 31 14 26 14 12 5
3 30 35 26 33 30 39 9 9 0 21 2 35 16
19 15 0 26 3 11 32 14 9 30 37 31 29 37
26 16 21 19 20 13 22 34 32 35 33 17 16 9
20 11 32 19 23 2 3 27 2 11 6 8 22 9
2 18 13 37 22 14 36 33 5 19 23 25 27 35
35 15 2 3 1 36 5 20 25 30 16 28 4 8
31 1 23 11 6 38 25 8 19 30 11 21 3 7
10 27 24 22 39 9 1 25 25 37 29 39 34 27
28 10 38 33 30 29 16 18 24 13 34 30 36 12
