21 8 25 39 3 0 22 26 0
0 15 35 11 19 36 14 3 21
35 30 19 24 18 28 2 2 2
27 28 12 18 31 4 11 19 9
34 15 3 9 27 13 12 7 31
26 32 32 3 5 2 33 7 5
8 24 15 26 15 14 14 7 15
4 23 37 29 21 8 31 35 16
8 10 36 23 28 22 34 31 0
33 32 1 15 6 18 21 5 4
4 4 12 36 6 20 18 3 19
26 16 7 5 11 2 10 25 7
35 38 1 1 11 11 21 36 3
18 0 9 30 30 12 16 16 8
13 2 13 23 26 39 35 32 8
32 35 1 20 12 35 22 26 29
6 29 27 5 31 27 37 11 30
38 6 23 14 17 36 32 19 34
11 7 2 5 17 37 32 14 9
5 22 24 9 38 30 24 27 14
38 10 0 34 27 9 31 28 14
29 38 27 1 23 6 13 12 36
10 33 8 6 4 29 13 30 35
13 33 20 39 31 21 19 4 33
25 6 33 0 10 35 38 20 5
0 9 21 37 2 8 30 17 38
17 37 24 21 15 37 7 25 22
1 16 4 33 30 20 39 3 30
22 10 36 23 18 5 22 24 38
22 27 28 25 15 8 25 4 6
10 34 38 13 14 13 19 10 24
0 12 23 11 23 36 13 24 29
19 12 29 9 28 18 12 29 20
33 1 31 34 21 39 36 3 16
20 10 31 18 11 28 32 1 16
16 23 19 14 34 32 28 26 17
27 25 22 26 17 6 1 3 9
7 37 24 20 39 28 17 7 16
25 20 2 17 26 39 39 25 34
15 39 18 37 34 37 17 29 33
