4 2 3 13 10 39 1 12 24 18 9 26 6 34 14 31 22 15 23 20 30 28 27 36 29 25 32 11 16 19 5 7 8 21 38 17
20 8 33 4 19 10 29 11 39 0 37 34 22 6 38 32 16 36 27 15 31 9 7 18 3 25 28 14 13 30 24 5 23 2 26
25 0 17 4 39 35 26 24 27 18 31 33 12 6 30 8 19 20 15 32 36 23 14 37 28 10 3 22 11 29 9 7 1 5 21 34 16 38
29 12 4 38 6 0 21 34 16 26 18 10 33 31 20 8 35 19 24 28 11 36 22 25 32 15 1 17 23 2 30 39 5 9 13 14 27
26 0 17 22 2 37 10 25 3 16 36 1 18 6 31 34 27 30 32 38 14 23 8 33 7 19 11 24 9 5 15 13 39 29 35 21 12
32 15 17 27 30 13 16 20 37 36 25 35 8 28 24 33 7 39 22 6 29 38 10 11 18 31 0 3 26 21 4 12 1 23 2 19 34 9
38 25 22 27 3 28 26 7 4 9 37 17 2 29 30 8 1 32 0 36 35 31 5 11 12 14 23 21 19 33 10 34 18 20 39 24 13
26 14 9 6 31 24 27 13 35 16 5 17 18 23 4 33 11 1 29 32 10 19 36 21 0 12 2 28 39 38 25 34 30 20 37
37 1 23 9 17 35 28 15 31 34 26 14 38 24 5 6 2 3 25 27 4 10 13 19 16 32 33 11 39 20 30 12 0 18
39 31 23 15 24 8 12 7 6 22 37 19 25 0 21 10 28 30 11 26 1 34 16 27 38 17 32 18 4 2 29 3 36 35 33 5
11 32 25 15 21 4 19 12 0 1 3 34 9 37 31 26 8 20 5 30 16 2 27 7 13 38 35 18 6 24 29 36 23 14 33 22 17
10 32 33 14 30 1 24 37 36 19 27 29 16 12 13 3 6 9 26 31 15 21 34 7 5 35 18 8 4 0 2 39 22 20 17 25 28 23
16 38 30 3 34 9 10 21 0 36 2 26 37 35 33 15 11 39 31 18 20 6 19 27 13 23 24 14 7 5 8 22 17 4
32 33 0 5 14 39 26 38 15 7 21 37 29 20 28 11 19 31 18 8 17 23 22 12 10 16 35 36 27 1 4 3 25 24 6
25 7 38 19 23 11 34 13 29 8 32 16 27 0 31 33 15 4 2 6 30 39 20 21 17 24 12 36 28 37 1 10 3 35
9 10 5 29 32 18 8 37 26 35 23 30 21 13 12 14 34 2 25 1 17 11 38 0 28 24 27 3 33 31 20 16 4 39 36 22
26 12 36 39 4 31 21 38 3 5 30 17 14 7 11 1 37 8 10 18 9 33 23 13 0 34 28 32 22 27 15 20 35 25 2
4 2 21 20 5 37 8 26 18 34 31 6 16 35 28 22 25 30 27 7 15 38 13 23 3 9 14 11 29 32 19 12 0 10
28 19 29 4 2 15 3 24 17 36 0 33 34 38 30 32 12 13 7 20 39 27 16 21 11 1 5 37 9 35 23 10 22 6 8 31
25 14 20 10 18 36 1 23 34 9 26 2 11 3 27 35 13 12 32 28 8 6 38 4 39 0 33 7 37 21 30 29 24 22 5 17
1 32 17 19 5 3 29 25 2 13 35 23 38 12 10 18 33 22 27 0 37 14 36 8 26 15 39 11 34 16 21 24 6 31 7 28
36 10 17 16 3 25 12 34 27 23 26 37 15 13 9 35 33 32 6 11 38 24 18 22 14 31 39 7 5 19 20 29 28 2 0 4
4 6 37 39 9 36 27 35 33 1 24 23 17 5 3 20 25 0 32 13 34 2 21 30 11 26 16 18 38 31 12 29 19 10 15
28 37 9 24 34 26 29 30 8 14 19 21 15 22 20 36 33 27 4 2 38 6 13 0 7 17 35 12 16 3 25 39 31 18 10 1 5 32 11
23 28 9 32 35 2 7 18 11 0 37 8 26 33 5 22 39 34 29 3 15 21 27 31 4 12 14 10 1 20 38 25 19 13 30 6 36
14 2 38 6 10 19 26 4 21 36 30 32 5 9 20 8 27 17 15 33 3 22 28 35 37 0 23 1 39 11 13 24 34 7 16
4 16 7 23 29 39 25 2 17 6 37 3 8 12 13 15 21 34 24 0 19 35 27 33 36 10 11 9 38 28 32 22 20 5 30 1
5 6 2 37 30 4 22 21 7 26 25 14 19 34 11 17 8 1 23 29 12 18 31 20 28 15 9 35 32 0 10 24 38 36 33 16 13 3
29 23 18 24 31 6 8 32 5 34 17 9 13 38 3 30 19 36 25 15 2 26 27 0 33 39 35 16 1 14 37 11 7 21 20
28 3 26 23 18 15 1 14 35 37 6 20 24 13 11 34 27 5 39 31 33 32 7 0 2 30 9 38 17 10 21 4 19 22
12 23 5 25 11 27 37 16 34 4 2 6 15 17 18 9 38 39 28 14 10 35 0 22 3 36 29 33 1 8 19 26 32 24 7
9 28 16 4 7 2 8 17 37 38 3 0 14 32 6 10 35 13 12 1 11 33 27 29 24 5 34 21 23 36 15 22 20 39 18
39 10 13 20 11 5 24 15 35 37 25 14 28 38 6 4 1 31 2 18 19 21 34 22 8 3 29 27 26 7 0 9 16 33 30 17 36 23
11 13 34 1 3 2 22 36 24 12 26 18 5 14 23 25 31 21 20 4 38 7 8 6 29 16 37 28 15 19 32 27 30 10 9
23 12 33 14 3 19 4 21 37 17 8 1 30 10 26 28 36 24 18 0 27 15 39 29 32 11 9 22 35 31 16 38 20 6 25 7 5 2
2 24 8 39 32 29 22 36 5 15 26 12 3 17 7 19 6 20 31 38 21 30 23 25 27 11 34 28 13 37 18 10 4 16 9 14
21 16 4 19 25 22 39 12 5 18 35 33 34 11 6 38 1 3 26 23 2 28 20 0 27 30 13 7 31 14 10 9 15 32 24
8 23 4 17 22 27 39 26 30 9 6 34 1 5 11 32 29 24 31 15 21 12 13 10 38 16 2 25 20 33 18 35 19 14 28 7
6 12 25 14 3 16 39 31 8 13 32 1 18 36 28 35 4 30 20 37 17 23 5 15 26 33 21 19 9 27 10 34 29 22 24 7 0 2
9 32 16 2 26 37 35 1 22 0 36 13 38 24 34 12 5 30 18 14 29 8 28 19 11 23 25 3 21 20 15 6 4 7 31
