2 21 34 12 29 4 18 38 20 30 25 5 35 10 15 31 7 8 11 22 16 6
37 33 39 7 5 29 34 3 14 11 2 36 16 8 32 31 18 38 24 19 15 25 23
0 20 16 3 10 37 28 13 35 6 4 12 19 1 27 33 14 15 9 17 24 5 34 23 36
23 17 6 2 28 20 38 27 21 1 4 36 35 16 5 12 30 10 9 19 29
18 11 24 0 5 7 21 3 2 20 22 23 29 8 14 38 36 19 34 15
20 14 25 4 36 29 10 1 9 16 21 19 18 12 0 27 24 26 22 3 32 39 31 11 2 7 37
16 10 3 38 17 21 20 12 29 8 19 26 13 2 32 30 27 36 7 18 0
34 9 22 37 36 1 17 4 26 14 33 10 20 32 16 0 18 31 27 13 6 5
12 16 27 9 6 15 13 10 29 31 1 21 4 22 26 36 19 0 33 14 28
24 17 16 38 27 7 32 10 8 28 15 5 37 19 33 35 26 21 2 20 14 3 25
6 27 19 2 11 9 15 5 16 24 12 31 37 7 8 0 38 28 3 13 36
36 4 38 25 10 30 37 28 33 1 14 31 34 35 32 27 12 26 5 18 0 13 22
8 31 0 28 38 27 37 6 10 21 19 34 2 39 33 13 5 24 36 3 14 25 11 18 35 26
23 39 2 14 22 19 17 20 6 8 33 12 32 38 24 29 21 30 7 16 15 10 18 36 11
22 36 5 39 28 17 33 13 23 7 1 11 24 31 37 29 21 2 12 4 19 20 27 9 8 15 25 35
20 18 28 36 38 10 17 16 9 27 39 22 35 8 37 21 0 2 4 13 14 31 1 29
6 8 9 2 18 25 23 24 22 15 10 5 32 34 29 7 39 1 3 36 27 38 21 13 30 0
24 3 9 14 6 15 7 22 20 13 34 35 18 32 37 30 2 19
37 4 15 16 33 28 0 34 27 24 5 17 38 32 36 29 30 1 7 22 12 11 6 35 20 13 23
22 28 10 31 23 38 6 13 25 12 9 33 5 36 30 2 14 27 26 4 20 35 1 8 3 34 17
15 5 33 27 2 37 3 39 38 6 17 0 23 13 4 7 35 19 9 14 25 18
0 33 31 6 22 12 3 4 25 5 30 26 15 38 8 9 14 29 24 13 23 16 35
14 19 37 7 27 16 21 17 38 15 13 29 34 4 5 39 8 32 31 18 0 28 11
30 3 13 16 19 20 14 37 25 39 35 4 36 38 28 34 21 2 1 32 18
38 17 9 4 16 33 30 37 10 18 5 14 35 12 29 21 13 31 27 2 1
27 37 5 26 11 16 28 19 21 0 23 36 33 32 30 12 31 20 14 1 9
30 25 38 7 36 6 33 21 5 9 29 32 39 8 19 11 12
25 20 34 9 10 22 8 3 15 38 12 18 37 5 2 30 6 19 35 11 16 24 14 7 39
19 14 3 15 18 32 2 9 12 11 25 39 38 31 30 23 10 33 29 22 8
0 5 1 6 22 16 8 34 26 18 4 14 24 21 13 30 28 3 15
23 26 11 24 0 31 21 19 6 39 17 18 27 28 25 29 3 13 16
36 12 21 19 30 10 28 11 8 14 1 0 22 24 7 25 5 15
9 28 16 38 6 17 13 18 7 11 25 26 1 22 5 34 23
20 1 21 18 35 24 14 11 26 13 19 9 7 12 25 2 39 8 28
0 27 7 1 18 12 22 16 17 29 11 23 4 36 2 38 32 19
36 39 33 15 38 2 9 17 20 23 24 0 3 11 37 27 19 21 12 18 14
31 11 37 14 35 15 5 7 26 3 19 25 1 18 12 23 4 16 34 6 8 2 10 13
36 18 1 25 20 2 22 11 7 24 12 9 10 23 27 15 35 17 14 5
24 11 9 6 26 3 15 20 0 22 27 12 19 35 32 28 18 21 13 10 4 23 16 1 34
14 1 20 35 13 15 28 12 23 16 30 22 26 33 5 27
