14 4 32 1 26 7 18 3 37 28 27 31 33 24 38 34 9 29 10 17 22 5 21 8 19 36 13 30 2 6 12 25 20 39 23 16 11 35 15
11 31 25 13 7 4 18 0 34 3 38 6 23 39 9 37 27 20 29 35 12 32 33 2 36 14 5 21 19 15 28 16 17 30 10 24 22 8 26
11 13 26 35 37 20 25 29 4 34 9 33 30 31 28 24 16 7 36 14 8 18 21 22 12 10 1 6 5 3 17 23 0 38 27 15 39 32 19
37 18 36 14 28 22 26 39 7 20 6 12 5 0 1 27 9 8 35 21 23 16 11 31 38 34 33 2 29 19 15 25 32 30 4 17 10 13 24
34 35 33 17 25 20 23 12 13 5 0 22 2 1 28 21 29 39 32 38 9 27 36 26 19 8 18 24 30 37 11 16 10 31 3 6 14 15 7
26 15 4 39 6 35 3 12 38 29 9 37 30 18 13 24 27 33 25 7 0 20 36 22 1 16 2 17 34 8 14 11 31 23 32 28 21 19 10
28 20 30 34 9 16 37 5 3 17 33 29 38 31 27 1 12 35 39 36 21 25 8 19 7 11 23 13 18 2 15 32 26 14 0 4 22 24 10
38 22 11 8 12 30 28 34 3 1 21 18 17 0 13 25 39 20 2 24 5 19 27 6 37 14 9 15 32 35 29 16 31 33 26 23 10 36 4
15 7 10 31 27 37 35 30 18 14 38 11 36 32 21 2 6 12 25 3 16 22 19 0 4 24 23 26 5 34 13 20 29 33 39 28 17 1 9
36 12 6 14 13 21 11 2 39 18 5 29 3 35 0 24 37 1 4 16 23 7 33 19 27 34 22 38 10 30 15 32 20 28 31 17 25 26 8
20 34 8 19 28 15 36 24 21 39 18 32 0 30 29 2 38 25 12 22 9 14 13 17 16 4 33 23 26 35 1 3 7 11 27 5 6 31 37
16 1 34 35 21 7 2 39 32 28 25 12 13 9 27 30 20 23 29 8 33 38 37 31 18 19 6 3 17 36 26 4 24 22 5 14 15 0 10
24 34 23 26 38 28 9 17 7 4 31 36 11 3 15 5 25 35 6 8 21 30 27 1 2 32 10 39 14 33 37 18 0 19 20 16 22 13 29
37 21 2 4 39 25 27 1 9 11 14 22 31 18 34 7 38 35 30 16 15 36 17 32 5 24 6 20 23 33 19 10 26 28 0 8 12 3 29
38 33 3 37 30 18 34 0 9 23 13 22 16 8 20 21 29 2 39 36 7 1 24 10 19 28 12 17 6 5 32 15 11 25 4 26 35 27 31
8 16 32 20 37 30 5 21 26 23 22 12 36 18 10 13 25 33 28 39 38 6 17 31 7 34 9 1 3 35 27 14 11 19 29 24 4 2 0
11 17 15 29 38 31 6 34 26 25 24 14 19 18 28 20 13 2 37 8 21 35 27 3 9 22 23 5 33 36 10 32 4 1 12 39 7 0 30
37 16 4 20 23 12 19 39 29 31 7 6 27 26 13 25 28 0 21 18 15 35 36 5 2 11 34 30 38 10 14 1 9 24 3 8 32 33 22
26 30 3 25 24 39 32 14 33 19 1 7 13 8 0 15 16 20 9 10 5 36 22 38 37 2 34 11 23 17 6 4 27 31 21 12 35 28 29
17 24 18 10 36 16 34 23 22 37 27 26 7 25 6 33 8 29 11 4 21 39 9 1 3 0 13 14 32 28 12 15 31 30 35 5 38 20 2
17 10 23 6 4 32 15 2 27 3 36 21 11 35 14 16 18 7 24 22 37 1 31 38 34 25 5 13 29 28 9 8 12 0 33 39 26 30 19
25 11 27 13 37 15 34 7 9 36 20 39 29 10 14 4 24 28 8 22 6 12 23 33 3 16 2 0 17 26 19 1 38 18 30 31 35 5 32
7 3 36 31 38 39 4 15 13 14 28 29 33 19 26 32 24 18 20 21 8 0 2 16 5 10 9 37 23 11 34 35 12 6 30 25 1 27 17
20 17 12 4 36 35 28 31 14 15 38 11 34 39 19 26 1 24 21 29 30 3 18 9 6 13 16 33 8 2 22 10 5 0 7 32 27 25 37
12 36 38 18 39 26 19 31 34 16 33 10 2 0 5 21 23 9 22 20 28 7 13 25 30 35 8 37 4 14 29 27 11 17 1 15 6 32 3
18 21 36 4 27 11 13 1 2 32 16 35 38 26 7 12 15 17 6 5 8 19 24 33 34 20 30 10 3 0 9 39 14 31 22 28 23 37 29
18 27 28 12 5 37 24 2 3 16 15 34 0 32 25 17 31 22 23 19 4 21 38 35 39 11 13 36 6 8 29 10 7 33 30 20 14 1 9
26 39 25 21 13 20 37 8 11 33 0 28 17 32 3 35 6 19 5 7 4 1 16 30 12 34 18 9 29 15 24 2 31 10 22 36 14 23 38
6 26 11 12 3 7 38 23 39 31 10 0 27 22 16 4 2 21 24 15 17 36 33 34 32 29 20 37 14 13 30 19 1 9 18 8 5 25 35
32 16 2 39 17 38 6 21 11 22 5 36 14 9 37 4 0 23 19 10 35 1 20 3 28 27 24 7 26 31 8 15 34 18 33 30 12 13 25
18 39 32 6 14 33 7 31 38 15 37 36 11 8 2 13 5 35 23 10 12 34 27 24 25 4 9 17 0 28 21 3 1 22 26 19 20 29 16
1 12 30 8 16 22 33 17 23 24 28 13 39 2 6 0 26 32 34 36 35 11 20 3 15 18 21 9 5 29 4 7 25 27 19 38 10 37 14
11 29 30 20 15 33 18 25 0 38 26 27 13 8 10 35 22 31 4 12 1 6 28 7 39 19 16 3 9 37 14 34 36 5 21 24 23 17 2
4 14 30 32 38 18 31 2 6 24 27 39 0 22 11 36 15 5 21 19 25 1 28 9 16 3 13 23 12 10 35 20 7 8 37 26 34 29 17
4 11 12 36 10 38 6 35 14 7 16 21 2 24 26 1 13 23 19 0 31 18 25 30 20 3 27 28 9 15 17 5 8 39 22 32 33 29 37
4 11 37 2 34 23 5 8 25 20 13 27 12 9 32 6 30 3 31 38 16 29 1 24 26 17 15 7 22 33 10 21 18 39 19 28 14 36 0
3 9 24 25 34 23 22 12 30 20 21 15 19 10 29 37 13 33 8 2 18 38 6 31 14 4 28 5 1 17 16 11 0 26 39 32 7 35 27
3 17 35 14 26 13 15 21 2 30 6 27 8 0 36 5 19 29 39 16 20 18 9 11 1 7 38 24 22 4 28 12 32 33 10 31 34 25 23
7 14 24 12 34 30 16 33 39 28 22 29 23 32 6 8 13 25 5 1 0 11 36 18 4 35 20 15 26 37 3 10 9 17 21 2 31 19 27
30 27 11 18 24 13 38 3 5 29 22 17 28 9 21 31 33 10 7 23 37 4 6 1 14 15 19 26 12 32 34 0 16 36 25 35 8 20 2
