5 31 20 26 8 28 17 35 37 27 21 15 16 1 19 33 23 18 25 13 11 12 2 7
17 2 6 30 0 28 32 16 20 37 35 34 19 23 25 8 9 18 31 7
3 1 24 20 11 28 34 7 18 10 37 39 6 4 25 21 13 33 0 23 36 26
2 30 18 15 38 32 21 39 23 34 26 36 31 27 12 20 14 10 25 13 11
33 29 22 36 35 34 7 38 18 6 2 8 14 30 21 10 26
0 23 22 13 20 25 21 7 12 28 10 39 35 19 15 11 34 8 9 17 36
1 10 7 24 8 13 18 31 33 2 4 30 25 21 26 11 9 20 15
33 26 21 34 14 37 6 5 20 35 17 2 4 11 38 28 32 10 0 1
0 25 13 21 16 15 29 6 18 37 31 5 4 24 27 1 20 32 17
23 32 13 35 21 11 28 6 1 33 38 5
12 13 21 19 6 28 24 20 23 5 39 2 30 26 14 38 4 3 7
18 20 23 15 21 2 33 34 31 5 17 7 37 36 9 38 0 6 39 28 3
30 38 16 10 22 39 28 31 5 26 3 27 33 0 23 24 13 32
38 30 10 16 9 8 5 39 6 31 25 18 22 29 33 36 23 0 2 37 3 12 19
18 35 7 38 16 32 15 36 39 28 17 10 4 3 26
16 3 36 20 11 21 8 33 24 0 31 14 5 28 30 35 22 19 39 18 26 6 17
27 12 15 13 32 29 36 14 8 0 39 1 28 20 24 25
1 0 37 22 35 36 7 18 30 23 11 14 31 25 33 8 15 29 5
11 32 3 14 36 27 21 6 31 8 17 13 2 0 26 25 4 35 38 33 1 15 23 39
26 21 10 24 23 37 34 0 5 25 1 15 32 35 31 33 38 13
0 15 11 27 5 2 37 10 7 1 36 3 8 16 6 24 33 26
32 19 31 10 36 3 8 7 15 5 11 0 9 24 18 37 39 6 2 27 4 22 33
5 12 34 17 36 4 37 13 26 29 25 33 28 15 39 30 31 21
5 9 35 3 19 11 34 10 37 0 17 13 1 26 31 29 25 12 2 27 18
2 36 26 19 10 15 34 6 31 21 39 8 37 16 29 27 20 12
8 5 33 39 31 13 34 18 38 0 6 19 22 2 1 3 23 17 16 32
19 0 7 24 34 12 3 39 18 22 10 6 23 14 27 4 2 15 29 20
16 36 31 30 20 28 18 0 38 3 12 32 8 21 39 26 24 23
0 10 39 12 27 38 2 5 1 32 15 30 34 14 16 9 37 22 11 7
4 16 31 8 32 34 13 22 36 37 23 24 26 17
12 3 13 27 39 1 36 17 35 10 28 6 32 15 22 38 4 33
0 21 27 36 32 37 29 12 25 15 24 6 18 13 3 11 8 33 17 22 23 1 19
21 18 16 9 3 31 14 29 1 28 30 27 8 19 7 25 12
7 4 38 25 15 35 11 0 6 13 18 22 37 31 12 2 21 9 17 20 30 19
22 7 26 3 24 23 19 29 2 4 11 25 5 28 37 1 38
9 39 14 23 0 17 33 7 5 4 30 1 18 15 19
27 24 31 15 21 18 37 16 22 4 3 17 30 14 39 20 13 11 29 2 5
31 36 17 0 7 19 20 8 22 23 2 1 21 11 39 34 33 28 29 24 13
12 13 3 33 39 14 28 27 4 25 7 18 11 30 34 10 9 19
35 30 3 12 28 38 13 25 5 26 16 10 36 2 14 37 24 21 15 22 11 27 18
