28 32 33 23 12 36 17 18 3 9 5 24 10 25 34 16 2 14 1 19 35 11 29
7 19 2 3 5 28 33 13 39 34 31 21 32 9 27 29 25 16 23 30 18 0 10 4 12 6
1 16 39 5 14 34 22 12 3 6 0 31 30 38 13 32 17 21 27 26 8 37
6 1 13 21 36 15 23 33 26 22 0 9 11 10 35 2 24 7 27 38 5 39 31 8 30 16
21 34 31 5 37 33 9 8 11 19 35 28 6 23 22 29 32 27 38 12 14 10 13 24 1 36
24 23 1 4 2 25 34 14 18 36 15 31 0 27 19 38 22 3 35 20 16 10 37 32
24 3 11 38 32 30 21 12 17 39 4 29 25 16 37 20 23 27 7 34 2 31 1
1 36 17 11 14 19 9 27 33 28 38 3 6 10 31 22
38 25 31 20 4 10 19 21 36 15 3 23 2
25 31 24 26 29 4 10 14 32 27 1 39 34 3 7 36 37 20 0 17 30 33 38 11
31 13 26 14 27 17 20 18 9 23 8 22 16 24 39 3 0 12 21 7 15 4 5 1 34 37 35
34 16 38 6 7 39 22 31 37 24 4 20 27 29 3 17 12 32 36 35 23 26 9 25 0
24 17 26 27 35 0 6 23 2 39 15 13 25 29 11 19 14 21 16 10 38 4 22 1 20
36 10 3 14 1 15 39 22 20 32 19 12 27 35 28 26 31 4 2 33 17
13 10 7 2 32 5 9 25 16 22 20 12 38 19 4 0 36 21 33 35 23
25 33 30 13 3 28 12 17 5 24 23 38 27 10 18 37 8 19 22
22 11 27 2 20 26 39 10 14 1 6 12 25 32 0 21 23 5 17 3
12 7 28 25 10 30 26 27 0 33 6 15 31 38 11 24 9 37 32 29 20 2 21 13 16
24 37 32 27 5 10 0 28 21 31 26 29 1 23 15 22
1 22 26 7 20 4 21 23 13 8 35 36 12 14 28 5 37 33 0 29 15
23 8 10 16 19 11 25 13 9 14 6 28 5 17 12
4 39 3 25 6 30 28 1 19 8 35 12 18 10 31 16 26 34 14 23 17 2 32
16 30 19 39 23 11 37 35 31 2 10 26 13 3 14 24 34 4 5 33 7 18 36 12 15
29 5 20 22 0 3 10 39 12 19 32 4 27 30 28 6 15 1 16 11 35 18 21 33 8 14
5 6 18 12 9 35 11 36 30 10 31 22 15 34 17 0 3 39 26 29 33 32 4 25
15 9 28 17 36 21 5 8 34 14 20 37 38 12 1 6 27 31 16 0 26 24 29 11
10 12 30 27 35 9 19 16 31 17 3 22 37 38 18 21 13 24 11 25 29 2
16 12 10 26 18 9 17 11 1 29 32 35 13 23 7 4 34 5 25 3 39 6 36 15 2
0 25 17 1 31 32 21 15 4 34 37 7 30 23 13 18 20 19 35 39
23 31 9 11 39 27 6 1 38 12 4 33 18 24 17 35 26 32 36 19 25 37 0 34
22 26 15 6 17 21 24 31 23 28 9 1 2 34 37 3
10 4 9 28 11 29 8 22 1 26 24 17 5 34 30 25 39 18 6 21 2 13 7 38 3 33
18 0 6 37 14 28 9 34 1 13 27 36 23 11 4 16 17 2 24 29 39 5 21
15 0 1 39 4 3 17 7 29 19 22 24 9 23 35 14 13 31
4 11 1 5 2 25 32 39 9 22 31 28 24 27 37 35 0 6 21 30 10 29
38 36 26 22 24 12 37 4 19 27 21 13 3 11 34 28 29 23 5 33 14 0 10
13 35 7 3 25 39 5 0 24 32 9 19 11 27 8 14 22 29 4
18 32 4 22 39 11 35 25 9 28 6 34 26 17 19 30 15 5 10 29 2
8 11 35 6 25 29 17 4 14 7 26 12 3 15 5 2 9 31
21 2 11 22 36 33 1 37 13 16 23 34 12 9 29 6 10 31 27 24 28 3 32
