21 30 25 11 17 19 33 35 12 8 18 37 20 23 26 22 2 24 13 36 3 15 1 32 7 39 6 28 4 38 9 31 27 16 10 34 14 29 5
27 22 14 11 5 33 16 38 12 3 25 28 6 36 8 21 0 2 29 23 37 32 10 34 19 35 7 15 26 39 4 9 17 24 20 13 18 30 31
19 28 7 37 16 20 10 39 4 18 8 24 31 9 0 27 11 17 22 15 13 35 1 14 21 29 26 36 23 38 33 5 30 12 6 32 34 25 3
8 4 19 30 37 33 22 31 7 20 1 10 39 32 11 12 6 0 14 29 17 15 34 26 25 24 38 5 23 36 16 13 28 18 21 27 35 9 2
28 14 3 20 6 26 36 12 2 37 9 21 32 10 23 27 38 15 39 22 16 18 7 11 24 0 35 8 33 25 5 1 30 13 34 29 19 31 17
36 18 39 10 16 1 11 35 13 24 23 19 29 34 20 9 33 14 28 8 30 32 21 3 37 15 4 27 12 2 38 31 25 6 7 17 22 26 0
27 4 29 9 36 19 17 12 23 8 35 28 16 32 10 1 39 25 3 37 31 18 0 38 22 26 33 11 13 14 7 34 2 30 5 21 24 15 20
34 2 23 11 18 27 25 14 22 32 3 38 8 13 28 16 31 15 19 39 35 0 37 21 10 4 29 12 1 33 30 26 6 17 9 5 36 20 24
27 3 36 28 38 20 12 34 2 21 0 11 9 6 24 10 7 14 1 37 23 32 22 25 5 16 35 30 4 31 39 17 29 33 15 13 18 26 19
39 15 21 6 14 27 38 18 17 13 8 33 4 2 10 32 5 30 22 24 26 28 29 20 16 23 31 19 11 1 0 34 36 12 7 37 35 3 25
23 29 5 36 2 11 30 13 22 27 8 32 38 9 28 4 12 3 21 6 15 39 25 35 34 24 19 37 7 1 33 17 31 20 26 0 14 18 16
36 0 39 1 10 38 16 5 7 8 12 23 27 35 2 26 22 14 3 28 13 20 19 17 21 4 6 30 9 31 25 34 29 33 24 18 37 32 15
13 20 29 25 26 8 4 0 11 6 16 1 23 10 17 33 32 3 24 22 15 39 34 7 18 35 30 31 5 2 27 9 19 28 36 14 21 38 37
12 26 22 34 19 36 5 9 10 30 38 28 25 32 24 0 7 29 11 2 33 15 17 27 20 23 39 16 18 6 3 37 31 4 21 35 1 8 14
29 4 1 33 23 9 38 35 7 31 30 22 21 36 32 8 11 3 26 15 2 18 5 19 20 6 39 16 25 37 10 0 27 17 13 12 34 24 28
9 28 27 35 22 29 24 18 16 10 39 7 2 4 0 20 37 13 23 12 3 14 32 26 1 21 17 5 30 8 34 25 31 6 33 38 36 11 19
32 35 25 5 30 2 11 23 1 24 21 12 20 6 15 37 28 31 19 22 7 34 4 39 38 36 33 8 13 18 9 3 27 14 0 26 29 10 17
0 28 27 6 9 21 25 26 23 2 12 35 30 38 31 11 3 13 34 39 29 37 15 10 19 18 1 20 24 36 8 33 7 32 14 5 4 22 16
24 30 35 5 26 2 33 0 7 9 38 19 25 37 36 15 31 28 22 29 4 14 6 34 12 16 32 21 13 27 23 17 3 39 1 11 8 10 20
2 3 35 24 22 0 23 13 31 26 6 29 18 30 37 5 28 33 32 16 25 7 10 11 39 14 1 21 27 17 9 34 20 4 36 12 38 15 8
12 35 4 32 8 2 0 3 16 5 22 31 37 38 15 11 27 13 29 28 14 9 39 30 21 25 33 23 17 10 34 1 19 26 36 7 6 24 18
0 9 35 8 17 16 22 14 4 26 36 33 10 29 39 1 38 37 11 2 7 25 19 30 5 18 27 15 20 34 23 24 3 13 6 32 28 12 31
1 27 19 33 13 36 26 15 3 7 39 30 10 14 21 37 0 20 11 2 32 16 28 23 12 18 4 9 8 24 6 31 34 38 29 35 5 25 17
10 14 38 31 19 7 16 11 6 34 5 0 12 17 4 22 29 8 26 37 15 27 1 35 32 13 28 9 3 2 25 33 18 20 21 39 36 30 24
18 19 28 30 2 16 5 34 8 26 15 35 25 0 13 29 12 10 38 9 37 39 22 4 3 33 1 17 36 21 6 32 23 27 11 31 7 20 14
0 12 16 39 28 34 36 38 31 7 17 18 13 24 1 10 6 19 26 21 8 3 29 32 23 27 30 4 20 37 11 14 5 15 2 22 33 35 9
12 4 13 18 22 19 38 17 24 21 0 32 37 11 31 35 29 25 14 23 36 9 3 2 6 30 39 27 15 1 28 33 7 10 16 20 34 5 8
8 6 1 22 39 31 15 37 34 9 17 7 38 11 10 35 2 4 36 28 30 20 23 13 26 16 25 19 21 32 18 33 5 0 12 29 24 3 14
4 8 2 37 15 24 31 25 17 13 6 10 19 35 16 1 7 18 39 11 22 27 20 5 34 9 23 0 29 36 26 30 3 33 32 12 21 38 14
14 12 6 37 10 19 15 5 38 21 33 31 30 13 24 39 23 18 26 3 36 1 20 2 7 9 25 17 28 8 35 22 4 11 27 0 32 16 34
18 0 3 16 33 10 24 37 13 22 14 19 29 17 39 27 9 34 36 5 21 26 20 8 25 12 11 7 15 4 28 32 2 31 6 23 1 35 38
33 27 28 23 19 38 2 25 14 3 36 16 34 20 26 29 18 39 7 17 37 35 6 9 22 8 12 10 11 13 5 0 30 15 32 1 4 24 21
16 39 37 20 35 7 26 10 4 13 9 14 19 6 12 22 3 8 34 0 1 15 23 33 5 25 18 27 30 36 38 2 28 24 31 21 17 29 11
31 14 22 37 0 3 30 18 1 9 39 21 19 12 29 5 13 35 38 10 32 16 6 7 24 4 36 20 23 27 26 2 34 17 28 8 11 15 25
7 8 13 25 27 39 23 24 5 31 10 16 32 36 3 37 35 30 1 17 28 38 12 18 21 33 22 6 9 19 20 11 4 0 15 2 26 14 29
20 16 32 19 18 0 21 15 38 5 14 6 24 27 11 28 17 10 26 2 7 31 33 34 36 23 1 37 8 4 12 29 13 22 3 39 9 30 25
37 8 11 5 4 10 22 25 13 6 21 14 18 31 1 0 27 29 34 26 39 30 35 16 2 3 28 33 32 17 24 9 23 19 12 7 38 20 15
36 32 29 28 2 3 33 27 39 0 4 30 38 19 22 18 16 26 20 8 6 21 23 31 15 24 1 10 7 34 35 17 5 25 13 14 11 9 12
8 39 23 11 31 14 9 25 35 18 27 13 1 26 37 10 7 29 4 20 17 21 24 33 16 34 6 3 0 2 5 32 22 36 15 19 12 28 30
32 9 38 11 5 27 25 2 37 34 22 33 3 10 30 31 6 28 15 29 7 21 4 16 24 0 36 19 12 17 26 13 20 1 14 8 23 18 35
