33 8 39 30 28 21 23 6 12 37 18 35 32 4 10 13 27 34 25 15 36 22 3 26 7 14 1 19 2 16 11 17 31 24 20 29 9 5 38
9 11 3 16 27 18 30 31 22 29 8 34 35 7 5 32 33 13 24 23 15 28 0 25 4 6 19 20 21 17 26 36 39 38 10 37 2 14 12
37 30 32 39 33 15 14 6 26 23 19 24 21 13 9 31 10 4 11 8 3 22 36 18 28 0 7 27 38 20 12 29 16 25 5 17 34 1 35
4 39 1 16 9 7 17 35 23 6 26 19 28 15 29 22 21 25 18 5 33 36 32 14 8 11 13 0 27 2 38 12 10 37 31 20 24 30 34
7 3 9 13 21 24 33 11 20 25 23 31 19 34 0 14 22 26 27 18 5 36 29 8 15 2 12 38 16 1 30 39 6 35 37 32 10 28 17
27 17 34 10 21 38 13 35 36 23 15 33 20 25 8 32 24 29 30 3 31 4 18 14 9 1 26 28 19 11 12 22 37 6 39 16 7 2 0
27 8 9 20 12 24 15 0 11 35 37 7 2 3 28 10 22 25 26 30 38 36 14 33 18 29 34 1 32 21 16 4 5 31 19 13 39 17 23
4 15 11 3 23 27 32 28 14 17 6 8 13 31 30 35 18 29 25 24 1 16 21 36 10 12 0 26 22 19 33 2 39 37 34 20 9 5 38
6 0 16 19 38 10 28 32 27 39 34 35 23 21 7 5 22 14 37 26 20 24 31 13 1 3 4 30 15 2 36 9 29 18 33 11 12 17 25
1 24 36 32 3 6 4 22 20 39 29 14 26 33 18 38 30 21 19 31 25 28 2 5 35 17 27 10 13 16 8 15 7 11 12 37 23 34 0
17 35 13 8 22 29 5 23 18 33 24 37 0 6 11 27 38 31 20 2 7 21 12 16 9 39 19 30 36 3 26 32 34 25 4 14 1 15 28
1 33 12 7 27 29 16 6 4 18 14 36 34 25 31 13 20 19 10 3 23 2 15 35 26 22 24 28 5 17 39 0 38 8 21 37 32 30 9
11 16 27 30 22 6 29 0 24 17 13 25 38 37 28 26 21 32 7 10 4 15 19 3 18 5 23 2 35 14 36 31 20 34 9 33 8 39 1
19 24 31 35 10 33 4 38 5 29 25 34 12 28 30 7 23 26 11 0 2 18 8 3 22 32 15 9 1 14 27 16 39 17 37 20 6 21 36
20 16 36 17 11 30 24 34 7 2 9 8 29 4 32 23 19 39 5 28 3 6 27 0 21 15 13 22 35 12 18 31 37 26 33 25 10 1 38
7 17 18 6 33 24 5 2 34 21 38 3 35 23 30 0 26 28 39 4 22 8 11 12 13 1 14 27 19 16 31 29 20 9 25 36 37 32 10
33 8 31 12 3 23 18 14 38 22 1 11 27 17 28 32 37 35 36 21 7 10 4 39 19 9 0 15 6 13 26 2 29 25 34 5 20 30 24
10 5 39 37 3 38 15 36 29 14 16 35 25 32 12 7 20 31 18 23 21 9 19 24 22 34 11 26 0 30 1 13 33 6 28 2 8 27 4
19 35 22 16 15 28 10 39 0 1 11 33 34 9 32 26 7 25 3 4 13 17 31 5 6 23 38 30 24 29 2 12 20 8 36 14 21 27 37
18 13 8 29 23 28 27 22 30 33 4 21 38 36 32 25 31 3 2 11 26 9 24 20 35 14 12 17 7 10 16 0 5 15 1 39 37 6 34
14 36 26 6 4 27 9 5 8 38 34 11 17 33 19 31 10 28 39 23 1 21 18 29 7 3 2 22 30 0 15 35 24 25 37 12 32 13 16
24 4 0 5 8 29 19 39 15 38 33 37 16 3 9 2 35 32 34 28 12 7 25 17 10 26 30 14 27 22 6 20 36 1 23 11 18 31 13
33 18 12 9 10 16 39 36 19 28 23 30 1 8 4 27 6 3 25 15 0 13 24 2 7 26 17 32 29 37 11 21 14 5 31 20 38 34 35
34 16 19 7 38 10 29 0 37 30 8 4 39 5 22 3 13 2 15 14 27 17 24 18 11 32 1 20 12 21 36 26 33 25 35 31 9 6 28
9 26 13 21 6 4 12 15 14 37 28 29 30 10 5 2 19 8 36 7 33 23 39 32 18 22 25 38 1 17 11 34 31 35 0 20 3 27 16
35 32 36 13 17 4 12 5 11 31 37 19 27 39 6 38 0 18 3 33 9 7 26 22 34 21 24 28 29 1 2 15 20 16 10 30 23 14 8
24 20 35 37 38 9 31 30 2 8 3 13 18 4 6 19 12 15 25 0 28 36 21 7 11 29 5 22 32 10 17 27 16 39 33 1 23 34 14
5 35 6 29 12 11 8 16 1 7 28 19 20 32 25 39 0 22 10 23 4 31 36 34 3 14 9 38 37 15 21 33 2 13 30 26 24 18 17
8 0 18 38 19 27 34 7 22 16 13 24 33 36 6 3 29 35 12 21 15 9 14 20 26 32 25 5 1 30 31 2 11 37 39 4 17 23 10
27 36 33 19 11 12 10 32 23 31 17 34 13 21 9 24 39 14 5 28 3 7 1 4 6 18 38 26 37 25 22 35 8 20 2 15 0 16 30
33 12 32 0 23 2 1 14 19 13 37 22 24 26 36 7 5 35 39 9 15 6 8 18 21 34 28 10 4 17 38 27 20 29 25 3 16 11 31
13 35 16 39 29 36 1 4 32 7 26 25 19 11 17 37 9 5 27 18 20 10 8 2 38 28 22 15 24 0 3 34 12 14 6 23 21 33 30
9 30 8 29 25 2 7 17 27 0 31 16 19 35 5 14 18 21 3 1 24 12 13 28 23 33 22 26 39 37 6 10 4 20 11 38 34 15 36
0 16 37 30 11 22 29 13 38 4 36 15 2 5 19 18 10 28 9 21 20 25 3 34 24 6 1 32 7 39 27 26 8 23 35 17 14 12 31
23 5 36 29 8 28 13 14 11 15 4 18 20 0 21 39 1 33 27 25 6 30 38 17 24 7 10 31 16 22 12 26 37 35 19 32 3 9 2
27 31 10 18 13 25 26 8 5 17 6 0 3 32 30 7 15 16 28 21 38 19 1 9 39 11 29 4 24 12 14 20 36 23 22 33 34 2 37
20 9 29 14 17 34 31 22 25 33 5 11 19 28 30 16 39 27 4 24 6 3 0 7 26 2 37 8 38 10 21 18 12 23 15 1 35 32 13
33 2 17 23 0 39 26 6 24 30 25 38 8 12 10 21 16 31 29 27 22 36 32 5 3 7 4 28 19 20 15 13 11 14 34 9 1 18 35
8 16 17 23 33 5 13 28 26 19 12 15 21 37 20 9 10 25 35 6 18 39 29 4 24 27 3 34 31 36 11 2 30 22 32 1 7 14 0
3 0 17 31 22 8 18 2 37 23 9 21 29 25 27 30 36 34 14 15 24 35 38 20 16 10 32 4 7 11 33 19 26 28 5 13 1 6 12
