11 2 18 35 9 31 32 1 36 5 30 38 22 7 33 25 19 34 3 4 17 10 23 28 13 39 6 14 8 15 24 21 27 26 37 12 16 29 20
25 4 39 6 36 24 3 10 38 0 29 9 15 7 31 20 5 8 14 13 34 32 19 16 33 37 22 12 11 27 21 2 28 23 35 26 17 18 30
3 38 30 0 10 29 37 31 5 16 17 36 8 35 23 19 14 4 11 12 18 26 25 22 13 24 20 39 1 21 27 15 7 6 28 9 33 34 32
2 21 27 23 31 39 1 7 35 12 37 25 4 11 28 38 24 16 0 15 33 17 22 26 30 14 18 32 10 5 6 13 34 19 36 29 20 9 8
23 1 27 13 25 20 32 22 38 24 15 11 6 3 19 21 29 18 16 2 0 12 5 33 28 37 31 36 17 39 10 8 9 30 14 26 35 7 34
37 35 26 33 2 0 17 27 22 38 13 30 24 6 1 36 16 20 14 31 23 19 4 21 8 28 32 10 18 3 9 34 39 11 29 7 15 12 25
24 22 1 38 13 18 33 36 26 27 4 11 20 31 29 28 5 23 30 8 9 37 35 34 10 7 39 15 19 3 0 16 21 14 2 12 17 25 32
19 35 14 18 3 39 36 34 27 32 22 0 38 1 26 17 11 24 28 29 6 10 8 23 30 37 15 21 9 16 12 20 2 5 31 25 33 4 13
13 20 10 31 17 37 2 26 32 34 19 18 6 1 38 22 35 11 28 7 5 12 21 16 9 14 33 24 0 30 25 15 36 29 4 23 39 27 3
30 37 33 20 18 39 12 34 0 27 22 1 26 35 14 28 6 31 38 36 11 8 7 5 19 25 29 16 23 17 24 10 4 32 2 13 3 15 21
25 2 27 8 11 16 33 1 34 15 12 38 36 31 20 39 18 37 6 0 21 7 5 19 28 24 3 30 13 4 32 29 23 9 35 17 14 22 26
13 0 29 14 38 10 37 26 20 19 4 6 3 25 27 12 23 28 36 2 22 7 8 18 31 9 1 21 17 30 15 35 5 16 34 24 39 33 32
20 22 27 9 37 15 3 10 35 11 24 21 34 4 2 32 29 25 8 36 1 7 38 13 16 30 26 39 23 18 6 5 19 14 0 28 17 31 33
11 8 4 26 28 22 35 6 25 36 16 5 15 31 20 1 21 32 38 14 0 17 30 2 3 12 10 23 39 27 34 29 9 24 33 18 19 37 7
27 11 36 7 20 37 23 16 34 38 39 17 35 2 9 1 5 33 3 29 13 21 30 8 0 32 6 31 28 22 26 15 12 4 19 10 25 24 18
28 30 34 33 22 12 38 24 27 4 25 10 26 1 13 39 3 36 19 23 17 7 6 31 32 11 20 18 0 8 2 16 14 35 21 5 9 37 29
28 24 19 10 30 23 21 37 14 2 18 13 32 3 4 34 31 5 29 39 17 36 25 8 1 22 7 26 9 12 35 6 11 15 38 0 20 27 33
20 27 8 22 39 2 5 14 37 34 24 23 19 36 0 3 7 18 16 15 32 13 26 25 38 30 4 11 9 21 29 6 1 12 10 33 31 35 28
24 9 35 31 6 0 7 23 30 22 16 39 25 8 36 38 4 10 26 2 17 3 11 19 34 29 21 5 20 15 27 12 32 37 1 13 14 33 28
28 7 22 26 21 36 27 16 31 32 11 4 20 34 2 8 0 17 25 38 5 15 30 35 1 18 10 29 39 6 33 9 23 37 3 24 12 14 13
22 17 33 12 9 8 14 4 32 39 24 21 30 11 38 19 6 10 1 26 31 13 5 34 28 36 2 23 18 15 7 37 35 29 27 3 16 25 0
3 34 19 30 35 20 16 23 25 37 4 36 31 22 12 29 13 28 5 10 8 32 7 14 18 27 1 11 2 6 17 0 33 26 15 38 24 39 9
20 6 25 19 12 13 35 24 31 4 15 36 38 17 9 18 7 37 34 0 5 21 11 27 3 8 30 32 26 16 1 39 2 33 14 23 29 28 10
4 25 32 36 3 28 16 14 38 34 21 33 18 30 2 29 24 6 11 17 26 39 37 5 0 7 15 20 19 9 1 12 13 10 35 8 22 31 27
6 18 16 29 30 22 1 26 27 20 15 4 35 31 25 17 12 5 3 23 39 38 28 7 34 33 10 2 32 8 0 19 9 11 37 36 13 21 14
10 1 22 23 4 36 29 13 21 15 3 18 30 24 11 0 39 19 38 34 31 33 37 35 12 16 2 32 9 17 8 28 6 7 14 20 26 27 5
33 32 19 5 13 24 28 36 11 6 8 30 15 9 23 34 7 20 39 3 18 35 31 22 2 17 29 16 12 37 1 14 21 0 4 27 10 25 38
3 14 39 29 4 10 19 12 24 17 9 15 6 7 5 11 35 31 22 28 37 33 34 30 38 1 21 2 18 13 0 20 32 16 26 36 8 25 23
15 19 16 29 13 23 26 37 38 33 3 6 11 36 27 9 35 21 24 7 8 20 4 5 32 0 10 31 1 30 14 2 25 12 34 39 22 17 18
37 11 27 28 2 24 25 36 32 31 34 1 39 35 6 23 4 21 16 12 7 14 38 19 18 33 26 30 9 10 5 8 17 20 3 22 13 0 15
9 2 37 35 15 21 24 16 32 20 23 0 18 36 26 25 33 5 6 3 22 27 31 19 7 39 14 13 34 29 17 8 28 11 38 10 12 4 1
34 18 3 22 8 19 2 32 38 0 33 29 24 6 27 21 10 1 13 16 20 25 5 30 26 9 11 35 15 4 28 36 14 37 39 7 17 23 12
26 23 4 20 19 31 30 29 0 8 7 16 39 12 13 22 1 3 5 28 21 25 17 36 24 15 38 14 35 10 34 18 9 6 37 27 11 33 2
26 20 9 37 15 6 10 35 5 31 23 28 30 0 39 3 25 27 14 4 24 1 38 29 19 22 8 21 34 2 11 36 17 13 7 12 18 32 16
35 21 31 15 38 9 23 7 29 14 10 22 17 19 8 0 39 26 12 16 25 37 36 27 1 6 20 24 18 30 5 3 11 32 33 2 28 13 4
34 30 7 5 18 22 13 21 33 0 3 24 2 29 12 14 38 27 9 28 6 8 25 36 26 19 31 16 11 37 1 32 15 20 10 23 39 4 17
14 23 19 38 1 25 26 6 29 7 22 0 2 30 13 10 21 18 17 11 5 28 15 34 37 35 16 9 39 20 32 12 4 8 3 31 33 24 27
29 9 30 33 5 11 14 12 2 16 8 28 39 3 22 17 21 34 23 36 27 10 6 25 7 4 1 19 35 20 26 31 18 0 24 32 15 38 13
2 11 36 6 34 4 23 31 15 1 22 28 14 20 0 10 5 7 3 35 18 19 25 24 8 9 13 27 33 29 39 12 17 32 30 21 16 37 26
27 1 9 3 20 7 17 37 14 29 18 33 34 15 25 32 10 24 26 23 16 6 36 22 19 30 0 38 2 5 4 12 13 11 31 35 28 21 8
