38 16 22 20 21 10 7 33 18
14 15 23 13 28 27
16 33
4 36 13 8 20 14 15 10
3 26 18 30 9 33 20
20 15 39 17 37
7 14 24 19 10 26 23 28
6 30 12 39 0 23 15
3 18 20 34 32 16
17 14 21 10 33 4 36
17 34 0 9 16 6 3
31 35 18 39 12
7 11 28
30 3 38 24 39 18 1
1 6 3 9 18 30 33
18 38 1 25 3 28 5 33 7
2 23 0 17 10 35 8
10 38 34 9 35 16 26 5 23 27
15 33 11 4 13 8 23 26 14 0
30 31 32 21 23 6 34
32 27 3 0 5 8 35 4
37 0 19 9
32 0 34
25 16 24 1 18 37 19 28 7 6 17
23 13 6 38 25 37
23 15 24 29 27
37 30 4 17 18 6 36
20 1 17 25 35
35 31 15 1 23 37 12 6 29
25 35 28
13 19 7 34 26 4 14
11 35 19 28 38
20 22 39 19 38 8
38 18 2 14 9 15 0 4
17 30 10 39 22 8 19 37
31 11 17 28 20 38 16 29 27
3 38 39 26 9
26 21 23 38 5 28 24 34
33 15 0 17 13 36 32 31 37 35 24
32 34 13 7 11 5 36
