36 16 34 3 21 10 24 30 26 29 11 4 9 35
31 13 23 32 35 34 10 36 20 4 24 11 8 7 2 19 29 37 14
15 20 32 5 16 7 38 3 11 24 14 9 1 8 10 21 4 28
37 23 24 30 17 2 0 28 6 5 29 25
29 7 34 32 9 19 16 22 20 1 21 11 10 23 0 2 25
2 18 8 34 30 29 14 11 26 31 22 3 33
39 32 37 30 31 8 28 25 14 23 3 27 19 35 17 20 18
10 24 4 8 16 20 2 13 29 33 28 1 26 34 23 27 25
22 19 7 23 5 20 32 21 31 11 1 6 29 2 12 28 38 16 18 14
35 36 33 23 4 18 25 12 10 31 30 13 2 29 0
7 21 32 38 1 23 34 11 9 0 33 2 4 28 27 36 19
14 13 36 30 10 28 2 8 1 5 4 29 27 0 15 38 22
29 27 24 39 9 18 32 8 20 25 31 34
14 26 1 34 11 28 7 35 23 9 31 22 17 21
34 39 11 13 17 26 31 21 5 19 28 2 20 6 25 23 35 36 8 1
2 17 29 16 22 39 18 28 11 20 19 34 37 26
18 22 24 7 2 27 4 0 15 33 17 34 26 28 8 31 32 35
32 37 14 38 15 31 3 35 33 16 24 13 18 6
16 32 27 28 31 5 9 12 29 15 17 21 8 36 6
8 32 4 34 25 29 31 20 14 36 24 6 1 15 33 10 38
2 26 39 29 8 7 24 36 1 31 4 19 14 33 22 32 15 12 23 27 6 28
10 8 32 14 0 4 29 30 24 18 2 33 13
8 16 35 37 32 26 4 15 34 25 5 13 20 36 11
3 8 9 31 1 30 27 10 36 29 13 6 14 24 4 7 37 20 32
27 7 12 3 16 20 28 34 0 1 2 19 21 17 23
38 39 31 9 33 27 32 19 29 30 6 22 14 36 12 3 7 4
20 13 30 22 14 35 37 0 5 16 7 32 27 38 15
24 18 12 16 23 25 32 29 6 11 26 7 20 10
18 31 13 11 38 24 30 14 6 7 3 34 8 16 10 15 37 2 20
4 12 31 20 7 15 19 35 5 25 23 21 27 18 8 9 11 0 3 1
26 23 11 3 6 5 28 31 9 0 21 25 36
1 29 28 18 23 17 25 32 6 8 20 14 9 30 19 34 13 5 39 16 12
17 18 2 38 22 19 6 4 1 10 8 31 21 27 25 12 26 20 16 23
39 9 38 25 17 16 7 10 20 34 35 21 19 5
14 38 13 4 1 35 5 10 19 0 24 31 22 16 33 28 7 37 12 15
9 22 1 34 13 17 29 26 33 14 6 16 0
9 0 37 11 20 23 1 19 25 18 10 30 22 14
3 17 36 22 6 38 26 28 23 34 15 1
25 34 32 39 17 33 2 10 37 28 8 26 11 19
14 25 33 20 6 38 12 15 31
