4 3 26 36 9 34 32
35 9 26 28 29 6
33 22 16 26 7 36 32 11 23
26 0 32 10 38 13 12 20
9 0 6 7 37 15 12 31 14 18 27 28 24
11 14 23 27 10 6 35 29
7 14 17 31 4 29 9 22 11 20 5 24 16 1
6 32 4 28 2 14 9 12 21 18
30 26 27 28 20 29 14
4 1 20 6 32 25 0 7 36
37 3 39 22 5
23 24 5 26 36 6 31 16 2 39
37 15 13 38 28 20 4 31 39 3 23 36 7 16
30 23 16 12 15 18 3 21
6 4 5 7 16 8
32 12 24 22 30 13 4 36 39
21 19 13 2 26 33 11 14 25 6 12
6 21 22 38
26 4 13 22 7
24 16 20 39 33
33 9 26 38 12 19 6 34 8 30 3 28 29 22
16 17 37 13 7
30 35 2 15 17 37 6 10 18 31 23 20
11 13 5 12 37 2 22
19 11 25 15 38 6 4
31 29 24 9 16
3 38 8 18 0 2 16 11 20 1
8 39 32 4 38 5 36
7 8 12 35 39 1 4 34 20
38 25 6 1 8 5 20
8 13 22 15 20 38
25 6 4 12 22 11
7 15 9 27 3 36 2 0
2 20 16 19 38
35 20 0 28
1 38 22 34 28 5
11 0 2 32 15 12 9 27
10 12 4 22 21 23
26 35 29 12 20 3 27 17 39 24 30 33
27 10 12 28 19 38 11 15
