38 11 2 30 21 9 4
39 25 33 9 16 13 21
25 26 30 24 14 37 39 38 28 0 19
21 18 23 26 7
8 5 10 24 7 15 9 29 0 38
37 39 4
30 24 21 14 31
29 14 15 17 34 3 26 4 13
9 4 35 34 36
8 1 38 4 0 34
19 4
27 34 21 37 16 0 31
28 14 22 30 31 35
21 14 19 39 38 24 1 7
13 2 7 12 6 23
36 7 4 17
33 20 11 35 1 34
24 20 27 7 36 22 26 15
3 30 22 39
25 34 37 31 13 33 10 21 2
31 17 16 23 37 32 33
13 3 11 24 19 6 31 0 1 25
31 12 17 18 23
3 30 39 20 14 22
17 36 2 21 6 29 13 27 4 39
19 2 30 1 26 21
2 35 3 7 29 34 25 17
11 17 30 24 36
12 33 30 2 35
7 24 39 26 4
25 2 23 6 12 27 28 18 0
20 22 19 32 11 39 12 6 21 33
31 38 20
34 16 19 37 28 1 31 20
33 19 11 36 8 7 26 9 16
8 16 26 37 39 28 12
15 34 24 17 27 8
11 19 5 2 33 35 20 39
0 13 2 9 32 4
1 5 13 2 23 31 29 35 24 18 37
