2 3 30 36 18 9 29 20 17 11 26
27 2 35 12 20 37 39 10 31 16 24 18 26 17
39 0 16 1 27 20 10 19 35 22 26 30 31 32
34 30 0 21 36 39 6 38 35 16
37 19 39 31 13 29 14 11 24 8 6 16
6 29 22 19 37 11 34 28 36
5 13 39 16 38 20 27 25 3 33 26 4 18
39 16 29 31 18 37 34 23 30 15
21 35 26 39 18 10 4 32 33
35 22 25 23 11 24 38 0 32 28
32 26 11 2 23 12 1 34 30 8 37 39 18
39 31 10 26 9 34 5 27 4 0 17 18 14 23
38 28 1 19 10 35 30 39 33
6 30 39 14 36 21 18 4 19 37 22 34 26 16 27 15
13 17 27 29 38 4 32 28 11 36 30
36 21 27 30 35 24 22 13 7
2 21 6 7 17 26 28 29 32 1 33 4 13 3
30 28 18 39 24 23 16 25 14 0 11 1 33 38
30 33 17 19 24 13 25 0 7 1 8 11 23 27 6 10
18 12 5 27 4 2 13 29 20
36 39 27 6 31 2 1 0 32 19 30
32 3 16 8 39 13 26 15 30 27
26 5 9 31 15 2 35 27 13 34 38
34 17 10 25 9 37 31 26 39 7 18 11
26 17 32 18 9 15 1 4
9 31 23 17 18 38 29 6
24 35 10 22 29 11 36 21 30 16 23 8 33 39 2 37 13 0 6 1 31
34 1 20 2 19 6 15 14 21 11 22 39 36 18 38 13
17 12 16 37 5 9 14
5 26 7 14 0 16 4 25 19
13 17 3 18 26 32 0 21 15 36 12 10 2 31 20 7 38 14
11 20 25 22 7 23 4 34 1 30 2 26
21 10 39 24 30 16 9 38 14 20 2 8 34
18 26 6 16 12 17 8
3 27 37 36 23 11 31 7 5 10 22 13 32
9 26 39 1 8 12 2 15 22 3 36
20 34 3 13 26 15 0 30 5 27 35 14
4 34 5 23 1 7 28 26 13 38 10
6 12 9 25 14 32 3 39 37 30 27 17 22
2 11 6 13 20 7 32 35 21 17 4 1 3 12 26 23 8 38 27 10
