7 30 23 13 16 10 3 12 32 17 14 22 9 37 18 26 34 19 36 11
30 5 38 4 29 7 22 39 27 24 18 3 14 11 33 20 26 2 9 25 34 17 31 32 8 37
9 15 29 34 35 5 20 38 11 27 23 12 8 1 28 14 17 4
25 8 0 9 35 1 12 28 22 5 21 16 23 24 20 34 19 6 27 7 14 37
35 1 36 5 37 16 22 13 28 8 34 10 29 12 7 15 23 21 25 18 2 20
1 29 11 27 4 16 25 2 17 26 8 12 9 3 36 19 23 28 22 18 7 15 6
34 29 7 12 18 32 8 19 23 21 11 15 37 22 17 3 27 5 16 30
29 6 0 38 9 1 35 36 37 39 34 30 22 18 13 8 33 17 10 32 15 4 16 3 5
3 20 36 19 6 35 11 15 5 29 12 24 34 4 26 14 7 22 16 18 2 30 27 13 38 1 37
2 7 16 31 29 27 3 10 5 23 12 13 15 37 17 18 36 25 22 0 1 33 30 19
13 38 26 27 20 14 35 15 0 18 9 16 36 30 11 4 12 31 33 7 21 25
5 28 23 8 18 39 31 6 33 21 2 10 38 1 30 17 19 35 0
36 34 6 15 23 26 16 39 20 33 0 5 8 28 9 3 37 24 2 13 10 19 4 32 29 31 30 38 14
32 10 23 30 0 4 33 9 27 12 7 26 18 38 15 8 17 28 24 31
30 36 27 10 33 31 28 34 1 0 8 15 26 12 2 3 22
2 12 18 23 19 29 39 10 8 6 35 28 24 22 9 37 16 33 17 14 31 25 27 7 4 13 5 34
9 5 12 4 25 0 28 10 34 15 36 3 27 29 8 18 30 7 39 37 6
28 19 30 34 5 32 39 21 0 37 9 25 15 6 7 36 31 11 24 13 1 2 26
21 6 15 11 23 35 26 10 1 20 31 28 7 39 9 13 8 22 16 0 5 4
17 22 8 15 6 38 28 24 23 31 12 5 3 27 11 37 32 9 25 0
22 32 8 10 35 27 30 2 26 12 23 24 18 39 1 31 25 3 36 28 4
18 22 6 26 39 35 25 11 17 34 37 29 27 3 23 30 28 36 4 10 24
27 19 20 21 1 35 37 4 15 32 6 7 25 3 30 8 9 0 18 23 5 14 34
31 11 12 15 0 13 6 24 18 29 28 36 20 9 19 2 21 3 30 25 37 5 4 22 27
37 36 23 30 28 19 29 1 15 8 20 12 32 3 27 25 34 17 13 21
26 3 38 39 16 5 21 32 22 17 28 9 35 23 15 20 24 29 1 4 19 10
25 10 12 21 18 20 5 34 8 31 36 33 39 13 1 14 0 27 35 17
28 35 22 36 14 5 10 20 32 9 1 2 13 21 34 16 38 15 39 24 19 8 23 3 26 6
17 27 38 11 34 19 15 24 23 16 37 4 29 14 39 12 3 18 25 21 30 5 2 13 20 35 32
7 5 6 1 15 2 9 23 38 24 30 36 8 28 21 4 34 16 12 32 25 31 37
35 1 14 0 13 20 17 24 29 10 7 11 21 22 23 8 36 16 28 12 9 33 6
23 11 14 9 39 26 18 19 20 10 35 15 36 12 17 29 1 13
13 20 6 27 17 22 25 35 0 33 24 34 12 7 29 36 19 1 28
14 38 11 12 13 32 1 26 15 10 7 9 30 36
6 12 28 2 36 17 7 26 8 37 21 16 4 14 35 32 27 29 39 24 3 1 0 15 22
37 30 27 4 20 8 10 7 2 18 22 15 21 3 32 34 25 31 11 38 28 26
12 14 27 8 4 24 7 34 29 10 23 26 37 16 9 5 31 30 21 38 17 20 32 33 0
35 24 4 7 22 6 28 34 12 21 17 36 9 38 15 23 0 19 29 16 3 1 8
28 25 1 10 7 39 19 33 29 2 11 37 27 13 36 12 35 8
25 15 38 11 12 7 31 1 21 17 28 20 18 26 27 16 34
