37 17 6 28 32 9 4 24 8
5 10 16 21 20 9 31 28 33 39
26 15 4 12 20 6 34 35 3
34 36 21 2 27 17 7
33 22 24 2 6 8 0 39
1 19 16 38 20
0 4 2 16 27 25 38
25 34 36 35 3
9 25 22 19 36 39 17 4 28 0
26 18 8 21 17 1 32 10 33 0 37 11
14 1 15 34 32 9 39
34 32 37 19 9
34 14 36 2 24 35
14 37 20
10 12 13 15 31 26 34
31 28 10 2 14 25 24 18 37
1 27 34 30 6 5 38 17
38 27 0 9 34 25 23 32 8 3 16 31
9 29 35 22 15 27
29 39 5 8 25 26 11
28 39 1 2 13 5
31 26 9 1 3 30
4 8 38 34 18 36
38 32 36 17
38 35 4 12 28 34 15 0 33
8 7 17 19 15 6 30
9 2 37 21 14 36 19
17 16 28 39 35 6 18 3
39 15 27 0 20 1 24 37 8
19 18 38 32 34 39 30
32 39 33 16 21 29 25
15 21 37 32 33 1 14 17
30 10 31 11 0 9 23 29 17
4 30 34 9 31 36 1 24
3 12 11 10 16 37 33 17 7 2 14 29 22 24 36
24 27 18 37 2 12 7 36
12 37 3 8 39 33 23 38 26 7 34 22 35
0 31 26 36 34 35 11 28 13 9 15
17 24 23 29 22 36 16 6 5
28 19 30 27 20 36 8 29 1 10 4
