9 29 5 17 37 15 1 31 11 22 6 39 26 18 28 19 13 16 21
38 7 16 10 4 9 8 0 29 32 33 21 18 14 17 3 15 5
3 27 5 21 26 37 29 4 22 10 8 15 14 16 39 12 11 13 33 38
2 16 32 33 38 39 19 27 20 14 13 6 22 5 28 30 18 8 1
8 20 38 25 35 1 2 5 14 28 22 37 13 17 16 33 32
0 2 16 4 35 7 38 24 27 10 30 3 6 28 21 1
16 13 37 10 21 27 3 0 17 35 18 15 5 7 11
14 8 1 23 18 35 16 39 25 24 30 5 13 27 6 10 17 19
7 4 21 1 18 31 29 2 3 15 34 37 28
17 33 0 28 10 1 15 34 24 31 19 36 13
35 37 9 1 20 15 6 33 2 34 5 31 14 27 16 7 36
32 20 25 24 0 33 34 2 29 35 6 27
36 34 16 28 32 22 23 37 20 39 24 14 18 2 17
15 6 23 3 18 21 37 4 9 38 19 35 7 39 17 31 0 30 2
22 7 25 16 3 30 36 4 26 12 24 2 32 28 1 10 31 19 29 38
13 0 29 17 31 9 10 22 34 19 2 6 8 1
6 19 3 12 1 7 14 5 31 25 23 4 2 17 38 30 10 0
9 0 29 27 15 36 31 21 4 6 23 33 16 13 1 12 7
7 35 39 32 30 13 8 12 37 22 20 0 6 1 24 3 26 25
36 16 33 24 3 37 30 35 25 9 15 13 34 0 20 14 7
37 4 31 11 30 10 3 12 39 18 22 19 21 38 23
32 2 31 8 17 6 13 34 35 26 23 1 20 0 5
35 14 12 39 32 38 4 2 3 15 18 0 31 36 20
34 27 39 7 32 12 13 24 37 16 17 21 20 35
34 19 23 9 37 12 11 38 7 5 26 14 18 31
14 39 27 36 4 34 35 38 16 11 7 19 31 18
31 2 33 35 34 14 21 0 24 18 37
2 23 25 36 17 31 3 34 6 28 5 10 7 11
37 12 9 4 27 32 0 34 14 3 5 29 8 38
39 0 17 34 15 30 2 1 35 31 8 28 11 33 14
33 20 29 18 14 19 7 37 38 5 3 16 13
26 20 27 21 15 17 16 9 29 8 0 22 10 14 13 24 25 33 34
11 21 12 3 35 23 22 18 1 28 4 14 37 38
9 30 19 3 26 36 10 37 1 4 11 34 17 29 38 31 2
23 12 24 29 25 9 27 26 21 35 15 10 28 33 19 11 8 31
22 10 32 18 7 26 4 25 37 29 21 34 19 5 6 36 13 11 23
19 12 38 27 25 17 14 33 9 22 35 10
20 10 28 39 0 6 19 2 12 35 23 24 4 13 18 33 30 38 32 8 26
1 3 4 36 22 25 24 5 37 30 13 16 33 20 32 28 14 2
29 37 25 23 3 18 22 7 20 12 0 2 13
