3 35 24 27 7 36
39 6 34 17
10 29 17 32 31 11 38 15 3 39 6 12
0 26 2 36 11
6 9 28 38 13 23
22 38 26 6
23 25 4 28 22 13 1 2 9 5
30 35 0
18 21
29 4 33 25 6
2 16 28 29 17
31 21 33 2 19 37 34 23 14 3
37 36 2
33 6 39 38 4 20
24 22 32 11 27 37
39 31 32 30 25 2 26
17 10 37 39 33
2 16 10 1
30 8 21 25 22 29
31 11 36 28 29
32 38 13 34
11 38 18 8 33
5 6 14 35 38 30 18 32
6 32 11 24 28 26 4
14 37 0 31 23
6 15 9 18
3 5 29 15 23 34
38 37 14 0 30
6 4 10 19 23
2 9 10 35 26 19 18 38
7 18 15 22 27
11 15 2 19 24
15 2 23 35 14 20 38 22 36 34
13 36 11 9 16 21
36 11 1 32 20 26
0 29 32 7 22 39 37
33 34 19 12 3 0 32
12 24 11 27 16 14 35
21 5 27 4 13 2 22 32 20 29
15 1 13 2 16 35
