27 38 3 20 22 36 18 1 7 29 14 5 24 10 21 33 30 13 34 32 16 28 11
16 21 29 19 38 20 5 0 32 39 14 7 9 33 28 31 35 17 6 12 11 22 23 25 10
34 19 10 33 35 12 23 39 6 36 20 13 24 28 4 8 5 26 31 21 15
22 0 35 9 33 10 19 37 15 27 23 13 30 12 34 21 20 28 11 26
14 37 11 27 35 30 22 5 7 21 6 29 16 26 9 17 28 8 2 15 33
26 28 7 18 4 8 21 1 16 29 27 0 32 15 33 30 12 35 34 2 19
27 29 8 28 32 30 15 19 13 26 38 17 4 2 1 36 11 24 33 10 12
21 24 5 29 30 0 4 1 25 9 38 35 22 36 12 26 31 20 13 10 8 27
9 33 6 30 18 39 13 5 22 27 17 15 12 14 4 2 7 11 32
12 33 8 22 3 31 15 28 10 1 7 24 35 17 32 37 11 18 29 4 30 34 21 26
29 16 23 15 32 2 31 17 18 3 9 11 21 22 30 0 33 26 24 7 37 6 36 25 12 1
38 29 4 39 22 34 10 37 17 25 23 9 6 1 19 3 31 24 0 28 8
9 33 13 36 34 15 2 19 18 32 3 27 1 5 7 8 31 22 14 21 6 24 10 25
33 39 20 26 15 12 8 6 24 16 3 0 17 14 2 7 27 34 25
4 28 27 24 25 34 20 15 33 18 0 1 39 23 19 31 13 8 38 12 32
32 19 10 24 17 6 34 28 13 22 16 36 9 14 38 12 20 33 3 25 5 31 8 18 4 2
10 22 1 15 27 26 38 21 35 13 5 19 17 34 4 37 24 29 0 20 32 30
38 31 15 34 10 24 36 22 11 16 19 6 9 35 1 28 8 13 30 4 32 23
25 22 29 38 27 8 5 10 0 14 12 19 33 21 9 31 37 32 26 36 15
15 24 2 20 1 28 6 3 12 16 18 17 37 39 14 26 11 30 29 33 21 5 31
25 19 38 13 1 39 14 0 34 22 15 30 33 2 35 37 7 3 23 16
7 1 16 5 27 39 10 25 4 18 0 36 3 32 19 9 33 35 2 12 38
16 9 18 3 11 15 37 0 4 20 38 8 17 29 33 28 10 24 39 26 7 34 23 1 12 25 32
10 39 38 3 26 11 2 14 27 22 35 1 25 34 20 17 31 30 28 32 29
19 36 33 14 15 35 39 7 13 17 32 9 0 22 31 16 6 2 34 25 10 11 27 38 12
20 18 14 26 21 15 7 11 29 37 34 33 23 24 38 1 22 10 13 12
30 34 5 37 13 32 16 6 23 25 33 4 22 7 19 10 18 2 9 3
14 37 0 6 4 18 16 21 3 8 35 5 12 30 38 23 33 13 24 7
36 14 6 5 15 19 9 30 34 22 1 17 33 4 39 2 37 0 3 32 11 23
10 11 18 6 1 37 34 7 33 0 22 5 25 35 4 9 16 19 23
26 6 4 8 32 7 20 31 28 3 10 27 0 35 5 36 17 19 9 39 23 16
38 17 10 37 34 9 39 30 1 24 15 18 14 7 35 23 2 12 11 19 33
15 10 6 35 30 26 1 24 12 5 9 33 34 18 38 17 0 21 28 16 23 8 14 22
13 9 12 8 24 2 3 29 14 15 22 18 1 26 37 0 5 38 28 32 20 10 6 25 19 27 34 21 4 31
2 26 35 15 14 17 20 31 11 29 12 37 28 3 16 22 36 32 0 25 24 23 5 33 9 13 39
4 34 24 3 2 36 32 16 27 38 9 1 37 29 17 7 30 20 23 5 39 31 21
28 24 35 12 15 0 17 2 6 34 7 30 21 18 10 37
27 38 4 29 31 26 22 3 34 11 19 33 35 9 16 25 20 18 10 28 36
11 0 37 17 23 18 20 31 1 15 16 22 6 35 7 27 33 32 14 25 24 21
13 23 11 24 20 8 31 21 1 19 2 14 22 35 28 30 34
