34 35 27 5 21 23 25 11 29 1 30 3 4 6 31 22 8 2 17 12 26 38
26 39 30 4 7 34 19 24 8 0 9 17 23 36 13 2 33 6 32 37 21 22 18 31 28 10 16 27 29
37 28 18 8 30 3 14 26 17 4 11 10 31 6 23 16 1 24 19 13 38 0 29 27 25 36 9
11 10 22 34 2 18 15 30 8 27 37 24 20 14 19 17 26 0 38 25 4 32 13 16 36
38 17 1 11 33 14 2 6 29 16 35 28 23 15 34 13 0 36 3 7 5 12 30 21 27 31 22 19
12 25 37 8 16 32 30 0 13 38 35 18 17 10 31 29 24 7 15 6 20 28 27 4 22 34 19 21 33 26
22 9 13 25 7 32 24 8 33 38 4 17 2 10 14 18 39 27 30 5 1 12 0 19 21 28 23 34 31
17 16 10 1 6 35 37 14 32 36 11 30 33 5 18 15 25 4 22 24 27 12 23
27 5 2 6 16 33 1 3 15 35 25 11 24 12 14 26 37 0 9 10 30 32 21 17 18 39
6 35 15 18 29 34 31 1 30 32 11 39 24 19 8 25 17 14 23 22 38 2
7 22 3 13 30 26 2 5 33 27 6 23 31 21 32 14 39 18 19 29 1 11 8 15 24
21 3 23 25 4 7 2 28 0 32 8 12 15 9 34 19 14 22 35 20 18 13 33 29 39 10 37 24 31 27
23 5 33 25 39 18 13 30 34 36 20 11 37 29 21 27 35 6 8 31 28 26 14 22 4 15 0 24 7
6 36 30 27 10 5 17 28 34 12 19 15 20 1 4 29 22 31 11 16 2 3 37 24 23 25 26
32 4 7 2 33 25 28 21 6 3 24 35 29 11 36 8 10 38 34 22 17 12 23 39 31 37 9 18 20
35 32 20 33 18 34 9 16 23 3 8 13 36 4 37 24 11 5 22 21 7 19 38 28 31 27 26 12 10 17
33 7 5 25 38 15 8 19 4 35 36 21 20 2 26 18 13 3 17 39 1 22
20 7 4 38 30 13 2 23 5 6 25 1 36 3 29 24 27 14 26 0 9 28 19 16 32 15 35 8 31
33 2 24 38 15 21 39 3 5 9 12 26 6 34 7 35 16 11 20 29 10 1 14 23 32 8
28 31 34 20 27 29 26 37 16 1 32 13 3 11 25 15 6 23 2 9 10 21 5 30 17 36 4 24
17 28 34 15 19 37 27 36 31 12 16 3 24 30 13 38 11 5 39 29 25 18 26 22 32 23 14
11 23 34 39 22 18 29 0 24 38 37 32 16 14 31 12 10 15 35 1 19 6 27 4 28 5 8
27 6 26 21 32 10 3 39 23 36 33 15 11 34 13 7 0 5 14 1 25 38 12 20 31 16 9 4 37
12 21 28 39 11 30 27 38 0 15 17 33 22 37 4 2 10 1 31 19 26 14 9 6 13 36 20 18 7
18 31 6 34 25 27 30 21 38 39 1 35 36 5 15 3 20 37 14 8 28 33 29 9 2 7 17 11 13 12 32 10 19
5 12 6 34 11 36 16 24 39 38 0 37 17 14 33 31 8 27 19 3 7 26 20 22 9 13 2 35
1 22 38 32 19 2 35 10 18 29 16 3 39 8 25 23 33 12 17 15 20 0 27 13 5
8 22 32 13 23 0 19 35 24 38 20 3 10 37 25 6 12 5 17 33 15 21 4 2 29 31 7 1 26 34 11
19 23 2 20 32 38 29 13 11 34 4 35 14 31 24 39 5 33 15 12 36 1 17 21 30 6
31 36 28 19 21 37 9 4 34 26 0 5 35 12 14 13 24 17 20 38 18 11 10 2 27 1
1 23 13 17 5 33 2 24 37 3 10 7 12 9 36 0 20 6 34 35 38 4 8 19 28 32 39
39 19 29 33 37 24 2 5 9 20 25 28 32 21 10 12 13 0 23 35 15 1 36 14 11 27 22 6 4 17
14 22 28 15 27 26 5 6 7 21 19 37 34 11 9 33 31 1 10 3 36 35 38 8 20 17 24 30 39 18
16 12 31 18 15 4 30 35 6 23 14 8 36 10 7 25 22 32 1 24 37 28 11 26 27 5 39
0 21 25 20 19 24 15 35 3 1 13 29 28 32 12 9 11 4 18 39 22 30 36 14 38 5 6 27 37
15 9 0 7 34 5 33 27 26 16 8 4 24 28 38 36 29 14 39 18 11 12 30 21 31 32 17 25
29 13 39 25 7 33 20 24 22 12 35 15 16 30 17 1 14 4 34 38 32 28 31 3 19 23 37 2
2 5 31 7 30 29 19 20 25 21 32 23 38 27 15 12 3 24 33 8 1 13 11 39 14 22 36 34
4 26 17 18 28 23 5 39 16 27 24 6 25 21 37 35 20 3 14 29 15 30 36 2 34 22 32 0 9
31 1 23 21 12 36 18 38 25 24 22 6 34 35 9 28 26 20 10 11 14 37 16 32 33 30 8
