6 38 32 11 13 31 24 5 35 17 19 21 27
34 14 12 35 29 33 9 10 20 23 18 37 30 11 15 22 17
23 11 39 33 18 22 20 13 9 21 8 5 14 16 35 30 28
13 14 18 12 33 19 7 21 24 20 34 27 32
39 30 6 7 20 5 10 24 19 23 14 38 35
28 38 17 4 22 36 23 31 0 30 2 6 7 8 34
12 0 19 4 36 24 38 37 5
10 4 19 21 31 15 3 20 14 5 13 8 37 24
34 14 28 11 13 26 10 9 25 2 23 7 5
11 1 24 16 26 22 2 8 27 39 13 29
31 7 13 33 29 14 12 1 23 25 39 4 8 27 22 19 21 24 26
9 2 29 8 0 1 37 36 23 14 16 20 13
6 29 28 1 23 31 3 10 33 34
34 10 3 22 28 36 0 16 8 20 19 2 31 7 25 9 11
22 8 1 18 3 10 33 30 35 7 39 2 31 11 4
31 28 20 25 32 7 1 16
23 26 37 9 19 17 13 35 2 15 11
19 30 16 27 38 5 28 31 18 0 24 1
26 14 28 39 23 3 19 36 2 1 27 21 17 32 24
6 17 18 32 38 16 3 23 7 36 13 10 0 4
33 29 15 4 2 1 13 38 21 31 24 7 37 3 36 11 23 26
29 28 26 35 33 7 32 20 18 2 3 10 37 22 0
14 33 13 35 2 9 5 23 10 1 34 21 38
16 2 18 12 25 33 10 1 19 35 38 24 5 22 37 11 8 4 20 39
9 6 23 4 32 0 20 35 3 17 38 10 18 7 26
26 23 28 15 10 29 8 34 30 13 27
18 27 25 21 16 31 9 37 8 32 36 10 30 20 24
26 29 17 32 18 10 28 9 3 0 25
12 21 30 8 18 15 37 39 31 13 5 25 33 36 32 17 27 34 2
12 21 37 20 27 1 30 11 10 32 31 25 39 9
4 28 29 17 14 1 37 5 25 2 26
36 10 15 28 12 34 26 0 7 29 38 13 17 20 5 14
19 0 29 27 15 21 28 24 18 26 3 36 38
20 38 10 22 1 14 2 3 23 21 28 12 36 39
13 1 8 38 31 25 12 28 39 3 22 5
37 1 22 21 23 14 16 0 24 2 4
31 18 6 13 28 19 5 11 33 26 20 32
35 29 28 16 26 1 30 11 6 23 20 21 7
33 0 34 19 5 17 31 20 23 6 24 4 32 22
4 18 2 28 10 29 14 9 34 33 23
