16 10 17 39 1 36 37 25 24 30 12
19 2 23 4 29 0 10 27 24 16 31 21 38 9 17
32 1 35 11 39 13 29 16 26 10 22 30 12 4
33 27 35 37 6 21 18 22 29 4 34 7 20
11 21 34 8 14 1 19 28 15 22 26 13 6 31 17 3 33 12 2 39 18 36 10
17 28 8 18 15 11 6 34 9 7 29 35
39 11 23 32 34 10 15 16 24 14 5 3 27 4 9 20 26 28
14 38 27 23 26 28 18 9 31 37 5 20 3 33 22 15
4 5 16 22 31 23 14 19 9 33 37 10 32 11 25 28 13 38 35 17
31 37 39 27 8 20 17 23 36 7 33 25 5 34 12 6 1 24
22 37 14 0 18 1 6 39 8 30 11 32 13 26 2 34 4
4 6 28 5 2 12 32 8 10 23 25 35 24 13 33 29 39
28 25 38 13 11 29 16 26 9 4 2 0 24 20
17 26 30 12 15 23 19 27 35 2 4 38 10 31 8 32 37 11 22 21 20 29 16
7 4 10 8 17 19 6 34 21 20 26 30 37 39 24
34 13 5 31 6 4 23 19 17 30 22 7
0 27 8 22 34 30 39 6 24 12 2 21 1 28 26 18 25 32 13
5 21 13 0 28 14 36 30 9 39 26 15 4 32 8 1
5 22 10 21 26 25 27 32 20 7 3 16 39 35 4 24
1 24 33 4 14 8 26 13 37 15
39 35 9 22 26 18 14 37 13 28 7 6 3 12
4 17 29 18 26 27 39 32 35 14 3 16 38 22 1 13 24
10 37 18 8 26 16 24 20 4 3 21 2 33 13 15 31 36 7
34 6 30 8 1 35 7 9 13 15 39 11 31 24
36 39 19 31 22 37 6 29 1 16 25 11 26 0 33 23 21 18 14 12 9
39 12 26 18 0 8 24 9 11 16
13 22 25 27 39 18 21 19 31 20 17 7 4 34 36 14 28 2 10 16 24 12 35 37 6
16 3 9 26 39 21 7 18 1 13 6 32
12 5 11 17 4 7 26 37 8 16 29 31 20 35 6 39
21 31 1 39 24 2 12 38 36 28 3 30 13 34 5 33 11
13 23 37 35 16 17 10 14 2 34 29 15 0 36
9 24 8 29 15 26 32 36 7 13 1 4 34 28 23 37 39 35 22 38
2 6 21 18 31 8 11 10 39 13 34 17 27 16 33
3 19 39 8 38 9 24 22 4 11 29 32 7
23 4 38 15 16 6 14 26 5 31 9 30 32 3 29 10
30 3 20 23 2 21 13 36 37 11 26 8 31 18 5 28
37 24 17 0 31 9 26 35 29 22 4 30
22 9 36 10 30 0 24 8 3 19 28 35 7 14 13 20 31 26
34 12 7 33 29 13 21 1 8 31
6 9 25 24 33 0 26 27 20 16 21 2 17 29 10 23 32 14 18 31 4 11 28
