7 30 35 39 33 24 2 6 14 31 25 28 15 27 21 18 8 29 13 9 34 12 26 1 3 4 38
29 33 31 5 17 23 14 32 4 11 19 9 13 3 18 8 21 10 38 22 7 24 16 0 27 28 30 15
4 20 32 26 30 5 29 15 37 19 0 23 31 10 34 12 11 21 7 22 25 28 14 38 36 13 16 8 33
9 16 25 24 6 15 13 18 31 22 17 1 23 20 8 39 36 14 38 21 4 0 27 33 19
2 16 36 8 13 1 25 37 30 19 11 5 23 12 18 14 9 38 15 29 6 3 34 35 26 10 17 24 0 22
23 17 24 12 13 8 26 1 2 30 21 32 19 39 4 34 37 11 16 7 38 33 14 28 31
30 22 3 31 34 27 14 18 15 0 36 26 32 19 35 10 28 20 16 37 12 33 13 29 11 4 39 9 21 38
0 39 9 36 22 13 16 34 30 15 25 21 38 37 11 20 2 24 27 19 29 12 1 5 8 32 33 10 35
15 11 18 31 5 38 4 33 35 13 36 0 28 1 25 3 9 27 21 24 14 20 29 2 7 37 17 39
3 10 7 34 36 31 29 39 21 17 1 20 23 14 8 4 18 27 0 12 19 6 33 13
9 36 21 19 14 25 31 29 20 16 24 2 28 26 6 34 15 1 37 27 38 32 22 7 4 17
15 26 8 28 14 23 16 38 1 7 37 34 4 17 19 35 27 2 13 24 5 6 31 18 33 22 39 25
38 18 16 5 39 26 36 27 34 13 35 30 4 2 17 0 6 21 7 37 9 23 19 22 31
37 36 39 5 3 7 8 4 18 12 1 29 23 22 31 0 35 27 11 6 26 28 2 20 16 25 33 32 30 17 19 9
28 20 10 11 15 39 32 6 33 21 1 0 27 23 36 18 9 37 34 19 4 38 35 30 2 31 16 8 3 17 5 29
8 11 38 17 14 3 2 20 23 6 26 7 21 0 34 10 25 32 4 33 35 39 29 37 27 16 1
3 12 4 17 7 11 28 33 10 32 34 6 25 27 22 18 14 39 5 1 2 13 38 20 15 30
39 5 15 36 16 1 33 31 24 9 3 27 22 23 11 35 12 38 25 19 21 14 37 10 4 13 28 30 8
12 8 37 36 3 33 6 31 34 13 30 26 14 19 28 0 1 25 21 4 20 9 16 22 27 35 38 11 32 23
30 24 10 27 39 36 2 35 23 33 1 6 5 18 4 34 11 14 22 7 29 25 21 31 17 38 12 9 32 37 13 3
2 34 14 27 32 15 36 10 31 9 29 39 7 6 3 18 37 26 8 21 28 13 35 16 25
10 30 24 23 14 31 5 25 15 26 9 7 0 1 2 18 33 8 12 35 19 22 20 34 17 28 36 3 37 27 6
26 6 23 7 31 3 35 17 13 2 19 16 18 28 21 1 38 32 27 39 33 10 12 4 11 30 29
5 33 24 11 22 38 25 21 15 1 2 19 27 14 9 13 17 4 3 35 37 26 28 34 36 12 31 18
5 19 3 23 31 21 0 17 25 10 34 35 33 7 27 11 8 1 26 28 4 29
3 10 23 32 24 21 7 27 0 4 16 8 18 2 15 19 38 36 17 26 37 13 30 31 20 11
22 34 11 2 39 27 12 5 30 36 6 15 21 18 29 10 28 33 38 23 13 37 20 0 24 25 4
26 20 12 19 6 36 14 25 23 17 0 30 11 37 16 31 7 24 9 13 8 10 29 18 38 32 22 1 15 21 35 3
34 14 11 32 16 0 10 18 6 38 8 26 2 37 23 31 22 13 20 24 36 21 5 30 1 17
1 34 9 2 10 26 20 13 31 35 0 39 19 7 27 4 36 6 8 38 30 15 24 22 14
19 6 31 21 35 32 2 0 26 7 5 38 18 36 4 27 33 12 39 14 34 29 13 25 28 17 22 1 16
37 30 8 24 6 1 9 3 10 17 18 2 22 21 36 20 0 29 13 38 27 14 28 11 19 23 35 12 34 25 5
2 14 34 30 20 28 25 1 6 5 33 39 16 37 15 35 38 22 36 27 18 7 13 10 19
23 1 8 0 17 18 14 16 19 32 24 30 21 37 26 38 6 15 22 35 13 2 5 7 39 11 9 36 3
26 20 28 9 29 37 32 6 7 18 12 24 2 11 19 16 15 10 14 38 5 36 0 39 30 23 21 4 31
36 30 0 8 37 19 24 22 12 6 29 11 17 23 14 13 21 32 18 33 15 38 4 20 27 31 7
35 10 13 9 4 7 17 12 18 19 20 26 6 39 27 31 30 14 8 34 29 38 3 23 25 2 32 28 21 33
13 31 34 18 2 35 4 7 11 14 32 27 6 10 23 33 28 20 5 26 39 12 38 25 21 15 17 19 8
12 15 8 23 11 30 7 28 34 14 31 1 26 33 4 39 17 36 32 25 27 5 2 22 37 3 18 19 29 35 10 16 0 6
17 7 13 12 26 14 0 19 9 36 32 20 5 30 29 38 3 34 16 37 22 6 15 33 11 8
