18 23 33 13 22 27 32 25 5 4 10 3 34
36 32 15 25 3 28 31 6 18 7 33 2 27 13
7 32 13 37 33 11 25 16 26 1
4 39 20 1 28 16 37 6 0 27 32 24 17 26 10
37 3 17 6 13 0 35 16 32 30 15 12
12 34 39 0 27 15 35 37
26 22 17 37 13 8 18 4 3 11 1 30 19 9 38 24 36
34 24 36 31 2 20 13 8 1 23 32
31 18 12 26 6 34 24 7 19 33 16 25
31 12 26 35 37 14 13 6 32 25 18
29 32 37 23 19 18 0 28 22 3
13 27 24 29 28 36 21 19 6 37 20 2 34
5 26 37 8 9 19 29 39 23 28 4 15
11 0 23 7 6 16 4 26 2 9 20 15 37 28 27 1
26 16 19 39 31 9 36
25 1 28 30 32 29 31 39 5 24 27 13 4 12
39 14 31 3 20 13 4 8 35 2 30 26 22
22 6 38 4 20 35 29 32 3 34 36
0 8 28 6 10 24 1 9 20
28 34 14 33 12 24 39 36 10 8 20 11 27 6
39 28 37 36 3 35 17 7 31 16 34 19 13 11 27 26 18
23 29 11 37 38 32 35
6 33 17 23 32 0 10 16
0 22 39 13 10 34 21 31 25 12 32 7 35
7 11 38 8 19 37 29 3 15 18 34 28 6
15 37 28 1 0 23 38 2 8 9
6 14 12 32 9 8 13 3 16 2 20
11 29 0 28 5 3 19 15 38 20 1 13
20 19 25 18 15 3 11 30 1 27 10 33 38 12 13 24
10 27 11 15 17 35 21 31 24 12 39
15 32 28 4 38 6 16
9 8 7 16 14 20 23 29 15 37 1 36
1 10 2 22 26 15 0 38 30 36 17 4 3 23 21 39 7 9
22 0 19 36 28 8 1 2
5 7 19 8 23 20 39 35 0 17 24 11
20 9 17 29 4 34 5 16 23 21
1 7 20 37 33 32 19 14 11 38 31 17 6
20 4 25 12 6 36 10 9 24 3 31 21 11 2 13 39 5
17 24 32 36 28 30 27 21 25 6
20 16 3 23 5 14 19 34 15 12 37 32 29
