36 38 35 16 8 25 27 15 18 6 37 30 5 20 2 31 19 39 1 17 33 21 11 9 7 4 26 13 23 28 24 32 10 12 14 29 22 3 34
23 32 15 37 33 30 28 3 13 22 6 4 31 20 0 24 35 14 9 18 12 25 10 17 29 34 36 21 11 7 16 39 8 2 26 19 5 27 38
6 10 8 27 30 33 37 39 31 12 0 23 28 21 36 14 4 24 34 11 38 35 18 32 17 9 3 1 15 19 26 13 16 22 20 5 25 7 29
36 20 31 5 4 37 9 1 27 7 26 6 35 38 32 23 17 33 25 10 13 24 30 29 2 11 16 18 22 19 28 34 39 0 14 15 21 12 8
15 3 30 25 28 11 1 20 10 34 7 5 24 38 12 13 35 37 0 19 21 9 31 14 2 8 16 18 23 39 32 26 27 17 6 33 36 22 29
19 17 7 34 3 13 35 26 0 25 38 16 20 33 4 37 28 22 12 9 23 27 36 15 32 31 18 11 39 6 24 8 30 14 21 10 1 29 2
2 34 39 20 29 0 33 13 32 23 14 1 3 18 37 28 10 31 12 11 24 15 19 26 36 9 5 22 7 21 16 25 4 8 27 35 38 17 30
17 19 28 21 16 25 39 5 22 37 35 32 3 10 20 31 23 4 14 30 34 38 18 0 12 24 1 6 11 27 9 26 13 29 8 15 2 33 36
11 15 2 14 39 0 19 29 30 31 18 10 17 13 9 21 12 25 32 26 33 28 36 23 27 38 4 24 5 1 16 35 6 37 22 7 3 34 20
12 27 11 3 24 23 8 22 28 5 10 15 32 1 31 21 0 18 35 30 20 14 4 34 36 37 6 2 17 29 19 33 7 13 39 16 26 25 38
2 27 33 31 19 20 11 34 14 29 8 7 4 23 32 30 6 12 18 9 38 22 24 39 1 36 13 3 0 17 21 16 37 15 26 5 35 28 25
8 34 20 12 25 9 30 39 15 37 32 10 29 33 4 38 18 26 16 23 27 24 0 35 6 28 14 2 19 1 21 5 3 13 7 22 36 31 17
9 37 24 30 11 31 27 2 14 36 13 22 26 8 10 4 28 5 21 1 6 15 23 18 19 16 20 35 34 7 38 32 0 33 17 25 39 29 3
19 27 5 24 35 6 1 31 25 8 12 16 36 20 39 4 14 28 34 0 10 32 3 11 26 23 9 7 33 2 15 29 37 21 18 17 30 22 38
8 26 23 33 12 38 10 36 18 6 15 7 30 27 1 31 13 19 16 20 34 29 9 2 11 4 25 21 37 24 0 17 5 39 32 28 3 35 22
8 35 1 4 28 37 0 11 26 39 20 14 32 27 29 9 30 36 38 12 23 5 6 16 18 25 21 17 34 31 33 2 24 19 10 13 3 7 22
17 36 37 7 0 22 27 18 25 5 26 38 13 19 11 39 32 23 28 14 33 29 12 21 15 35 31 4 1 34 24 3 30 8 10 20 6 2 9
7 16 5 31 18 38 26 34 20 36 28 24 8 37 0 39 32 19 3 25 23 1 27 30 29 2 9 10 12 14 15 21 35 4 33 22 13 6 11
33 30 17 38 26 39 0 8 16 21 14 31 37 23 6 11 20 29 10 7 19 1 9 12 32 25 15 35 5 2 4 34 24 28 3 36 27 22 13
5 28 7 30 13 36 8 10 24 22 20 27 38 0 25 16 21 31 17 18 14 39 26 12 4 32 6 29 11 34 23 9 2 3 15 35 1 33 37
27 31 11 3 6 30 10 26 17 37 0 19 7 15 4 5 24 1 18 13 14 12 9 25 21 28 35 39 36 34 32 29 16 33 22 2 23 8 38
25 7 39 28 34 18 8 37 19 36 23 30 31 29 2 22 0 12 9 24 35 16 4 20 1 32 11 14 10 15 17 6 38 5 27 13 3 26 33
38 29 16 7 33 25 19 1 12 34 9 30 5 37 39 36 26 35 21 10 32 6 28 3 11 24 0 20 18 27 2 23 4 8 17 13 31 15 14
1 38 24 25 14 27 31 34 6 39 37 7 9 10 18 35 2 21 30 11 32 16 3 5 12 15 26 8 17 33 0 4 19 36 29 13 28 22 20
26 12 33 23 39 13 19 17 35 9 31 20 4 1 36 11 21 10 6 32 25 2 7 30 0 8 38 29 5 3 14 37 27 16 28 18 15 22 34
21 35 7 23 11 0 37 4 32 22 13 5 34 16 30 19 8 33 1 17 29 36 20 39 18 24 3 14 26 15 12 31 38 6 28 27 2 10 9
38 24 30 18 14 17 5 20 15 3 16 35 11 12 32 8 27 22 29 33 19 23 31 37 28 6 0 39 25 34 13 4 2 7 1 36 10 9 21
20 2 31 10 34 9 13 12 33 0 23 16 29 38 39 3 36 19 14 15 11 26 5 32 17 8 37 35 24 7 4 18 22 28 30 25 21 6 1
38 19 7 15 21 34 4 1 32 17 5 6 12 9 2 16 8 33 11 20 13 26 39 0 36 22 35 24 18 37 23 25 29 27 3 31 14 30 10
22 31 8 6 27 11 10 30 37 39 18 33 21 15 26 25 16 14 34 1 19 36 17 24 32 3 9 38 23 12 20 35 0 28 13 5 7 2 4
2 32 19 26 33 18 12 37 4 11 1 8 20 0 35 29 25 36 14 23 22 21 31 10 7 15 9 34 17 24 3 39 16 5 27 28 13 6 38
20 27 29 38 17 2 12 3 32 10 8 13 23 18 7 0 24 1 19 30 21 14 9 6 33 4 26 5 35 37 16 25 15 39 34 28 11 22 36
39 1 30 31 25 35 11 28 6 7 15 10 26 36 17 8 23 16 3 9 18 24 5 19 27 12 0 21 2 29 13 20 22 37 4 34 33 38 14
18 39 2 30 1 10 24 27 14 22 6 11 5 25 36 0 29 8 26 16 28 31 3 23 35 12 15 9 38 32 17 20 13 4 19 37 34 21 7
6 11 5 27 21 28 17 10 23 25 37 39 4 22 7 14 36 30 29 12 9 35 2 1 13 20 19 18 26 15 16 32 31 38 3 0 8 33 24
25 15 0 36 32 5 13 39 30 7 3 24 23 26 1 4 22 38 11 9 37 21 12 34 31 20 18 33 2 16 27 28 17 29 8 19 10 6 14
16 0 3 19 35 17 14 12 27 13 30 21 32 33 22 24 15 5 34 8 2 25 10 9 29 1 39 6 38 20 28 23 37 18 11 26 4 31 7
12 1 16 2 30 15 25 7 3 11 0 39 20 18 23 34 17 29 21 6 5 22 4 38 35 26 9 31 14 27 32 24 36 28 10 8 13 33 19
28 22 26 31 23 0 18 17 27 14 5 19 11 16 4 3 7 10 35 15 37 12 2 39 8 36 24 29 25 33 21 32 34 6 13 30 9 1 20
32 33 6 2 7 8 21 24 18 11 35 27 37 15 23 34 0 29 17 16 13 22 19 25 10 28 20 26 36 38 5 4 1 30 12 31 9 14 3
