5 18 36 30 11 34 3 23 32 21 39 33 1 29 25 38 13 22 9 26 8 7 19 27 28 12 24 15 14 6 20 4 2 16 10 17 37 31 35
19 8 22 33 30 35 18 37 7 38 26 31 10 0 34 11 2 12 27 17 5 39 15 21 24 4 36 14 3 13 28 25 9 16 32 20 6 29 23
29 18 3 10 5 7 30 20 17 33 25 4 37 19 32 26 23 28 1 8 22 36 34 9 6 12 11 15 24 13 39 0 38 16 27 35 21 31 14
23 2 0 20 28 29 36 11 7 13 22 25 35 31 30 4 34 39 27 38 14 26 24 21 16 10 17 1 37 9 19 6 15 8 32 5 33 18 12
22 16 33 13 14 11 28 35 17 23 2 34 8 38 10 19 3 36 21 24 37 31 15 1 18 0 30 25 6 12 27 9 32 20 29 7 5 39 26
0 9 13 17 12 27 2 15 33 19 36 24 20 29 37 16 35 11 7 8 1 32 39 30 6 18 23 25 34 28 10 26 14 22 3 38 21 4 31
28 30 36 16 18 10 34 12 21 14 7 31 15 13 37 27 29 19 32 9 17 39 2 0 5 22 11 20 4 24 33 3 26 35 25 38 23 1 8
36 19 1 2 28 3 32 38 21 6 33 0 27 25 9 39 5 15 12 31 26 16 35 37 11 30 13 24 10 17 8 18 22 14 20 4 34 23 29
35 1 19 16 10 36 13 20 25 24 30 21 4 39 0 31 5 32 9 14 2 29 15 37 28 23 38 34 12 27 7 11 22 3 33 18 17 26 6
5 35 27 29 22 17 33 11 30 18 39 19 13 26 0 28 7 14 25 15 6 8 34 2 21 31 38 20 12 23 16 32 24 37 3 36 1 10 4
31 16 20 18 8 14 2 37 1 6 25 4 39 23 30 38 35 27 3 5 19 7 15 11 32 24 13 22 36 0 29 9 17 21 26 12 28 33
39 0 28 27 25 33 36 9 13 19 21 4 3 26 34 20 1 12 22 37 18 23 14 5 15 31 17 7 29 2 6 32 38 10 24 8 35 16 30
33 5 23 16 27 37 31 6 29 20 11 17 13 15 28 38 14 1 39 0 30 7 24 21 18 2 9 34 32 8 26 4 36 22 19 3 25 10 35
19 5 33 4 8 11 3 21 16 38 31 28 39 15 9 12 37 0 6 29 27 14 35 7 30 18 20 17 2 22 32 1 10 36 25 24 23 26 34
19 20 10 26 32 39 4 18 28 6 36 11 37 3 12 9 35 8 22 25 33 0 13 34 29 15 31 1 5 23 38 30 24 7 21 17 16 27 2
28 5 20 19 21 34 26 13 35 12 38 37 6 27 11 24 36 9 7 1 8 0 29 4 18 2 16 31 30 14 10 23 32 17 33 22 3 39 25
10 19 8 4 20 37 12 6 25 13 23 30 26 28 5 32 29 38 18 31 3 7 36 17 15 35 9 22 0 34 21 11 33 1 2 24 39 14 27
35 21 30 20 25 5 9 27 2 37 33 19 18 4 12 24 31 39 36 23 29 38 32 1 22 6 11 16 34 13 26 3 7 15 0 8 10 14 28
0 29 2 1 19 10 31 9 14 39 17 6 33 11 21 23 16 28 37 12 32 15 38 20 5 13 4 35 36 25 27 7 8 30 3 24 26 34 22
1 13 25 14 16 8 39 7 18 31 27 28 38 11 17 5 15 9 35 2 24 4 22 0 6 29 36 33 30 32 21 37 20 34 10 3 26 12 23
34 17 10 14 37 30 16 2 3 8 15 11 5 12 38 29 21 33 18 19 0 9 13 6 23 35 26 24 32 28 22 25 27 39 31 4 7 1 36
17 39 0 31 11 13 15 33 8 7 32 6 18 38 28 37 20 4 3 1 12 19 9 24 30 36 27 29 35 25 16 23 5 34 14 10 26 2 22
4 31 1 35 23 9 30 3 11 0 19 29 36 17 28 14 2 39 6 33 16 38 32 13 25 10 8 37 5 15 24 7 12 20 26 34 27 18 21
3 22 25 0 39 12 26 36 16 4 32 35 28 11 17 2 18 10 8 30 29 5 9 15 14 34 20 38 31 33 21 13 27 19 37 6 7 24 1
29 28 26 36 27 5 8 39 19 17 35 30 34 33 15 38 0 3 12 4 1 21 2 31 7 9 20 6 10 11 22 13 14 37 32 25 18 16 23
19 28 17 23 11 31 8 16 2 3 30 37 0 10 39 7 35 9 38 14 34 5 33 27 21 4 22 18 1 13 32 20 6 15 24 29 12 36 26
33 29 34 37 14 24 32 30 23 11 1 39 15 16 9 0 2 31 3 27 7 28 36 38 17 5 12 20 19 6 22 35 18 8 10 21 13 4 25
29 30 5 9 11 19 17 24 37 12 33 32 6 7 34 0 3 15 1 13 26 39 28 31 10 35 21 8 25 4 18 36 38 20 23 2 22 14 16
25 24 6 39 11 15 38 30 19 3 29 31 7 4 33 13 16 14 23 12 9 2 0 21 18 22 27 8 26 36 5 37 1 20 34 32 35 17 10
27 2 18 24 26 9 3 33 28 38 0 12 5 20 16 6 17 13 22 8 19 15 23 39 11 14 21 36 32 10 31 30 34 35 37 4 25 1 7
17 1 0 27 2 20 28 6 9 26 34 38 22 31 16 25 8 32 24 3 39 10 12 33 19 23 21 7 5 13 15 37 4 14 29 35 18 11 36
22 10 19 18 34 21 28 25 30 1 12 13 17 37 6 3 8 26 33 11 16 7 27 4 38 9 15 24 14 39 23 29 35 32 20 0 36 2 5
0 39 14 26 7 34 23 30 21 33 27 2 16 17 8 6 5 18 19 12 38 36 11 22 10 9 13 15 29 20 25 35 28 3 31 4 24 1 37
12 1 26 4 13 37 11 9 29 2 17 28 36 0 5 21 27 18 32 7 24 31 34 30 14 38 19 20 22 25 15 6 16 23 8 39 3 35 10
36 20 0 26 37 31 30 11 32 15 6 4 1 38 27 3 24 33 9 35 2 14 25 19 12 5 8 17 39 23 16 28 29 21 22 7 18 13
17 8 9 1 22 39 4 19 3 36 23 15 24 5 25 14 34 38 10 7 27 13 37 16 21 20 18 11 6 32 30 26 31 28 29 33 2 0 12
34 37 7 0 8 11 6 3 24 23 33 5 35 38 17 14 4 39 15 22 2 19 16 28 26 21 1 32 29 18 12 10 27 13 9 25 20 31 30
36 1 26 33 34 20 16 17 10 27 12 2 25 39 5 13 11 31 15 6 38 14 21 18 4 8 7 19 35 28 30 9 3 22 24 0 32 29 23
28 19 1 29 30 13 7 36 0 4 20 15 34 37 16 12 21 39 17 3 24 25 10 33 35 31 18 9 8 26 32 22 11 23 14 27 5 2 6
19 11 28 23 21 32 35 14 18 0 9 26 13 24 37 8 10 25 17 7 3 38 30 36 12 6 1 27 29 5 22 34 31 2 15 33 20 16 4
