22 10 12 9 30 33 34 6 13 3 17 29 31 37 4 14 23 20 7 16 8 15 28 1 38 32 21 26 5 25 19 36 24 27 35 11 18 2 39
15 9 4 29 14 26 5 38 27 7 23 37 36 25 30 33 32 35 3 10 13 18 22 34 0 28 39 8 16 2 17 12 31 11 21 20 19 6 24
25 18 39 10 8 33 9 6 20 14 13 19 36 3 26 30 15 31 11 17 12 23 34 1 24 28 29 35 16 38 22 21 7 5 27 32 4 0 37
38 28 30 27 14 15 29 34 22 0 21 16 17 2 11 39 10 24 25 1 32 19 35 18 9 37 12 33 13 8 36 6 7 23 4 5 26 20 31
12 1 14 20 38 27 7 23 6 10 16 36 34 11 0 37 28 31 29 22 39 21 25 32 17 30 33 26 13 3 19 5 9 24 15 8 2 35 18
13 33 25 26 17 34 7 24 1 15 30 21 20 36 16 19 27 6 11 39 8 12 28 14 32 22 38 37 18 10 0 23 29 35 4 9 3 31 2
21 37 2 9 24 17 0 14 38 30 4 12 22 35 33 11 8 7 5 15 18 39 32 10 34 28 3 36 20 29 23 13 26 31 19 16 25 1 27
27 23 13 37 5 32 1 22 35 26 4 20 25 38 17 0 16 6 28 19 36 33 14 9 39 15 10 12 11 3 31 30 34 2 24 29 21 18 8
29 2 32 36 13 12 14 22 31 11 34 37 9 33 25 21 38 15 39 6 26 0 23 20 5 35 30 1 24 3 19 10 28 17 16 4 18 27 7
1 0 2 28 6 31 20 13 29 8 38 34 22 17 27 23 15 39 18 26 25 10 21 3 7 35 24 32 33 14 12 5 11 4 37 19 30 16 36
0 2 29 15 21 4 28 3 11 13 24 30 12 1 26 9 17 18 38 14 33 31 39 16 6 34 35 32 7 5 22 20 8 19 36 37 25 23 27
28 13 26 14 31 38 8 18 30 3 24 17 23 33 4 20 10 6 15 2 36 22 5 19 25 7 12 1 27 9 37 16 32 34 21 39 0 35 29
4 15 31 0 8 36 28 26 25 18 29 27 14 6 32 20 35 10 34 38 30 5 2 22 3 19 23 7 1 11 9 24 21 33 37 17 13 16 39
38 5 11 8 32 7 21 2 0 9 18 24 29 10 17 27 1 39 25 15 30 26 36 3 22 34 16 23 19 4 31 37 6 20 14 28 12 35 33
31 28 19 16 1 22 4 11 8 3 39 30 2 32 37 6 33 18 17 29 21 12 0 25 34 26 15 7 20 10 5 23 24 9 38 13 27 36 35
12 1 39 22 25 3 10 21 5 34 16 9 2 8 11 20 18 31 14 38 33 0 13 19 17 29 6 37 32 7 35 28 26 30 23 4 24 27 36
26 29 14 20 3 15 31 30 18 17 4 39 37 5 34 32 23 7 0 35 36 19 1 10 22 38 24 25 13 33 2 11 8 27 21 6 9 12 28
22 5 23 28 6 32 35 3 18 0 38 14 26 9 11 16 27 33 7 19 13 30 29 2 10 15 20 36 4 39 1 34 25 24 8 12 31 21 37
38 2 25 35 26 22 31 12 17 11 14 13 16 23 33 24 20 9 15 28 1 10 37 3 36 6 29 5 21 39 27 19 8 0 32 34 30 4 7
25 14 21 23 29 34 2 24 27 31 5 17 28 36 7 32 3 15 30 39 35 12 11 38 16 26 0 13 8 4 10 9 6 22 18 1 37 33 20
22 26 31 4 29 21 16 2 37 9 33 23 24 7 5 27 11 0 18 12 32 15 28 8 25 35 14 17 36 34 38 39 6 10 1 13 30 3 19
19 6 20 28 24 23 15 13 3 31 5 38 8 10 14 26 36 22 32 4 9 37 25 27 29 33 34 18 0 35 1 2 12 16 30 39 11 17 7
20 26 38 0 36 17 15 14 27 29 8 37 18 32 7 3 39 28 9 23 34 6 21 4 11 35 1 12 33 31 5 25 16 24 13 10 2 19 30
34 37 19 7 30 38 17 21 26 20 1 4 24 29 11 18 25 27 22 9 0 16 8 36 39 2 12 14 31 32 13 5 3 35 6 15 33 10 28
39 34 29 6 5 21 20 19 33 23 11 13 3 38 18 26 10 37 25 8 14 30 22 2 9 35 16 17 0 36 12 4 7 27 28 1 31 15 32
19 2 28 34 39 18 5 15 12 8 1 38 36 31 23 7 14 3 33 29 9 13 37 35 32 24 20 27 4 21 11 22 16 17 0 10 26 6 30
16 22 20 5 11 18 39 38 37 12 1 23 29 7 17 2 21 24 14 9 8 33 10 13 31 28 30 27 36 35 15 19 4 0 6 3 34 32 25
7 30 22 3 1 4 19 36 29 9 12 34 23 20 39 17 38 35 5 13 25 26 21 33 28 11 32 31 18 0 16 37 14 24 10 2 8 6 15
14 3 25 11 37 9 21 17 30 12 22 35 10 19 32 4 31 7 20 18 33 5 0 1 26 38 36 6 29 2 15 27 39 8 34 13 24 23 16
8 16 1 19 22 20 24 10 3 12 26 9 35 0 23 27 14 13 4 25 31 17 38 15 21 18 28 2 30 6 36 5 39 34 37 7 32 33 11
37 27 38 3 33 23 0 28 14 5 11 6 16 1 36 35 2 10 31 17 32 12 13 19 8 26 4 24 29 15 7 9 21 39 20 34 18 22 25
14 12 20 38 11 39 8 9 18 37 21 16 0 19 34 25 35 2 28 4 30 29 15 26 22 10 36 23 1 7 13 27 5 6 17 33 3 24 32
8 13 7 17 14 36 22 39 12 1 16 28 21 20 3 19 30 25 34 33 4 5 6 0 15 10 9 38 23 37 27 35 11 26 29 2 18 31 24
5 2 35 30 0 20 14 8 24 1 11 18 39 17 6 34 25 26 37 7 15 28 22 32 10 21 27 3 4 16 38 9 23 36 12 29 31 13 19
23 25 35 24 5 0 19 8 3 15 9 31 4 27 22 39 38 14 16 33 12 1 32 20 2 21 6 10 17 13 37 36 28 29 7 26 11 30 18
34 18 33 17 7 29 28 30 1 27 6 31 12 25 38 22 3 16 8 20 19 37 9 26 15 10 24 21 2 36 23 5 32 39 14 0 11 13 4
22 8 37 12 32 2 1 27 25 30 4 5 21 19 7 11 23 16 18 39 20 26 17 13 31 28 38 3 6 0 35 29 34 24 10 33 14 9 15
30 23 28 36 6 26 7 22 20 14 8 31 1 0 16 4 38 33 24 25 18 3 35 21 15 5 32 34 13 11 10 27 39 9 29 12 2 19 17
18 3 22 13 30 31 26 23 11 1 4 9 21 6 17 25 8 24 7 27 34 39 37 29 12 15 35 10 0 19 28 5 36 16 20 32 33 14 2
2 25 24 15 26 31 14 22 32 3 16 27 33 34 9 8 38 13 4 5 23 19 36 7 1 6 10 17 20 18 28 29 37 35 30 21 11 0 12
