18 32 28 30 27 24 2 9 1 21 20 31 29 3 13 10 25 4 26 36 33 5 22 23 11 6 17
32 2 38 11 13 0 27 17 16 28 29 14 37 19 23 31 22 25 9 34 33 18 20 39 15 5 4 30 26 10
13 27 15 1 23 32 6 30 0 9 12 37 16 21 17 20 7 22 33 29 3 8 35 24 34 14 19
29 38 11 17 6 16 14 15 34 21 20 19 0 35 30 28 24 22 27 25 4 2 32 10 5 23 26 8 36 37 12 9 18
27 20 5 33 30 7 14 13 26 6 22 12 17 11 31 3 0 32 36 39 8 1 9 34 23 38
25 21 34 27 15 14 6 30 4 22 12 39 24 36 19 23 31 18 32 3 28 0 29 20 10 1 9
30 23 22 27 29 3 2 5 39 12 11 4 13 17 35 33 34 37 24 19 28 36 32 8 31 0 9 14
33 28 18 22 4 25 20 9 27 2 10 17 29 37 15 16 38 19 35 26 32 11 34 12
10 36 17 27 38 30 11 28 16 20 29 26 23 39 9 13 34 35 2 4 12 3 6 31 19 32 22 25 21
11 28 12 16 2 0 17 7 15 18 30 19 14 20 8 38 21 36 1 27 26 23 39 5 4 6 3 22
8 24 34 11 13 39 30 17 16 31 19 28 29 25 7 0 32 3 37 5 35 1 23 38
24 9 33 3 31 36 16 26 32 23 8 10 1 14 6 28 35 19 30 17 21 4 38 20 34 37 27 0 7 39
18 37 9 14 27 6 2 5 20 31 4 38 17 24 25 33 28 36 29 35 13 15 8 39 34 32 3 22 7 21
2 17 37 21 39 10 1 4 27 6 20 0 33 25 34 31 35 8 29 19 23 16 24 12 30 36 18 14
30 37 16 12 22 39 5 26 4 23 11 24 3 1 17 38 9 15 35 27 31 34 29 36 18 28 33 2 6 21 13
2 5 34 28 24 32 23 26 17 9 3 14 29 36 25 18 38 33 7 37 22 12 1 30 35
11 14 17 26 9 3 8 25 23 2 39 1 18 22 10 28 30 20 27 37 36 7 13 21 31 34 35
13 38 3 24 8 35 16 21 27 9 33 1 15 10 2 14 6 12 36 4 23 11 7 26 31 28 29 32 0 25
12 0 24 7 22 30 29 28 16 9 26 19 15 5 14 21 1 38 31 13 3
23 37 29 36 22 24 38 3 9 5 10 11 1 30 18 27 39 13 20 6 32 7 28 8 2
8 29 4 0 7 25 12 2 13 3 32 9 16 22 35 31 11 19 39 23 1 5
5 13 17 35 22 31 29 0 2 3 34 28 11 9 30 25 18 38 27 16 8 14 12 26
6 27 36 7 18 14 21 30 19 5 33 16 4 2 3 20 37 1 29 23 26 15 0 39 28 8 9 12
34 6 2 19 31 11 39 28 8 14 16 15 36 32 17 1 5 24 33 22 13 20 3 9 0 38 10 25 4
11 32 37 26 17 34 18 10 0 30 19 15 14 29 25 5 3 12 28 38 23 31 6 35 33 36 13 27 2
5 32 16 7 20 37 38 36 28 24 13 12 10 15 39 0 3 21 31 1 26 27 30 8 17 23 33
24 33 11 16 39 14 8 4 15 37 30 38 18 17 0 9 35 25 22 36 3 7 32 1 21
2 36 5 8 33 6 4 22 0 17 31 12 1 13 34 29 7 38 37 3 16 14 32 19 9 21 25 24 11 35 39
9 0 7 34 8 23 39 15 18 11 1 35 25 16 3 10 38 21 12 24 33 36 17 14 30 5 6 19 29 22
3 6 8 19 20 21 18 27 30 33 1 36 0 24 10 15 13 35 38 39 2 12 22 7 14 34 17 5 28 37 32
38 14 6 0 8 2 18 5 22 24 4 10 29 9 32 3 11 16 19 26 37 36 21 28 33 31 13 25 15 1 35
11 23 27 34 21 12 0 10 35 13 39 1 14 5 4 20 17 25 37 24 32 16 30 33 18 8 6
1 24 0 25 2 11 36 15 38 37 23 20 30 27 4 5 3 10 17 19 31 7 6 26 12 8 29
26 11 7 27 36 37 4 17 22 34 29 13 2 12 38 6 28 23 15 24 1 30 14 0 31 39 25
23 5 24 28 31 15 10 27 39 33 3 21 13 37 14 6 8 29 1 11 38 16 12 2 4 7
17 21 11 36 28 3 6 31 13 38 14 29 20 37 8 24 12 2 26 7 39 16 10 27 15 30
8 11 27 22 32 33 19 39 23 25 35 29 5 17 15 12 30 16 28 9 14 4 24 0 26 13 6 3
24 14 12 13 19 33 2 25 32 39 1 34 27 26 30 22 16 38 35 7 6 31 15 11 10 3 29
3 30 17 8 1 32 19 25 27 14 12 28 35 33 29 37 9 26 24 15 11 21 34 7 18 23 10 4
13 23 26 14 8 36 28 6 10 16 34 37 5 31 29 25 19 20 1 4 35 12 22 9 11 33 27
