36 31 22 1 8 35 32 37 39 30 15 24 6 21 27 2 9 5 26 14 13 11 18 3 34 28 23 4 38 12 17 16 29 19 10 20 7 25 33
39 36 31 0 37 15 6 5 32 33 29 11 3 13 4 30 38 27 24 34 23 12 25 14 10 8 9 16 18 21 26 20 35 7 2 22 17 19 28
6 22 27 25 16 29 20 13 7 3 24 30 0 21 35 14 34 15 32 18 38 23 10 26 11 5 39 36 4 19 33 1 17 37 9 31 8 28 12
5 36 38 6 7 8 10 29 35 21 12 18 4 33 2 28 13 34 1 24 30 16 11 17 0 20 22 37 14 27 32 39 23 26 9 25 31 15 19
10 23 13 34 33 21 36 12 38 3 31 18 16 20 15 25 8 1 11 7 28 27 0 5 24 32 30 35 2 26 6 22 14 9 17 37 39 19 29
3 36 29 28 35 34 10 30 1 14 26 24 9 18 23 0 15 22 17 21 37 16 2 4 20 38 7 6 11 12 33 19 27 32 8 39 25 13 31
22 14 19 2 25 32 18 7 21 3 36 0 1 34 37 9 27 38 30 15 31 11 39 20 29 35 33 12 13 24 4 5 26 23 17 10 16 8 28
37 26 19 34 12 6 3 23 11 38 14 2 33 17 35 10 36 9 24 20 18 4 28 31 15 30 21 5 16 1 8 32 27 13 22 29 0 39 25
12 39 36 22 21 3 0 24 10 11 19 34 9 13 14 31 35 18 4 28 29 23 33 32 25 1 20 15 27 16 7 17 5 37 6 26 38 2 30
20 24 10 37 21 15 32 22 36 12 19 6 35 8 5 13 30 11 0 25 26 7 23 27 38 17 39 1 34 33 28 14 16 3 31 4 18 2 29
16 25 4 13 39 3 5 33 22 38 9 23 8 27 35 28 30 26 7 14 19 20 2 18 21 1 11 36 34 12 29 0 15 17 37 6 32 24 31
23 20 37 19 24 7 38 22 8 16 9 17 1 13 21 39 33 35 4 25 3 0 6 15 14 28 10 27 2 34 36 31 18 5 26 12 29 32 30
8 36 33 7 31 19 29 38 32 3 4 15 9 20 39 22 23 14 13 26 35 1 21 25 6 16 10 34 0 5 28 37 17 24 30 11 27 18 2
10 22 24 29 18 4 35 39 14 33 36 25 2 16 9 8 3 23 11 0 1 34 28 30 12 26 31 32 15 17 27 6 20 21 7 37 38 19 5
6 15 30 32 23 13 25 33 18 34 21 5 7 22 39 38 8 2 31 0 17 10 12 11 37 29 16 20 1 3 24 19 28 35 9 27 4 36 26
14 18 27 32 36 1 0 19 9 28 30 12 33 16 38 25 4 39 2 34 5 6 29 23 35 11 21 17 26 13 7 22 8 20 24 31 37 10 3
10 30 35 36 2 21 18 26 33 29 13 19 11 4 15 37 32 38 3 24 31 23 20 25 14 5 39 28 1 17 12 9 8 22 7 27 0 6 34
30 38 25 26 35 22 29 36 32 31 7 11 20 37 24 14 5 3 15 19 9 39 13 23 16 0 8 12 2 33 1 6 10 4 34 18 21 27 28
6 32 25 15 20 13 16 26 3 14 31 4 5 22 8 2 19 10 24 35 0 29 37 7 33 36 39 1 23 11 9 34 28 38 27 30 12 17 21
6 7 31 11 28 12 24 20 25 26 15 9 34 8 21 16 37 30 23 10 18 27 29 33 17 39 14 2 36 38 5 0 35 1 32 22 13 4 3
11 33 9 30 18 19 38 35 36 28 12 22 2 4 23 17 31 10 16 6 26 3 25 14 7 24 29 8 5 15 1 13 37 27 39 21 0 34 32
28 8 6 27 35 16 3 39 4 26 9 14 0 19 2 29 11 30 5 15 24 10 12 33 34 31 7 1 25 36 38 23 37 13 20 22 32 17 18
6 8 2 26 13 0 35 25 10 36 33 17 9 11 20 14 29 12 18 37 5 28 34 3 32 15 39 38 16 24 4 1 31 21 7 19 23 27 30
11 24 37 4 36 7 14 10 35 29 20 5 13 19 28 12 26 30 15 16 2 38 8 9 1 33 25 27 39 0 34 17 32 18 3 21 6 31 22
23 13 9 37 8 19 26 11 0 35 29 2 5 38 17 3 16 7 18 21 1 33 20 25 14 31 28 4 32 39 34 30 15 6 22 27 12 36 10
6 10 18 37 22 30 17 2 14 19 36 27 13 15 28 4 9 11 34 16 20 1 23 8 24 12 26 35 21 29 3 33 38 31 32 39 5 0 7
7 34 37 22 32 33 24 21 18 16 19 17 27 36 35 5 10 0 9 23 38 20 2 13 39 12 28 15 25 29 1 30 4 3 6 31 11 14 8
36 2 15 21 31 32 10 29 26 25 35 6 0 38 39 1 19 9 11 23 28 4 3 13 8 14 16 20 24 5 34 7 12 18 30 22 33 17 37
5 31 38 21 33 19 36 29 15 10 20 32 3 25 23 8 37 13 22 11 30 34 0 26 27 4 7 9 24 14 16 35 12 18 39 1 6 2 17
36 5 13 12 3 2 30 28 27 17 24 23 16 34 1 22 37 21 31 15 8 14 39 19 6 18 20 38 26 35 33 10 0 25 32 11 7 9 4
17 31 16 32 20 25 39 34 14 5 0 29 33 15 36 38 35 2 9 10 19 3 23 21 6 1 13 28 4 7 26 24 37 12 18 27 22 8 11
0 28 30 19 1 12 27 18 4 17 38 8 33 14 29 20 16 6 32 36 13 21 24 7 34 35 11 39 15 37 9 22 26 25 3 23 2 5 10
6 18 30 14 0 37 26 15 27 12 34 9 1 17 28 16 2 38 31 33 8 13 36 22 24 4 3 23 35 7 5 29 19 25 21 11 10 20 39
20 28 12 38 10 26 13 4 22 14 30 3 16 1 15 7 31 36 11 32 8 24 19 23 35 21 18 34 9 6 39 29 2 5 17 25 37 27 0
26 7 30 4 5 32 14 6 19 8 29 36 3 2 15 38 13 25 22 35 1 28 0 11 33 21 9 31 23 10 37 24 12 18 27 20 16 17 39
5 22 16 13 0 21 3 23 17 20 24 10 26 27 9 30 2 8 7 38 11 39 36 15 18 34 12 37 33 6 25 14 31 4 28 29 1 32 19
0 8 27 29 5 1 3 12 23 16 15 37 22 13 6 4 28 39 26 25 20 9 30 17 34 33 7 35 31 38 18 32 10 11 2 21 19 14 24
7 26 23 25 11 1 24 32 0 36 9 6 29 19 17 16 22 28 14 5 18 35 3 38 34 20 21 30 31 12 39 15 8 2 33 13 10 4 27
17 28 3 33 39 12 10 20 4 11 7 24 30 15 14 27 31 35 6 16 2 34 26 1 32 23 9 29 36 37 5 0 22 21 19 25 13 18 8
1 8 10 30 13 38 21 0 36 12 14 15 27 11 35 6 29 26 2 23 9 19 17 33 18 16 3 24 22 20 31 37 28 5 25 34 4 7 32
