17 21 18 30 31 20 35 1 11 10 4 7 33 37 6 23 19 15
20 27 9 36 2 11 25 15 13 4 6 35 26 14 0 29 23 3 39 21 24 28 7 31
1 4 35 9 29 11 14 22 32 10 7 18 6 17 16 30 13 26
27 20 5 10 30 4 36 38 32 17 34 23 37 39 1 28 13 19 21 33
38 16 5 2 3 25 31 1 10 39 35 15 9 23 0 17 21 27 19 7 36
3 10 4 32 39 35 22 31 30 38 25 20 11 26 13 33 12 27 37 21 6 16
20 25 1 11 33 2 36 21 9 38 0 32 18 5 17 22 35 28
11 27 15 16 17 38 39 36 14 33 2 30 32 0 35 13 34 4 29 1 31
38 22 33 16 14 15 34 28 10 24 21 19 37 11 31 29
22 1 24 33 14 28 36 2 12 15 4 23 6 26 20 35 19
39 5 3 26 16 28 25 35 17 33 38 4 2 8 34 0 11 31
30 7 16 1 15 36 6 25 2 35 19 5 21 14 24 0 37 29 8 12 10 18 27 23
14 30 38 9 34 22 19 35 5 29 18 28 23 11 26
37 15 24 32 18 1 33 21 14 28 38 31 5 16 34 3 7 2 17
31 12 9 16 22 8 7 2 19 13 1 23 28 37 11 29 35 27 24 39 32
21 7 28 30 1 13 22 24 11 38 34 8 20 23 19 9 4 26 16 18 35 0
11 4 7 14 8 34 10 37 21 31 13 15 29 25 28 2 27 30 33 5
0 37 7 34 35 24 3 10 39 25 28 32 4 2 36 23 20 6 38 13
39 0 28 29 34 13 19 20 36 35 26 2 27 25 37 12 30 23 6 15 11
39 18 21 35 26 11 14 34 15 31 12 8 32 3 4 0 29 9
1 3 6 26 23 18 0 36 5 15 35 25 30 33 31 9 28 17 39
23 15 34 0 19 13 11 16 35 31 8 6 4 3 5 27 1 33
27 9 8 32 14 15 39 5 2 31 26 12 34 6 30
21 35 20 3 15 14 1 4 9 34 17 12 18 0 26 37 11 24
33 9 13 17 36 15 30 37 32 8 11 25 1 28 14 23
6 1 4 38 10 11 34 5 20 17 33 29 18 39 16 24 36
34 10 29 20 19 1 33 37 22 18 15 38 5 27 9 23 12 31 2
22 3 1 7 38 29 32 35 33 18 5 4 26 16 21 39 14 36 11
29 18 15 35 9 32 10 30 8 13 17 14 3 33 36 12 16 20 24 1 39 6
28 30 31 18 26 2 35 27 1 25 12 16 14 11 8 19 7 39 33
11 29 15 3 0 12 28 24 5 7 20 38 31 18 35 32 16 2 22
14 38 29 0 39 4 5 33 22 21 19 13 16 30 32 20 8 10 26 1 7
33 5 22 3 28 13 37 24 36 2 27 7 17 30 31 19 39 6 14
32 8 24 9 38 7 31 13 10 26 6 25 34 27 5 28 0 20 37 3 21 16 29
26 21 18 17 16 15 8 25 3 19 12 33 10 22 23 36 13 7 38
23 28 17 5 2 19 1 10 11 20 29 21 0 4 18 39 27 12 37 30 36 14 7 15 9 6
39 1 3 7 24 9 11 32 37 20 18 6 28 17 34 25 35 27 4
13 17 32 16 24 36 26 14 3 11 18 35 8 5 0 33 23
8 4 31 27 7 3 33 25 12 15 10 5 13 26 30 6 17 34
10 18 36 19 5 7 31 22 17 4 35 3 25 32 1 27 20 29 14 28
