14 32 19 28 11 9 17 34 12 29 16 10 15 36 26
37 5 32 13 25 14 36 26 19 38 8
34 12 29 3 19 39 5 33
5 16 36 37 2 24 4 22 6 17 34
7 3 39 34 21 19 36 13
25 10 3 1 11 39 28 6 13 24 36 16 8 2 32
34 10 31 22 5 14 3 15 9 25 23 11
4 35 28 9 16 19 33
33 28 19 5 13 15 1
0 39 7 12 6 18 22
28 5 6 23 37 36 16 0 31
24 14 5 0 16 26 23 6 38
28 14 2 26 0 9 39 31 21
34 1 18 5 8 25 4
0 17 12 11 29 6 39 30 35 1 26 24 21 20 33 37
21 19 29 39 6 8 0
3 22 17 11 25 7 5 10 0 32 39 20 18
14 24 32 0 34 16 35 3
28 23 32 13 25 21 9 16
15 0 37 31 2 8 7 1 4 24
31 25 28 14 16 22
15 35 31 24 38 37 4 18 23 14 32 12
26 25 6 16 3 31 30 34 9 20
18 32 10 33 11 21 25 6
11 17 21 3 5 39 26 14 19
5 32 20 22 1 39 18 16 33 6 13 23 29
30 22 12 11 24 39 1 14 31 28 0
30 39 38 29
33 10 29 18 12 8 31 20 36 0 5 7 32 26
28 14 15 2 35 0 34 25 27
26 27 37 14 22
20 34 28 21 6 36 19 39 22 26 37 10 12 33
0 25 1 17 18 23 28 16 21 35 36 5
28 8 23 25 7 2 31 14
31 6 13 2 17 0 4 22 29 3
21 38 7 29 14 17 32
28 31 3 37 5 10 1 4 0 32
1 19 30 3 36 10 21 31 14
35 21 27 1 11
5 27 25 15 9 4 14 24 26 31 12 2 16
