7 21 16 18 27 12 31 5 2 1 32 17 8 13 15 25 3 37 11 26 10 36 9 24 28 33 4 23 38 14 34 35 20 22 30 39 19 29 6
5 32 23 29 38 21 37 35 36 24 14 11 9 30 0 17 6 8 3 28 22 16 20 25 27 26 34 2 4 10 39 13 33 15 12 7 19 31 18
16 22 10 27 36 39 4 3 0 14 35 33 19 30 25 5 29 31 23 17 24 13 18 11 32 7 37 1 21 15 6 34 9 8 26 20 12 38 28
12 38 31 8 11 25 2 19 21 27 29 1 13 0 15 22 20 9 17 26 10 18 33 23 35 37 30 4 34 28 32 36 14 16 24 5 39 6 7
27 9 16 22 11 36 31 19 29 35 2 13 12 39 30 23 17 32 15 5 26 6 18 33 7 37 10 34 8 25 28 1 0 21 3 24 38 14 20
39 17 1 16 36 25 29 9 21 0 32 23 22 4 18 7 13 14 2 30 35 10 31 11 20 26 6 27 8 33 12 24 19 28 3 34 38 15 37
14 26 16 19 36 24 30 17 29 22 37 34 1 33 13 4 38 31 39 15 25 32 5 28 20 18 35 11 2 12 9 27 23 3 21 10 0 7 8
33 12 0 30 34 13 17 11 8 38 16 21 36 24 19 5 20 4 29 27 10 28 31 39 18 2 25 37 14 22 32 15 9 23 1 35 3 26 6
38 37 30 25 3 7 10 27 12 9 36 22 26 16 1 15 0 23 34 20 29 4 28 35 21 24 5 19 17 13 14 39 32 2 33 18 31 11 6
13 11 4 23 37 31 5 8 29 30 20 22 1 34 27 10 15 18 19 14 12 39 24 35 26 3 25 36 21 0 32 38 2 17 33 6 7 16 28
17 29 33 2 24 23 8 28 37 25 13 18 26 9 38 35 30 22 16 19 20 32 4 7 0 5 3 31 15 36 21 1 34 12 27 39 6 14 11
9 7 30 3 4 31 20 13 24 21 27 1 32 19 38 17 25 22 33 36 0 18 5 2 39 14 6 16 23 15 26 8 29 34 37 28 35 12 10
3 7 37 0 15 28 27 8 4 32 14 25 29 26 20 9 18 35 23 22 21 13 34 31 36 19 6 5 17 10 39 1 2 33 24 38 16 11 30
9 27 30 7 29 33 17 15 28 21 14 11 4 10 34 38 26 20 6 25 35 5 0 3 23 32 37 2 18 39 36 19 16 12 8 24 31 1 22
6 28 30 31 13 36 23 33 1 12 2 32 34 37 20 21 39 17 18 26 9 15 29 5 24 22 38 25 11 8 0 3 7 4 16 27 35 19 10
30 31 24 38 12 23 29 13 17 18 4 36 33 9 14 37 39 8 0 3 27 6 10 21 35 34 2 28 16 22 11 26 25 7 1 19 20 32 5
17 6 30 2 36 5 0 4 32 7 22 23 35 27 33 25 28 39 29 8 31 19 21 10 37 1 20 13 24 26 11 15 38 3 14 9 18 12 34
16 10 5 24 35 7 25 13 32 21 20 15 6 26 39 28 4 1 14 0 31 11 33 34 2 23 3 29 27 8 37 22 36 18 30 38 12 9 19
19 21 23 0 32 38 25 31 15 24 34 10 36 28 14 9 5 30 12 4 20 11 13 27 3 2 7 6 29 35 17 26 8 22 16 39 37 1 33
18 21 6 30 27 4 33 22 3 11 24 7 2 9 16 38 28 10 20 39 35 13 31 34 26 29 8 12 36 5 25 37 32 23 15 1 17 14 0
31 21 28 17 11 22 9 24 27 37 14 29 25 13 12 7 1 26 19 10 18 16 3 8 34 35 30 5 23 36 6 33 38 0 15 2 39 4 32
19 0 26 20 18 23 39 30 17 28 29 13 7 35 1 5 22 11 27 3 24 14 33 34 16 12 31 9 15 25 8 37 2 10 4 38 6 32 36
34 28 2 4 16 19 33 20 21 6 9 8 32 5 37 29 31 10 1 11 3 14 12 36 39 23 27 38 17 15 24 26 30 7 0 18 25 35 13
9 18 34 21 10 1 15 16 14 5 24 4 31 33 32 29 13 8 2 12 17 20 39 3 22 36 11 37 0 35 26 25 38 27 19 6 7 28 30
36 15 17 10 37 6 33 27 35 11 1 7 20 23 18 21 19 29 28 9 14 2 30 32 16 25 8 0 38 26 34 13 4 22 5 39 3 31 12
29 31 8 5 17 28 34 36 3 18 10 35 27 12 16 20 26 13 2 38 11 0 1 39 9 6 37 24 32 4 21 30 14 7 23 33 15 19 22
6 21 28 37 36 17 39 32 25 8 10 13 14 4 12 33 20 34 0 9 35 30 3 5 1 19 16 27 24 29 23 18 15 22 38 11 31 2 7
4 34 13 37 0 2 12 29 24 19 8 16 21 11 25 3 20 32 9 31 35 7 15 18 17 1 5 28 39 26 22 33 38 36 30 10 23 6 14
14 35 22 26 25 12 20 13 21 33 10 30 17 39 36 16 18 29 37 1 24 19 32 38 34 7 8 6 27 4 0 15 3 5 23 31 9 11 2
25 13 10 5 1 27 30 15 32 21 4 31 9 6 12 20 16 24 22 3 14 28 36 23 7 2 35 8 17 37 18 33 19 26 11 34 39 0 38
15 7 13 16 8 11 21 19 29 14 6 28 9 4 34 1 31 33 2 10 18 39 5 24 26 20 25 3 32 36 17 35 37 22 38 27 0 23 12
39 25 15 20 3 9 38 14 4 11 29 0 18 30 23 16 27 17 22 2 6 35 36 7 5 10 21 19 12 13 34 33 37 8 26 32 28 24 1
38 18 37 17 1 16 29 36 5 12 22 14 11 26 27 4 0 34 23 28 13 10 33 24 6 39 2 9 25 30 3 8 7 31 19 15 35 21 20
7 13 10 24 36 34 19 28 22 14 16 6 15 30 21 2 37 17 23 4 26 11 38 32 3 29 20 39 0 35 5 27 25 9 31 8 1 12 18
22 27 7 23 25 33 35 36 6 18 30 14 13 9 21 32 37 38 17 26 8 28 4 20 39 12 19 1 15 2 3 24 0 31 10 11 29 5 16
28 17 39 24 34 21 16 38 4 1 25 2 10 13 27 29 12 9 31 19 5 20 26 8 15 3 6 18 33 30 23 36 0 37 22 32 14 7 11
24 16 39 5 6 25 33 4 2 32 26 7 14 34 8 1 28 18 38 15 29 11 22 31 9 13 0 20 12 37 23 10 30 17 35 19 3 27 21
26 8 9 27 32 12 24 39 10 1 6 20 14 22 15 28 34 33 16 0 13 4 29 25 2 36 21 3 17 7 23 30 19 31 11 35 18 38 5
32 3 15 8 18 31 7 35 1 36 13 10 11 19 34 6 39 25 33 28 14 24 22 9 20 17 0 21 16 27 23 26 30 4 5 12 2 37 29
31 5 36 21 35 37 2 4 17 28 26 14 16 9 15 38 30 19 25 13 6 34 7 32 11 22 23 27 33 8 1 24 10 3 12 0 29 18 20
