4 6 3 11 8 13 36 16 32 14 2 9 38 28 22 1 24 27 10 37 18 33 5 20 23 15 21 25 34 12 31 19 39 26 7 30 35 17 29
36 24 23 2 30 3 4 31 32 0 17 6 20 16 27 5 38 8 22 10 7 13 39 21 35 12 28 14 25 15 33 34 9 29 18 19 11 37 26
17 23 19 9 39 1 37 0 26 34 8 27 13 15 20 10 32 25 30 6 36 33 29 35 24 28 18 21 38 16 12 5 11 14 31 4 22 7 3
15 9 39 0 26 7 6 28 37 27 17 1 21 14 10 35 5 19 30 20 12 29 16 8 34 25 22 24 4 33 31 32 18 23 36 38 13 11 2
0 21 39 6 20 34 12 14 8 35 13 18 17 1 10 29 7 22 5 9 16 31 19 33 36 38 23 3 32 11 26 37 30 24 27 15 28 25 2
29 35 11 6 36 24 19 25 1 3 13 7 4 22 10 23 27 31 38 32 37 34 8 26 0 14 18 20 39 21 30 16 9 12 2 17 15 33 28
23 4 0 31 30 5 3 33 35 8 34 12 29 1 15 7 25 32 20 18 11 2 36 22 26 10 14 9 39 24 16 27 37 21 13 19 28 38 17
28 38 27 9 22 11 3 29 21 13 31 8 39 33 19 4 16 5 34 14 6 25 32 10 1 26 36 17 30 15 24 18 12 20 23 0 35 37 2
39 24 29 34 0 4 19 21 25 6 7 28 26 2 30 33 36 1 15 22 14 20 12 10 9 3 38 27 16 5 31 18 35 23 37 32 11 17 13
7 3 22 12 38 27 2 37 35 31 10 28 19 29 0 15 32 4 30 11 25 8 13 24 18 17 6 16 39 20 36 33 5 1 26 14 23 34 21
15 12 23 14 22 16 20 28 31 9 4 36 3 37 2 11 5 7 1 8 0 32 18 13 19 6 26 35 24 29 39 34 38 33 21 25 17 30 27
32 5 15 7 0 35 25 17 12 20 38 23 31 29 10 26 37 24 9 6 18 36 34 4 28 30 33 16 14 21 13 39 19 8 22 2 1 3 27
17 39 10 9 4 33 20 24 21 35 29 6 11 31 38 18 36 34 3 32 16 27 15 8 23 22 19 1 30 7 13 14 0 26 37 2 5 28 25
26 34 21 0 36 4 7 24 2 29 5 28 25 14 18 39 32 30 20 9 16 1 10 15 19 22 35 38 23 12 37 6 31 11 17 27 3 33 8
32 38 15 18 23 10 37 4 22 0 19 29 39 3 35 34 31 7 8 13 16 26 30 6 5 1 12 27 11 24 17 33 2 9 25 21 28 20 36
10 14 16 3 11 19 37 36 34 24 18 30 32 9 20 2 6 8 38 21 39 12 31 13 23 7 26 0 22 1 25 35 27 28 33 4 5 17 29
37 15 36 34 10 32 25 0 24 18 1 7 38 29 4 35 20 12 3 31 26 27 13 14 39 8 28 19 33 9 30 6 2 21 11 23 5 17 22
12 2 36 38 33 25 28 4 3 11 24 18 1 34 31 23 22 7 9 32 19 29 30 20 26 14 13 5 37 39 10 16 35 27 15 8 0 6 21
14 38 34 22 30 39 4 35 15 31 24 33 16 17 27 37 12 36 29 13 6 19 11 10 0 9 20 23 8 21 26 5 28 7 2 25 3 32 1
28 25 35 38 34 15 24 33 2 27 8 5 39 9 20 14 7 3 31 22 21 23 18 4 32 12 36 13 10 16 26 29 17 0 30 6 11 1 37
4 37 29 22 23 12 10 25 19 32 39 15 1 38 11 31 2 21 3 16 6 8 35 13 30 27 34 18 0 5 28 33 9 17 7 36 26 14 24
4 25 23 13 26 7 12 35 8 3 20 15 19 27 1 31 24 18 33 0 30 29 39 36 2 5 16 22 6 11 10 28 32 34 14 9 37 17 38
26 27 31 9 25 20 7 24 10 18 29 33 14 32 0 38 1 19 4 8 5 36 37 17 12 23 30 6 3 13 15 35 34 21 28 39 11 2 16
6 10 2 14 21 31 20 33 27 1 37 29 11 35 38 28 17 5 19 12 22 15 18 34 0 4 30 13 8 39 36 32 24 16 3 7 26 9 25
38 29 34 8 26 19 22 25 1 5 15 12 13 35 37 31 18 16 17 28 0 33 27 11 9 32 21 2 39 3 7 6 10 36 4 23 14 30 20
19 21 22 24 35 17 30 20 16 37 34 8 5 11 29 13 6 7 2 9 33 38 3 31 27 26 0 28 1 32 18 39 15 10 36 4 14 12 23
29 33 22 37 24 13 3 34 21 2 8 32 11 7 31 35 16 28 36 14 38 5 19 6 10 15 18 25 12 4 17 30 0 27 20 23 9 39 1
33 22 7 9 38 19 23 3 34 1 2 18 29 35 30 24 0 39 12 5 16 21 28 20 8 25 31 6 14 15 36 26 4 37 13 17 32 11 10
19 7 10 3 35 37 17 9 36 8 39 0 24 23 13 27 26 34 16 32 1 29 20 18 11 25 2 22 15 6 4 21 30 31 12 38 14 33 5
24 26 5 8 20 38 22 7 36 35 25 12 9 14 37 6 23 4 13 34 11 27 18 16 30 3 39 2 28 21 19 17 32 31 10 33 1 15 0
35 6 32 18 25 1 15 37 8 36 3 9 27 29 33 13 2 20 31 22 7 14 34 12 21 23 39 38 16 17 4 11 5 26 19 0 24 10 28
33 22 6 23 36 10 34 9 7 1 18 24 12 14 11 20 17 19 38 26 16 4 5 32 35 15 30 21 8 25 27 3 0 29 13 39 37 28 2
14 37 35 11 36 30 16 0 33 22 15 34 20 1 39 26 9 7 2 13 6 12 31 10 5 19 24 38 28 17 4 25 29 3 18 23 8 21 27
27 26 31 39 17 19 12 22 23 6 7 32 18 8 35 24 37 30 4 25 2 0 16 34 21 3 36 20 38 11 9 1 15 29 10 14 5 13 28
24 19 4 13 18 26 8 16 15 38 31 25 32 6 2 27 14 17 29 35 7 12 39 3 5 20 28 30 23 33 11 37 0 22 10 1 36 21 9
30 5 32 19 25 37 28 4 11 18 9 21 24 6 12 29 14 23 33 3 34 27 16 20 26 39 31 1 2 8 13 10 22 36 15 7 38 17 0
1 17 32 16 31 15 39 13 29 5 0 28 10 8 30 12 18 22 7 11 6 4 2 26 19 33 21 38 9 24 35 23 27 20 3 25 37 34 14
16 32 26 20 14 15 39 35 3 28 9 25 2 24 23 29 30 18 10 33 11 22 5 0 34 13 4 6 12 8 38 31 17 36 27 7 19 1 21
24 14 7 19 17 18 29 9 27 34 0 20 11 22 23 1 15 12 16 31 8 5 25 26 32 4 13 30 33 2 36 10 37 3 35 6 39 28 21
8 12 4 3 33 37 36 2 18 19 7 28 20 32 14 15 13 27 34 35 1 16 29 24 9 30 6 21 5 0 23 25 10 31 22 11 17 38 26
