33 24 27 18 39 10 8 2 3 14
25 22 35 17 8 9
12 5 36 37 7 0 11
15 16 13 0 19 25
33 15 19 7 28
37 39 28 2 35 36 26 17 27 23
10 35 36 34
25 27 14 12 2 29 37 4 11
24 37 12 31 0 33 38 1
30 1
37 6 0 13 23 30
26 30 24 20 22 15 37 2 13 7
2 26 7 39 8 22 14 24 29
20 39 3 10 32 11
7 33 0 12 29 18
3 29 25 21 19 39 4 27 11 28
20 31 23 21 3 32 27
34 37 5 1
34 0 20 28 32 22 14
35 20 15 4 28 3 26 21 27
13 26 16 19 18 11 24
15 24 16 19
23 12 1 11 24 18
33 22 16 10 5
30 0 28 31 11 8 21 20 27 12 22
7 15 1 3
11 12 20 33 5 19
7 0 36 37 33 15 39 24 5 16 38 19
32 24 5 18 31 19 4 15
15 32 34 7 12 30 14
24 11 35 29 9 10
16 24 8 28 32
28 29 16 18 31 13
23 0 14 26 4 27 34 8
18 17 33 29 6
37 19 5 1 6 30 38
2 27 5 6 38
35 10 5 8 2 27 17 7 11
27 8 36 35
13 5 12 15 0 27
