14 37 22 33 25 16 19 13 4 7 5 2 30 18 15 34 28 6 1 38 20 10 29 12 8
22 31 39 15 16 5 27 36 14 26 35 32 21 28 25 0 2 23 11 37 9 34 7
25 36 34 12 18 9 23 17 5 10 22 19 31 16 0 24 3 21 33 1 8 26 6 30 15 32 38 35
16 8 34 24 38 37 5 7 15 2 36 19 35 13 6 10 14 33 27 39 30 20 22
37 15 11 34 12 6 35 27 39 16 5 17 23 21 18 0 24 28 19 14 9 30 13 29 31 32 26 8
6 23 9 15 31 22 1 2 21 33 27 4 3 0 38 10 20 7 8 28 14 16 35 18 12 17 37 30 34 19 13 39
10 27 17 5 34 4 26 21 9 39 24 25 13 35 16 33 22 23 14 32 0 3 2 19 15 36 11
18 21 8 31 17 39 28 16 13 3 0 24 37 35 29 19 20 5 30 10 14 23 38 26 33 25 32 1
35 25 7 3 36 14 34 21 19 31 24 18 29 33 32 5 10 30 17 2 39 26 0 13 38 4
26 37 29 6 2 5 32 34 35 24 17 25 14 36 23 30 31 38 4 28 27 18 20 10 22 19 1 33
6 31 19 14 30 21 34 2 37 15 25 26 39 23 11 5 38 28 17 8 16 3 7 12 0 35 36 20 22 24 33 9
33 4 16 36 21 23 38 34 10 14 24 1 26 32 37 19 6 27
26 2 4 17 29 35 34 27 16 28 21 20 25 23 38 32 24 18 36 37 30 10 19 5 33 15 0 14
25 17 15 34 28 22 6 30 7 0 14 24 38 35 31 21 39 23 3 26 18 16 4 8 27 5 36 32
37 36 0 27 8 10 25 31 13 1 21 34 9 30 6 11 23 4 29 24 5 3 7 28 12 35
31 18 13 16 39 4 29 26 38 1 5 19 34 22 35 33 20 3 10 0 30 27 25 24 32 2 12 6 23 37 21
3 33 26 15 11 1 21 22 12 7 4 28 0 23 6 37 30 2 18 29 25 32 10 5 13 20 35 19 27
30 34 6 13 7 12 21 23 2 33 27 35 31 4 19 9 20 10 37 39 24 8 5 32 25 18
7 35 15 38 27 2 20 19 37 21 33 4 8 31 0 16 12 28 39 32 13 26 5 22 9 17
23 10 30 15 25 39 0 38 33 18 8 17 26 2 34 7 3 31 20 4 27 28 12 16 6 11 29 21 5 9 37
22 27 18 23 15 35 12 31 17 28 39 7 5 37 19 24 32 36 0 16 10 34 9 3 30
7 36 22 6 17 16 25 11 10 8 12 5 18 4 27 14 24 2 34 1 13 30 29 28 31 33 23 32 19 15 26
1 20 21 0 13 36 5 24 16 15 27 31 34 26 2 33 25 6 30 29 18 10 38 9 3 23
19 26 39 5 2 17 20 29 28 11 16 4 37 36 12 6 9 10 34 27 14 33 13 1 21 7 38 15 32 22
32 34 26 3 22 6 9 8 13 27 2 7 21 37 25 12 4 33 39 15 20 11 14 17 10 36 29
2 8 13 21 14 0 19 33 6 39 27 12 22 9 26 34 36 24 10 16 15 1 31 30 17 29 7 32
9 12 23 16 15 6 24 37 22 33 19 25 1 35 10 32 38 13 28 18 2 30 8 7 11 39 36 4 21
6 31 18 20 28 4 14 32 12 1 17 22 37 5 25 21 24 35 33 15 23 19 3 36 38 9 13 16 11
27 34 29 13 35 30 31 7 12 16 32 33 23 20 38 18 36 4 0 1 10 19 5 21 26 37 39 9 14
9 39 15 28 12 23 33 34 7 32 8 16 14 21 22 0 19 4 36 25 24
17 19 37 31 28 39 35 10 13 16 33 0 38 14 15 36 9 22 7 12 21 8 26 34 2 5 4 25 3 20
15 27 10 1 7 36 30 5 28 22 17 34 14 8 20 2 18 9 19 13 32 21 25 4 39
24 34 27 39 9 28 36 12 29 8 6 37 16 1 26 18 31 20 15 35 38 11 17 2 21 4 13 7 23 25
11 16 0 17 15 25 36 5 28 19 26 29 18 6 22 30 38 39 35 8 24 27 2 23 3 21 12 10 7 9
35 17 2 4 24 6 28 13 3 32 12 15 8 9 10 22 31 14 11 25 19 37 29 39 21 23 0 30 5 36 20 1
8 34 18 4 28 12 30 15 17 20 9 6 7 37 13 27 33 26 1 3 38 5 10 32 16 2 14
2 14 21 31 8 11 22 33 1 23 32 25 9 37 3 30 28 12 38 20 27 10 6 34 29 24 26 13
14 9 4 0 30 26 27 3 18 16 23 10 7 24 34 35 36 12 32 20 17 38 28 5 1 11 15 19
18 39 15 3 19 11 12 13 33 30 28 5 9 10 26 37 35 36 0 27 32 7 23 2 22 8
23 15 29 1 38 7 4 30 6 32 19 25 20 33 34 18 10 24 13 17 8 3 28 26 5 31
