32 2 39 16 6 27 34 3 11 22 10 15 8 23 25 7 21 37 38 29 19 18 9 5 28 1 12 24 13 14 35 4 30 26 36 31
24 7 5 28 39 30 17 4 10 15 38 18 35 20 14 6 27 21 36 31 37 13 9 12 16 26 0 33 19 3 22 8 23 29 25 32 11 34
7 0 26 31 19 27 5 28 38 13 9 18 10 34 15 12 33 24 30 11 3 6 37 29 4 17 32 8 22 21 39 20 25 36 14
9 0 39 17 20 12 8 25 7 34 32 11 35 15 29 2 23 14 18 28 4 13 31 30 16 24 37 5 19 1 21 27 36 33 10 22 38
29 36 26 21 38 24 9 30 16 11 14 13 22 18 1 7 19 32 35 12 23 34 37 27 3 10 2 17 33 8 25 6 15 39 5 0 20 31
8 35 22 19 9 1 12 2 25 15 23 13 31 27 26 24 20 34 36 30 11 33 17 16 37 32 38 28 10 21 0 3 29 4 7 39 18
21 24 0 34 10 33 13 19 14 20 17 8 32 38 9 23 15 1 2 11 18 7 31 22 27 16 37 4 29 25 12 30 35 36 39
2 8 1 29 28 27 13 25 34 22 18 38 37 16 32 4 23 19 3 0 36 6 14 26 31 10 39 33 5 9 30 15
7 5 9 31 25 10 36 23 37 6 3 0 19 30 20 29 15 26 13 12 18 39 32 2 21 4 24 22 14 1 17 16 11 33 34 27
19 8 5 12 24 21 3 33 28 4 25 38 26 37 14 17 2 22 16 6 20 15 29 30 32 13 11 39 0 34 1 31 23 35 7 27 18
25 34 12 22 6 8 39 26 37 18 21 17 28 32 0 2 15 13 1 30 19 27 14 36 11 4 23 5 33 7 29 31 3 35 38 16
18 29 20 38 0 34 13 36 4 39 30 19 5 17 35 14 33 2 3 12 21 10 6 15 22 32 9 31 23 16 27 8 28 26 24 25 1
21 38 10 16 9 26 15 5 33 23 31 14 27 24 3 28 30 2 19 4 37 13 11 39 8 32 22 29 17 34 35 1 0 6 20 36 25
17 25 32 24 7 11 2 6 5 29 4 10 35 12 15 39 8 22 33 30 9 3 31 19 1 16 26 0 27 37 21 14 23 34 36 28
37 32 4 26 12 6 9 36 28 34 10 11 1 38 3 18 7 23 27 16 17 22 19 29 33 8 0 35 25 13 2 24 20 31
39 22 12 28 5 33 20 24 37 10 2 1 0 32 35 27 6 13 3 9 31 8 11 21 36 34 4 19 18 30 23 16 17 38 25 7 29
35 0 38 12 19 22 4 17 31 34 29 7 9 28 5 21 36 18 39 14 3 30 6 13 1 37 25 27 11 24 20 15 8 26 32 33 10
13 36 28 18 32 33 25 35 16 3 10 24 9 34 6 1 29 38 23 11 5 26 27 20 31 19 30 21 2 14 12 4 8 39 15 37 22
11 27 17 35 30 25 7 4 10 32 24 2 28 31 1 39 36 22 3 6 14 16 21 26 0 23 8 37 20 34 15 38 19 29 9 5
29 9 5 25 35 2 39 20 38 16 6 21 11 27 4 12 26 7 10 36 37 8 33 0 17 13 34 14 23 32 15 1 3 18 22 31 30 28
25 30 11 33 19 15 36 37 3 6 5 38 1 9 8 32 17 27 35 34 18 24 26 16 28 2 12 29 22 4 21 14 31 39 23
6 12 37 38 4 9 27 24 28 26 19 10 39 0 36 16 11 1 15 31 18 33 17 5 8 35 22 2 23 29 3 13 34 30 25 20
15 25 5 37 29 27 10 16 7 30 4 0 9 38 32 39 18 31 13 36 11 33 12 6 35 24 14 2 21 28 34 23 8 19 1 26 20 17 3
28 35 25 5 12 37 8 17 6 0 7 36 4 38 32 3 14 24 18 34 10 31 19 11 22 9 33 21 15 1 30 27 13 29 39 20
1 29 6 33 13 9 36 27 4 21 38 15 17 18 12 5 2 28 26 35 34 23 3 22 8 20 0 16 25 39 37 32 30 14 11
10 22 20 13 33 19 27 8 23 17 5 7 18 9 32 39 3 29 0 26 30 31 16 4 35 24 6 34 2 37 14 1 12 21 15 36 11
2 4 31 12 32 37 39 21 14 10 9 35 5 34 19 30 17 24 25 29 8 18 7 38 13 1 20 36 22 16 11 0 28
29 18 22 0 24 2 25 21 39 7 12 5 37 28 38 19 30 10 15 1 4 17 34 20 6 14 31 16 13 11 36 3 9 23 35 32 8
31 23 36 35 17 32 34 15 9 7 2 21 1 33 10 27 12 18 16 14 24 3 5 29 0 22 37 20 30 19 11 38 26 13
19 4 34 24 11 27 39 7 22 36 30 16 13 17 35 25 3 9 26 8 0 2 37 12 32 28 6 14 33 5 10 20 1 21 18 23 15
20 4 18 29 22 1 38 11 37 12 10 27 5 26 2 39 8 31 9 33 13 25 34 17 3 16 35 15 6 28 19 0 21 23 24 7
28 26 2 8 35 34 38 16 36 12 37 5 18 30 15 22 1 6 21 17 13 7 25 3 23 11 27 9 19 32 10 33 4 20 14 0
0 13 28 17 26 14 25 18 10 7 6 35 34 4 22 15 3 33 23 20 9 5 11 12 29 8 2 19 37 31 24 16 1 27
35 25 24 17 20 9 38 12 15 6 28 2 5 11 32 19 13 30 22 21 39 10 34 4 36 1 29 14 23 7 37 3 8 16 31
29 10 35 28 0 6 31 38 11 36 7 16 17 2 26 5 32 3 14 4 27 24 30 23 9 15 33 12 19 22 20 18 25 37 21 13 1 8
33 16 5 34 28 18 23 19 31 17 36 26 32 13 39 38 4 29 11 1 15 24 3 37 22 20 12 21 30 25 9 0 6 14 27 10
17 28 4 24 34 11 29 8 37 31 35 20 14 38 39 5 23 18 19 21 7 10 22 1 16 15 33 26 12 2 6 27 3 0 25 13
21 22 14 26 23 36 15 10 31 7 9 27 38 20 30 8 12 19 0 4 2 5 29 1 35 18 3 6 16 28 32 25 24 34 13 33 17
12 16 21 4 33 19 11 34 2 31 24 9 7 37 30 27 36 6 17 22 1 35 20 0 23 14 5 26 18 39 15 28 10 3
15 0 29 19 3 27 26 10 11 1 25 36 21 35 18 22 30 13 12 9 33 16 8 7 2 4 24 38 17 23 6 5 20
