11 2 28 31
39 14 18 9 4 33
0 34 24 16 8 12
31 34 27 36 14 21
31 39 33 30 22 23 1 11 9
24 34 33 18 26
24 32 14 36 38 22
17 36 29 38 26
17 23 11 19 2 20 14
39 11 19 24 29 1 33 4
29 23 21 28
9 0 37 26 33 13 8 4
37 35 18 2
19 24 29 11 25 36 38
17 6 1 23 25 16 19 3 8
24 33
19 22 24 25 14 2 31
14 20 35 7 8 21 19
31 1 5 12
16 9 39 13 8 17 31 14
17 29 39 27 8
32 24 10 35 17 31 3
16 32 31 27 6 4
10 8 14 4 29 34
6 5 35 31 9 21 15 16 13 2
39 16 14 13
31 11 36 5 7 32 27
22 3 20 26 32
30 10 0
10 31 9 13 20 7 33 23
28 4 31
3 18 24 29 22 26 4 21 30 16 19 0
6 21 22 38 26 27
15 4 5 11 9 29 1
5 2 3 23
17 24 21 12
6 38 26 7 3 13
11 12 39
32 36 6 7 13
9 1 19 25 4 37 20
