36 29 39 2 16 1 37
17 28 32 26 36 9 0
39 31 30 12 19 8 38 9 0 33 26
35 13 18 12 19 5 33 20
25 16 39 13 34 29 6 31
16 14 3 31 7 13
26 13 24 28 4 39 23
20 14 36 25 12 13 5 32
17 10 33 37 2 24 15
15 24 14 2 1 26 22
8 25 28 22 30 36 37 33 17
35 16 23 22
3 2 38 21 7 30 39
3 4 6 7 19 5 37 25
28 7 24 5 31 9
22 23 9 8 26 25 17 35
4 32 5 39 11 26 19 36 0
1 8 20 27 24 15 10
30 3 35 25 34
25 2 3 13 31 36 26 16 38
7 17 39 23 38 33 26 30 3
28 12 27
15 32 10 11 9
15 20 11 6 34
32 14 9 17 8 6 38 36
4 19 28 7 10 30 15 18 13
6 36 1 16 15 20 9 19 2
30 17 37 21 35
14 25 21 1 10 6
0 4
27 2 18 10 12 25 20
2 14 5 19 36 4
24 16 1 22 7
8 20 3 10 2
4 18 38 23
3 11 18 15 36 27
7 0 26 1 19 31 16 10 35 24
8 27 39 10 13 0
12 2 20 24 19 34
2 4 20 16 37 0 12 6
