17 6 35 25 38 16 28
19 7 16 2 3
14 25 1 34 7 26 15
36 25 35 1 13 21 34 29
18 13 10 9 28 39
30 29 11 18 33
0 29 39 31 23 17
1 9 27 29 17 18 39 2
23 10 25 34 11 16
7 21 4 33 23
21 8 4 14
12 15 5 8 31
30 39 26 11 36
29 33 4 3 24 23
2 31 33 19 10 38
11 18 21 30 2
1 32 0 30 8
0 25 7 39 6
30 4 15 7 31 5
1 25 20 39 14 28 36
19 25 33
10 39 23 9 30 36 3 15 27
24 29 26 38
21 8 27 13 9 6
22 32 36 13
19 3 2 17 20 29 8 0 33
12 29 22 34 38 2 35
7 23 21
36 19 4 39 0
13 22 6 26 7 25 5 3 30 31 33
18 5 12 21 37 29 15 16
36 14 34 33 18 29 6 11
24 33 16 34
14 13 31 32 20 9 25 29 5
31 26 38 2 3 8 32
3 0 26
31 3 24 21 28 19 12
30
34 22 0 39 26 14
21 12 19 7 17 38 6 4 28
