19 23 2 20 39
18 28 4 5 37
15 13 18 0 26
34 9 14 31
38 1 37 17 11 21
26 8 12 1
29 16
18 8 33 19
23 5 32 7 31
21 3 36
30 34
37 16 4 13
14 5
2 24 29 28 11
19 3 12 36 34
2 23 35 30 17
11 18 17 33 6 34 29 39
28 36 22 16 34 4 20 15
37 33 1 16 7 19 2 31 30
14 0 18 25 7
22 30 17 0
9 22 38 4
17 20 33 21
8 15 34 0 29 24
35 28 29 13 39 33 23
27 34 19
5 37 31 2
34 37 36 25
17 1 24 13
35 6 24 16 23 13 39
10 20 15 18
26 3 8 18
35 8
37 18 16 22 7 24
27 3 35 10 23 17 14 25 16
34 32 29 24 15
17 27 14 9
38 33 27 18 11 26 4 1
37 4 21
24 16 0 29
