14 35 10 36
33 29 25 10 27 35
6 3 4 37 19
23 22 7 29 2 13 14
35 27 31 34 2 18 15
22 28 25 37 34 12
28 9 2
35 23 10 34 3 17 39 29 36
37 22 35
6 17 23
14 7 0 17 1 32
16 25 21 32 14
27 14 5
24 31 15 3 32
10 0 26 11 12 34 3
26 17 13 4
11 32
15 7 10 9
22 4
38 2

11 28 29 36
18 8 3 5 39 35
7 3 25 9
30 13 37
35 11 29 28 27 33 23 5 1
15 14
4 25 12 30 36 1
6 25 21 5 29
30 25 1 3 21 36 28 7
29 24 33 27
4 39 13 37
36 16 11 10 13
34 1 30 38 25
33 7 37 4 14 5 39
7 4 25 0 22 8 1
32 27 21 0 29 7
8 34 24 5 2 31
39 19 33
38 31 22 7 34
