17 29 37 27 30 19
4 10 32 25 27 14 26 21
7 16 18
12 14 21
10 34 9 1 17 13 37 31 28 30 16
12 23 21 33 13 9 16 38 37 14 19 18 8
9 32 35 11
2 11 14 12 30 33
38 20 14 17 18 34 5
32 4 39 5 6 15
4 1
7 17 30 6
36 3 32 5 27 31 19 7 24 20
5 17 37 4
18 3 25 7 27 8 28 1 5
38 17 31 27 9
2 28 23 5 35 36 4
0 4 13 15 11 8 25
14 37 33 29 35 2 23 8 21 5
22 36 25 27 12 29 21 0 5
32 31 8 22 12 21
5 33 19 3 18 1 20
19 36 38 24 31 20 23
5 38 16 18 22 31
39 31 22 36 12
34 19 14 1 17 31
36 38 33 31 30 1 32
36 19 12 34 0 14 33 1 15
16 37 4 14
31 0 18 30 19
29 0 33 7 11 26 4
29 24 34 22 12 20 4 15 26 25 23
12 9 20 35 1 6 33 26
35 5 18 26 27 30 21 39 32 7
25 4 31 27 8 39
33 38 18 32 39 16 6
12 26 19 27 22 24 16
18 0 13 4 28 5
22 35 8 26 15 23 39 5
24 9 35 33 38 34
