32 13 19 11 25 38 28 3 12 22 29 23 35 7 36 26 17 37 8 5 34 31 18 21 9 6 33 27 14 2 16 15 30 39 20 10 4 1 24
7 28 39 22 37 15 24 16 23 4 8 32 38 18 35 19 27 31 25 29 5 12 10 36 11 26 34 17 13 21 0 3 33 6 14 9 2 30 20
22 25 10 34 35 13 29 12 14 26 27 17 3 30 18 36 37 20 32 19 6 5 9 11 15 0 16 38 24 23 33 31 21 4 39 28 8 7 1
25 33 10 19 21 11 23 0 13 26 7 28 36 6 4 30 34 5 2 31 12 39 24 16 29 18 15 22 8 14 27 37 20 17 9 38 1 32 35
18 12 14 37 27 1 20 9 29 6 3 34 31 22 21 39 19 17 30 10 15 26 11 28 24 38 13 35 25 33 7 5 32 2 23 0 36 8 16
36 30 22 32 19 24 31 12 37 14 20 34 33 17 9 21 3 27 26 39 0 1 10 7 25 38 2 6 8 11 16 13 4 28 18 15 23 35 29
10 36 13 24 12 18 9 28 14 8 32 4 3 21 33 39 37 19 30 20 23 2 0 29 31 7 5 27 16 22 11 35 38 25 17 15 1 34 26
1 35 31 25 27 26 16 38 9 17 3 28 23 0 22 8 24 14 10 21 11 5 18 39 6 32 15 19 20 33 4 12 29 13 34 36 2 37 30
34 15 24 1 22 39 6 37 33 7 23 0 35 25 13 26 30 21 31 5 3 10 29 18 16 28 38 36 14 17 11 27 32 19 12 2 9 20 4
24 10 30 6 31 37 7 4 22 23 5 13 26 21 35 20 36 28 17 15 0 16 2 29 32 18 25 3 12 33 19 39 8 27 34 1 38 11 14
26 23 3 6 9 2 20 15 12 33 29 18 34 7 32 5 37 4 14 1 39 24 19 8 11 38 30 27 28 35 16 13 0 36 21 31 25 17 22
28 12 25 35 0 3 21 22 33 24 14 39 26 13 34 36 38 16 7 37 4 1 2 18 27 10 5 17 15 32 6 23 31 19 8 29 30 9 20
13 11 23 22 4 2 10 6 5 39 0 33 21 32 16 17 38 24 35 3 31 30 36 1 37 25 18 7 9 28 29 19 15 14 8 20 26 27 34
32 28 12 22 24 6 0 2 33 3 20 14 9 11 35 8 39 30 36 4 37 18 31 29 34 38 21 5 15 16 25 23 27 19 26 7 10 1 17
36 26 4 23 17 31 2 5 6 13 11 38 7 21 22 29 20 10 0 25 33 24 34 27 3 28 16 19 8 30 15 12 32 35 39 1 37 18 9
35 8 1 10 23 37 36 39 16 32 33 18 28 34 22 21 4 9 24 3 26 2 31 0 7 25 11 13 19 29 38 12 20 14 30 6 5 27 17
7 1 22 26 12 19 27 31 15 17 18 34 29 33 3 24 11 20 32 9 28 36 38 6 25 0 5 8 2 30 13 23 35 14 10 37 21 4 39
38 26 14 28 7 5 12 2 16 33 0 20 36 4 29 9 35 39 34 24 23 30 18 31 25 11 22 27 32 3 19 8 1 6 37 13 21 10 15
4 25 39 20 30 31 6 35 33 38 1 10 24 26 16 28 2 37 34 15 23 7 0 19 3 22 11 29 17 13 8 12 9 5 21 32 36 14 27
33 3 5 20 0 28 37 25 39 16 27 36 1 34 6 4 23 22 38 2 21 18 26 24 10 7 29 15 11 14 17 13 12 32 8 9 35 30 31
24 10 19 18 4 35 13 5 38 37 34 22 17 31 23 9 6 2 16 14 30 39 26 27 7 36 3 29 15 0 32 12 25 21 33 8 28 11 1
29 3 23 22 24 11 12 28 36 6 35 5 9 26 4 14 27 37 38 7 15 0 19 8 39 32 13 34 31 2 33 18 1 10 25 20 16 17 30
2 31 1 13 5 27 12 36 21 29 16 8 0 11 9 7 4 20 14 26 19 15 30 33 25 37 3 23 18 34 28 38 39 35 24 17 6 32 10
37 10 12 14 21 15 3 1 9 29 0 7 8 31 20 19 18 6 38 32 28 26 22 17 35 34 25 11 16 2 27 13 24 36 4 33 5 39 30
29 9 13 20 1 8 5 21 6 34 30 31 11 18 27 12 36 37 7 3 16 15 4 19 10 17 14 28 32 22 38 33 2 23 25 39 35 26 0
3 2 39 11 18 7 37 0 28 19 1 29 35 8 5 22 30 12 14 26 33 16 17 38 15 4 23 31 13 32 27 9 24 36 6 20 21 34 10
10 14 17 7 27 16 37 3 2 30 9 18 0 21 11 35 5 29 22 39 8 4 19 34 1 23 20 15 25 28 33 13 31 32 12 38 36 6 24
22 7 26 4 29 37 34 30 16 2 39 19 24 33 1 5 21 28 0 11 6 20 35 38 31 14 3 17 10 25 23 13 32 8 36 12 9 18 15
1 11 13 32 33 30 25 19 0 6 17 21 3 7 38 18 27 31 9 35 15 36 4 34 39 29 37 23 16 22 26 24 8 14 10 12 5 2 20
24 21 36 38 22 2 27 4 0 23 10 1 16 25 14 30 26 17 39 3 33 28 6 37 9 18 32 8 13 19 15 7 12 20 34 31 35 11 5
38 5 32 35 33 28 18 9 27 24 26 3 39 2 12 6 29 4 22 8 20 25 13 17 16 0 10 14 37 15 34 11 31 36 19 21 1 23 7
39 22 7 5 18 14 9 36 24 16 4 3 1 23 20 12 28 0 6 37 35 8 15 17 13 27 34 25 11 32 38 21 2 26 29 30 10 33 19
39 13 30 5 0 28 36 12 1 6 15 10 2 16 23 21 35 29 9 7 24 11 17 25 31 34 27 4 26 19 20 8 18 14 3 33 22 38 37
3 19 30 28 10 13 12 11 18 5 27 17 6 8 16 15 37 29 22 34 0 35 14 25 26 38 24 7 4 36 2 21 9 39 1 23 32 20 31
8 2 35 24 27 36 5 39 4 20 10 3 16 19 11 0 18 15 33 28 38 26 17 22 23 14 13 31 37 21 32 1 29 7 6 30 25 9 12
15 7 2 30 34 11 37 38 18 20 0 1 21 12 26 25 9 39 8 28 13 17 33 31 23 32 36 27 4 22 16 6 10 29 14 19 24 3 5
5 14 6 29 22 15 32 34 31 37 3 21 19 0 24 2 11 17 9 12 28 1 13 39 16 35 20 33 8 25 38 23 7 10 27 4 26 18 30
23 1 4 35 25 15 27 19 26 5 9 36 20 8 24 6 0 21 18 2 33 10 11 22 28 31 12 29 13 38 34 3 39 30 17 16 14 7 32
30 17 29 39 35 0 7 18 1 20 28 14 12 21 11 5 19 23 34 4 16 22 10 37 27 25 24 13 2 33 8 31 15 6 36 3 26 32 9
31 32 1 25 18 38 12 19 8 15 27 34 30 11 6 4 3 5 35 29 7 26 13 28 21 20 17 10 36 22 37 0 24 2 33 9 14 23 16
