14 35 10 36 34 13 32 11 3 5 1 30 27 19 12
33 29 25 10 27 35 2 19 26 34 38 11 21 18 12 14 5 17 0 6
6 3 4 37 19 1 10 13 15 12
23 22 7 29 2 13 14 9 24 15 17 11 27 0 4 33 36 25 16
35 27 31 34 2 18 15 10 25 8 39 38 5 22 3 14 21
22 28 25 37 34 12 31 36 7 26 4 33 1 0 19 32
28 9 2 32 38 14 10 35 34 19 21 1
35 23 10 34 3 17 39 29 36 5 25 14 19 20
37 22 35 15 25 4 28 19 17
6 17 23 3 31 15 28 39 19 11 22
14 7 0 17 1 32 29 24 11 2 4 6 30 27 38 25 12 20
16 25 21 32 14 36 10 31 1 0 3 12 30 17 15 9
27 14 5 38 15 1 11 23 39 10 2 0
24 31 15 3 32 0 2 36 34 18 26
10 0 26 11 12 34 3 15 32 6 7 1 4 38
26 17 13 4 35 32 8 14 20 18 9 3 31 12 23 25 2 11 34 27
11 32 35 30 26 27 3
15 7 10 9 33 29 3 30 21 1 36 24 11 25 23 8
22 4 39 15 1 23 34 13 19
38 2 1 30 21 29 27 32 6 7 9 8 5 0 18 34
24 34 15 27 31 36 7 10 35
11 28 29 36 22 38 19 1 6 17 30 26 4
18 8 3 5 39 35 33 23 21 27 36 4 38 28 37 9
7 3 25 9 22 15 12 18 38 17
30 13 37 20 10 3 38 31 17
35 11 29 28 27 33 23 5 1 8 4 15 7 10 17 3
15 14 27 1 31 16 5 28 21 13 29
4 25 12 30 36 1 32 26 20 22 19 3 34 28 16 10 0 15
6 25 21 5 29 32 30 35 26 9 27 22 8 34
30 25 1 3 21 36 28 7 10 17 19 31 26
29 24 33 27 19 36 16 28 39 10 35 17 11 37 21 0
4 39 13 37 5 9 26 11 15 20 29 24
36 16 11 10 13 15 27 38 0 28 14 6 19 5
34 1 30 38 25 22 17 36 5 3 37
33 7 37 4 14 5 39 0 20 1 36 27 6 35 18 28 13 15 19
7 4 25 0 22 8 1 15 16 28 6 30 34 20
32 27 21 0 29 7 11 30 33 34 22 5 38 13 17 3 20
8 34 24 5 2 31 30 22 33
39 19 33 32 21 1 12 6 4 36 22 24 10 23 14
38 31 22 7 34 18 30 4 9 12
