20 37 29 8 22 36 9 27 21 13 28 11 2 31 24 3 32 35 39 18 26 34 19 6 10 7 33 1 38 12 17 5 16 25 4 23 30 15 14
32 8 39 12 37 7 26 13 35 38 24 25 27 6 11 30 15 20 9 19 21 23 16 0 10 5 22 28 33 14 18 31 29 4 3 2 36 34 17
9 15 35 17 23 10 12 25 6 8 26 31 16 18 4 27 0 13 39 32 19 36 20 37 28 38 3 24 14 33 30 21 7 22 1 29 5 34 11
33 19 35 10 39 18 14 16 30 28 20 36 0 9 8 5 23 38 15 26 24 27 31 37 2 17 22 13 29 1 21 7 12 4 25 11 34 32 6
31 21 27 13 20 26 29 37 19 12 11 30 17 28 18 16 35 2 7 34 8 24 6 32 5 9 39 38 22 15 1 10 36 3 23 33 25 0 14
18 28 21 27 12 20 39 36 26 30 13 16 10 24 17 22 3 33 32 9 1 4 14 35 29 6 25 0 11 37 15 38 34 8 2 7 23 31 19
13 25 10 2 30 9 18 7 35 15 21 1 39 29 31 28 37 19 36 4 14 0 23 27 16 34 20 5 8 33 24 17 22 12 38 11 26 32 3
29 31 12 25 39 1 27 23 36 9 28 37 10 13 26 6 18 4 32 20 8 0 15 34 16 11 24 30 19 33 21 38 2 3 17 22 5 35 14
15 39 1 0 18 31 2 27 23 13 24 30 4 3 16 11 19 7 20 9 38 10 22 36 35 14 28 25 29 21 34 6 12 37 26 17 5 32 33
33 29 11 2 32 0 19 24 15 39 7 6 20 31 13 17 3 26 10 18 1 8 23 5 34 4 28 21 37 14 30 27 35 12 36 22 16 25 38
13 31 30 15 20 3 26 2 18 24 22 6 14 39 5 25 7 16 23 17 9 33 8 0 1 37 12 28 32 29 35 34 19 21 4 36 38 11 27
21 9 22 29 17 16 4 30 26 23 0 39 1 35 19 18 8 27 13 15 7 33 37 38 36 25 20 5 12 14 32 31 24 34 3 6 28 10 2
30 7 5 21 20 1 2 23 37 4 31 15 26 38 35 27 16 14 36 39 33 10 24 17 8 0 32 34 11 6 13 25 3 18 9 19 22 29 28
6 10 19 4 20 32 22 24 5 0 1 39 14 23 7 9 31 26 8 34 2 33 30 25 35 27 29 11 37 18 36 28 16 21 15 38 17 3 12
36 37 31 34 35 33 3 10 25 18 13 22 12 32 19 15 20 6 30 23 8 1 5 39 9 16 26 29 28 24 2 11 17 38 4 7 27 0 21
8 10 24 2 21 20 37 19 39 12 9 33 36 32 38 6 1 14 3 16 26 7 18 11 28 23 31 35 27 29 13 4 34 22 5 25 17 30 0
35 11 28 36 3 30 5 22 39 10 4 2 38 12 31 17 8 34 23 15 1 29 24 7 26 20 21 6 14 13 19 32 0 33 18 25 9 27 37
35 20 2 34 11 25 27 30 26 37 4 5 24 19 9 10 16 22 23 29 32 18 21 28 38 36 12 3 6 0 13 7 14 8 15 39 33 1 31
5 19 8 3 10 24 22 6 30 14 26 4 28 2 7 21 27 9 31 39 0 11 35 23 17 38 15 37 33 34 25 13 1 32 20 29 36 12 16
20 18 3 35 13 37 33 9 25 4 15 29 17 30 32 14 22 2 1 34 11 8 6 0 36 27 21 38 26 39 7 16 10 31 28 23 12 24 5
0 19 25 4 17 13 37 38 15 10 5 12 30 23 24 31 27 9 3 1 7 8 14 36 39 2 29 26 16 6 11 18 22 21 35 34 28 32 33
4 5 11 30 36 15 12 31 23 0 38 24 33 35 18 6 27 32 1 25 17 26 19 9 16 28 22 8 13 7 34 10 29 2 3 20 39 37 14
36 11 0 13 10 25 38 16 18 14 5 17 19 30 26 23 8 33 1 35 27 21 32 39 34 4 3 6 29 28 15 2 20 9 7 12 24 37 31
30 2 20 21 12 31 26 36 29 7 27 38 11 13 8 10 39 3 17 16 1 18 22 35 9 14 6 15 32 28 25 19 37 4 24 34 5 33 0
26 30 15 20 13 10 37 9 18 36 21 5 17 35 1 32 8 38 0 34 33 25 29 4 39 27 16 3 12 7 6 14 28 2 11 31 23 19 22
32 20 27 6 7 17 28 2 19 22 14 39 10 1 34 26 29 24 37 38 13 21 33 18 8 5 11 23 31 12 36 15 30 0 3 16 35 4 9
24 32 4 37 10 5 28 23 17 1 11 12 2 18 7 38 13 25 9 29 0 22 39 3 31 33 15 21 27 20 16 19 14 35 34 8 36 30 6
32 4 25 5 37 17 0 7 23 8 12 33 20 36 2 1 18 21 35 11 13 24 26 19 38 6 3 22 15 31 9 30 28 39 34 14 16 10 29
5 29 33 25 16 30 26 36 7 3 4 34 18 38 0 6 35 15 1 10 8 37 31 9 2 17 13 23 21 14 24 19 22 32 39 27 11 20 12
7 35 9 28 0 11 4 39 23 19 25 6 26 33 24 36 17 34 32 16 13 20 8 5 30 31 10 15 38 1 14 3 22 21 18 2 37 12 27
23 37 24 10 12 21 20 17 5 28 16 35 11 6 4 3 33 18 31 19 8 1 22 38 13 14 34 36 29 7 32 9 2 27 25 39 26 15 0
4 34 10 7 14 21 36 23 12 33 8 20 37 2 30 38 9 35 32 13 16 0 18 6 26 28 15 3 1 27 29 39 19 25 11 24 22 17 5
25 27 1 26 13 9 35 33 36 31 24 15 19 14 2 0 21 7 17 34 29 38 37 5 4 23 10 22 30 18 16 12 11 28 39 8 6 20 3
9 3 35 36 28 39 19 14 31 32 15 30 27 21 34 38 13 24 29 10 5 22 25 26 12 0 18 1 11 7 37 6 2 16 4 23 17 8 20
31 36 17 14 37 28 33 25 13 4 24 19 16 32 39 29 0 38 7 18 30 9 6 35 8 22 10 21 12 26 15 1 5 11 20 23 2 3 27
38 19 29 33 17 2 3 16 32 14 30 1 12 31 21 24 6 4 0 11 27 18 28 13 23 8 22 15 5 34 10 39 26 9 36 20 37 25 7
14 34 22 33 21 5 0 16 31 28 23 15 7 24 37 27 32 12 3 29 39 2 6 8 20 19 30 13 11 17 38 25 18 4 10 1 35 26 9
30 14 0 19 20 26 27 4 15 1 39 24 12 17 31 36 34 7 38 25 6 32 10 13 18 2 28 11 9 3 33 8 5 23 35 21 29 22 16
35 20 22 21 12 23 1 28 31 37 26 16 15 33 24 25 3 30 8 32 18 34 27 19 11 17 2 13 4 29 36 0 7 39 6 5 14 10 9
8 1 29 7 5 33 3 37 15 10 16 9 25 13 11 2 6 23 18 0 12 36 34 26 24 20 14 4 19 31 22 35 38 28 30 32 21 27 17
