8 21 4 31 29 33 18 12 15 22 14 11 32 34 27 9 26 38 20 2 1 19 30 6 5 35 25 16 7 3 28 10 37 23 24 36 17 39 13
32 31 37 20 4 12 29 18 19 39 10 33 5 6 35 36 17 9 26 22 8 0 24 21 25 15 13 3 14 27 28 7 2 34 16 30 11 38 23
34 4 38 37 31 35 30 27 23 20 17 14 10 7 25 16 11 13 22 32 39 33 24 26 29 5 0 9 21 6 12 19 1 28 18 36 8 15 3
17 14 31 36 39 25 13 10 9 29 35 27 12 8 19 38 4 7 15 24 26 34 30 1 22 23 32 6 0 33 5 20 16 11 18 21 37 2 28
0 2 12 17 9 22 16 1 23 5 28 36 37 8 25 3 7 11 6 18 29 13 39 10 30 33 14 31 35 32 19 20 38 24 26 21 27 15 34
36 37 15 17 28 32 7 4 19 14 31 25 16 8 6 1 23 39 20 27 2 35 12 38 29 10 30 0 26 21 11 3 24 13 22 33 18 34 9
7 12 10 35 33 8 19 11 31 5 1 21 26 4 22 38 23 14 2 18 0 20 28 36 25 3 30 39 13 24 32 37 29 17 15 16 9 27 34
14 19 26 6 27 33 22 34 20 37 5 15 2 10 35 3 18 4 23 21 8 29 12 17 31 36 32 9 25 1 0 28 11 30 39 16 24 13 38
0 29 16 28 10 37 6 9 13 3 20 5 38 39 27 4 19 26 1 18 15 21 12 23 33 7 34 36 14 30 17 25 11 22 24 35 31 32 2
10 36 13 39 4 31 35 3 29 33 27 8 14 15 22 28 34 0 18 1 17 19 2 26 21 38 23 7 20 16 37 30 25 12 24 11 6 32 5
9 28 27 17 15 21 29 6 8 3 37 23 1 2 22 7 12 26 33 34 13 4 39 5 30 14 38 19 25 11 16 32 35 0 20 36 31 18 24
26 34 14 23 33 22 27 37 29 17 21 25 35 0 6 2 30 4 36 20 13 31 28 24 16 18 19 15 8 39 10 7 5 12 3 1 32 9 38
27 33 28 39 13 4 6 38 21 0 1 3 14 10 16 37 20 36 30 31 5 34 8 22 7 2 32 15 24 18 35 17 25 26 19 29 11 23 9
16 22 9 33 37 12 39 3 35 28 25 8 34 2 17 36 21 10 38 4 11 24 1 32 19 15 29 31 23 30 20 6 5 26 14 7 27 18 0
7 3 11 21 33 25 34 23 5 0 2 17 9 18 12 29 16 6 4 31 1 8 10 35 38 32 20 30 27 26 15 19 37 13 22 24 36 28 39
34 10 19 25 5 37 0 33 28 23 17 7 9 31 22 29 32 3 21 8 38 27 35 18 1 30 39 12 13 16 11 14 26 36 24 20 4 2 6
13 33 8 37 38 21 34 4 23 28 5 31 2 12 24 14 19 17 18 11 39 27 36 26 32 29 15 9 0 35 10 1 25 20 22 3 7 30 6
3 10 36 26 33 39 4 5 28 11 24 18 15 2 14 32 21 35 20 13 1 9 22 16 25 7 8 19 37 12 31 34 30 0 29 27 23 6 38
20 0 37 35 28 26 32 17 1 31 30 27 36 19 14 33 39 9 7 29 8 4 21 16 24 15 11 6 25 12 23 22 2 3 34 10 38 5 13
24 7 32 37 15 39 20 35 23 6 26 1 5 29 27 3 18 33 8 30 9 16 0 11 36 2 13 21 17 4 10 22 28 14 25 12 31 34 38
18 23 27 1 24 37 7 19 2 35 31 32 34 8 38 17 5 21 12 0 36 39 11 25 14 6 30 9 13 33 3 4 15 10 16 29 28 22 26
0 22 39 10 12 16 14 11 30 29 27 32 31 38 17 26 37 6 36 15 13 33 20 7 18 8 2 34 1 35 9 23 19 25 5 28 4 3 24
13 21 11 29 25 4 7 0 38 9 15 10 2 32 30 1 6 17 12 34 37 35 27 33 24 3 8 39 36 19 18 28 16 23 14 5 31 20 26
39 20 29 11 34 16 10 19 4 15 2 14 38 25 33 5 7 32 30 27 6 26 8 24 21 9 13 37 31 3 18 35 0 28 12 22 17 1 36
19 39 35 20 17 30 26 32 33 3 37 16 25 2 36 1 13 31 11 18 23 27 12 38 22 29 8 5 15 6 4 0 7 14 28 21 9 34 10
33 3 30 15 22 14 13 11 5 23 2 4 28 24 31 39 27 1 20 17 29 18 35 8 34 7 0 21 12 10 6 19 16 9 26 36 32 37 38
11 7 17 27 18 31 19 24 35 29 38 21 6 10 37 0 1 8 3 2 23 28 9 39 16 34 5 32 14 33 15 30 36 12 25 4 13 22 20
12 10 20 28 11 26 7 3 9 21 2 18 39 19 32 30 0 8 31 5 33 23 15 25 38 24 16 34 22 1 35 14 36 37 4 29 17 13 6
10 12 27 8 17 5 18 13 37 16 15 4 33 31 9 32 39 29 25 36 26 11 34 6 1 2 7 19 0 38 30 35 22 21 20 23 24 14 3
37 39 8 23 0 22 10 11 35 3 9 21 1 19 26 15 30 28 18 14 38 2 4 5 7 25 13 16 24 33 32 31 12 20 17 36 6 27 34
36 25 21 2 34 18 24 31 11 27 29 33 22 23 12 19 35 4 3 39 15 38 10 0 37 8 5 20 14 13 32 9 6 26 28 17 7 1 16
3 0 1 2 9 26 18 34 5 21 6 16 15 37 20 30 28 36 39 27 25 38 11 33 12 4 24 14 32 7 13 23 17 8 29 19 10 22 35
1 33 37 19 39 5 18 35 34 21 20 27 17 0 28 2 24 15 22 23 31 13 12 4 14 38 16 36 7 3 26 30 29 8 10 6 25 11 9
25 32 12 16 13 11 0 17 35 7 14 6 9 15 28 1 18 19 36 23 38 24 30 10 21 2 27 31 4 8 22 39 34 26 29 20 3 37 5
2 15 35 11 38 7 23 16 14 32 30 31 13 20 9 0 10 3 21 12 22 8 27 28 25 26 17 33 37 1 36 19 18 24 4 5 6 39 29
34 24 13 33 18 9 29 6 19 32 2 3 38 20 11 26 17 1 7 30 5 36 15 4 22 14 21 25 39 0 12 27 37 8 16 23 10 28 31
30 9 5 37 3 17 39 4 18 33 31 1 21 13 12 11 20 28 35 24 8 16 19 38 7 32 6 27 22 15 26 25 2 0 34 10 29 14 23
29 32 36 13 19 11 2 5 16 18 1 20 15 8 10 28 7 31 4 21 26 24 12 39 22 30 23 17 9 38 35 34 27 14 0 6 25 33 3
34 2 12 16 23 35 22 21 26 8 20 33 3 0 15 31 29 13 6 27 5 30 36 14 10 32 9 24 39 37 28 4 1 25 19 17 7 11 18
23 29 24 3 12 21 9 13 17 32 19 36 1 27 8 18 2 28 5 31 20 4 25 37 30 26 10 16 15 38 35 33 22 11 6 7 0 34 14
