36 37 39
39 22 3
23 24 29 7 14
11 9 18 8 23 1
14 5 30 16 32
39 4 31 13 23 12
29 20 35 36
9 39 2 31
21 3 20
12 3 7 10 23 14
16 34 9 37 31 21
3 37 20 17 16
9 30 27 21 36 14 20 5 23
21 35 32 5 22
35 4 24 37 12 38 36 33 2 9
38 22 23 35
10 21 37 32 4 11
28 11
3 23 36 31
38
27 6 12 11 8
12 13 35 8 16 10
1 35 13 26 15 31 38
2 3 18 32 27 5 39 9 12 15
27 14 2
26 38
25 22
24 12 39 20 23
17 30 39
39 6 2
12 4 28 34
5 7 18 34 10 22
13 23 16 4
35 14
10 30 31
33 14 21 13 22 6 15
12 14 0 18 6
14 16 11 0 10
25 15 14 19 22
29 1 5 27 7 23 0 28
