10 39 30 9 27 6 22
24 6 26 3 22 15
37 13 4 11 32
11 36 1 15 39 12 5
13 2
16 9 20 18 29 7 38 6 32 3
24 1 0 5 9
34 27 31 12 16 5 20
15 20 32 27 37 38
31 24 34 5 18 11 25 0 23 13 28 20 22 6
0 22 26 19 21
19 3 37 2 26 9 30
18 34 38 32 27 7 39 3 28
4 2 9 38 32 31
24
34 8 35 3 19 30 1 23
5 27 7 20
19
12 9 5 21
11 29 38 17 27 30 10 15
8 5 39 9 16 34 7
30 35 18 26 10
10 36 31 1 0 9
31 9 37 15
1 6 9 14 26 39 32
9 37 38
10 24 1 11 30 21 38
28 37 7 8 16 12 30 19 36 0
27 30 39 9 34 12
38 33 19 5
28 21 0 27 19 26 11 15 37
9 23 7 22 13
38 8 12 24 13 2 5
29
15 35 9 7 12 20 28
34 15 21
22 3 27
2 39 27 11 8 25 23 30
32 29 12 19 8 13 25 5 26
37 0 24 28 20 12 3
