35 34 3 6 19 30 32 28 7 39 16 24 12
17 21 13 33 23 10 6
29 20 12 4 22 13 17 25 30
34 27 14 10 26 0 33 22 20 36 4 28 24
11 27 2 15 20 31 18 29 22 3
12 21 25 22
35 11 38 39 25 0 37 21 32 8 14 24 34 36 1
38 30 15 13 19 14 0
13 20 24 33 26 6 30 18 12
34 17 30 35 18 14 25 15
13 3 31 22 30 1 34
6 4 20 25 24 32 19 16
5 2 21 13 28 37 20 35 14 8 34 0
10 18 8 32 1 24 12 2 7 30 36 29 23 26
28 3 19 21 23 9 7 39 6 12 24 34
27 7 19 4 23 22 9 29 30
22 39 30 0 11
1 9 37 21 39 2 32
13 22 36 21 4 9 8 20
35 25 14 0 15 38 7 11 24 39 26 20
8 11 2 24 4 37 3 12 35 19 18
26 25 1 14 12 5 6 38 28 18 17 34 23
18 16 3 2 4 38 10 24 15 5 27 29
14 37 15 21 35 1 28 13 33
8 36 20 13 11 6 22 19 14 3 0
21 29 19 27 37 6 33 28 5 11 35 9 2 34
21 3 8 37 34 19 13
3 15 33 25 4 29 35 30 22
14 25 35 12 21 39 0 23 3
32 2 25 27 4 13 15 22
7 9 0 32 13 16 10 8 27 15 38 2
38 10 33 36 4 34
38 29 39 13 0 30 11 6 37 17
27 31 25 3 8 1 23
3 9 0 39 31 21 37 25 26 6 14 10 12
6 19 0 9 28 25 12 20 27 23 39
24 37 31 18 3 13 6
17 25 36 6 12 20 23 34 26 32
32 7 31 6 19 21 22 30
6 32 16 34 28 14 17 19 0 35
