32 34 36 11 17 33 3 37 18 35 8 13 24 12
34 13 16 10 4 33 39 31
15 29 24 4 25 16 19 38 39 30 14 18 8
29 36 6 33 32 39 17 28 0 34 16 8
22 19 5 20 2 26 18 11 28 6 1 8 15
20 33 35 4 17 39 37 26 27 36 11
32 3 23 34 33 37 13 9 4 29 18 38
10 27 25 24 16 29 32 21 37 30 12
12 27 33 16 34 23 35 18 28 37 15 25 32 3 0 38 4 9 24 2 11
14 26 12 31 21 6 20 30 8 16
7 19 12 21 39 32 14 38 15 22 1 11 34 35
28 14 33 0 4 21 13 27 10 39 31 5 26 8
19 8 10 9 16 35 37 22 39 23 7 14 18 0
1 28 21 34 6 11 33 18 35 0
9 11 36 39 21 10 33 37 20 2 12
33 2 23 39 29 10 8 35 17 18 36 16 4
8 28 36 12 7 22 2 21 18 1 3 34 15 9 30
22 30 5 3 32 0 35 25 15 26
8 16 4 24 0 13 15 39 2 12 6 29
12 10 4 2 24 37 21 20 25 28 23
26 5 4 21 30 31 34 9 14 19 33
22 13 10 14 33 24 20 16 30 11 9 7 19
4 21 17 36 16 39 12 31 10 38
39 8 27 29 15 6 36 25 12 19
7 2 21 33 18 19 29 32 0 8
7 2 23 8 17 30 34 19
9 20 4 17 38 5 11
8 7 29 23 37 28 11 35 5
11 13 16 38 34 31 8 39 27 3 4 19
3 33 27 2 23 7 35 31 38 15 39 6 37 24 18
39 37 17 31 21 20 38 35 25 9 2 7 16
37 30 28 9 29 22 20 33 11 1
36 0 6 3 17 7 10 8 24
15 8 29 3 5 21 11 6 14 0 24 31 13 1 37 20
1 13 8 0 28 6 3 20 10 16 25
36 5 8 12 29 39 17 30 27 15 0 13 10
3 32 39 22 14 35 16 23 0 38 15 5
31 30 27 12 8 6 5 0 14 19 7 29 33
28 2 39 10 29 30 22 26 36 8 6
30 23 36 14 3 38 2 10 22 5 15 28 35 12 11 29 18 1
