23 30
34 33 30 26 10
37 14 3 11
18 9 10 6 2 35
30 28 27 6 18 17 21 32 36
15 28 7 37 14
28 22 34 17 4 26 20 3 25 37
31 32 5 14
12 31
11 36 3 20 19
12 23 3 1
9 15 24 22 36 2
8 10 19 15 16 32 35
33 23
22 29 18 34 15 16 38 2 7 5 26
5 11 39 14 12
31 14 37 32 12
26 6 4 30
22 3 14 4
27 12 33 22 9
38 6 9
4 34
14 6 18 38 11 36 19 39
0 10 28 13 32
11 34
26 6
17 25 6 30 1 14
19 35 4 36 39
6 4 5 23 38
14
34 4 0 17 26 1
7 16 8 34
7 16 23 4 12
34 13 19 1 36
33 30 6 14 1 24 31 21
27 3 12
9 27 11 22 4 33
2 5 16 6
20 22 28 14
15 22 27
