19 14 17 39 22 35 7 15 12 4 29 18 27 21 13 31 11 34 33 30 9 38
6 38 14 10 39 11 8 37 2 5 32 16 18 29 34 7 17 30 27 35 24 4 31 36
14 35 26 25 33 32 38 7 36 29 21 1 16 17 31 4 30 8 13 39 20 10 23
38 15 34 5 16 4 31 30 13 35 23 8 36 12 28 25 14 22 26
24 38 39 22 27 30 29 0 15 5 3 19 2 8 18 6 32 14 17 35 1
37 26 28 21 20 9 23 8 3 32 4 27 15 1 13 35 7 16 19
1 28 18 17 37 24 34 15 26 39 12 23 11 27 9 19 4 8 13 33
0 26 21 2 25 36 22 29 38 15 16 1 5 37 13 12 39
20 38 5 29 1 21 37 12 3 2 4 14 28 25 6 16
18 15 19 23 5 20 12 24 26 6 29 0 13
31 28 13 1 29 15 37 18 11 23 24 2 17
21 36 30 23 28 1 25 34 39 10 27 35 6 0 19 15 33 20 38 26 16 24
28 35 26 39 0 17 24 30 9 22 6 8 21 19 16 33 25 3 7 14 20 23
15 10 32 25 28 20 29 3 0 35 23 33 17 5 2 19 7 9 39 6 31
2 33 0 39 1 22 16 35 15 38 23 36 31 29 28 8 32 21 34 4 12 19 3
13 3 9 23 10 0 14 26 6 30 4 36 5 11 7 27 29 32 34 37
17 14 30 18 29 35 3 31 36 2 12 1 7 34 11 33 5 8
0 18 6 16 25 22 12 23 36 2 32 35 21 13 1 33 37 4 10 29
6 17 9 33 16 27 21 0 10 34 36 1 4 31 25
0 24 28 9 22 32 4 11 12 31 34 6 13 37 14 39 36 29 33 5
38 5 35 8 32 9 24 13 26 33 39 11 2 22 12 37
11 30 5 7 22 35 18 8 28 36 0 2 32 39 12 17 23 31 37 33 14 26
38 0 27 14 4 21 17 19 31 12 39 7 37 25 32 34 20 3
26 25 11 36 15 9 27 14 5 17 3 6 35 13 21 30 10 31 38 28 2 12
28 31 4 27 19 6 12 20 26 38 9 1 10 30 11
30 23 13 2 39 17 11 26 27 7 22 31 12 3 8 28 38 18
23 5 2 12 7 30 36 15 6 25 29 24 32 38 20 9 37 33 11 21 28 34 3
22 24 37 4 23 18 25 0 5 11 6 34 15 1 28 31
12 6 24 10 5 11 19 13 21 14 39 3 8 23 25 27 26
10 4 16 0 8 26 13 38 2 14 37 7 9 1 33 32 19 15 17
25 21 38 39 11 4 35 16 26 15 12 3 2 23 0 1 37 24 36
32 10 24 33 36 22 3 16 14 0 2 25 19 21 23 38 39 18 27 34 1 13
31 13 38 20 2 5 37 26 19 21 1 17 39 14 22 4 29 34 15 35
14 31 18 2 20 13 0 11 12 26 21 29 17 16 19 6
3 6 11 18 37 38 35 0 19 27 16 1 22 14 32 31 26 15
2 12 0 39 30 20 14 37 16 21 34 3 13 11 23 17 38 5 1 4 32
11 23 38 31 26 37 2 15 17 14 21 7 16 18 3 19 30 1
5 27 6 39 35 10 34 36 32 1 8 22 29 26 21 38 7 17 19 30 20 15
1 22 30 20 3 4 32 36 8 14 2 34 29 26 24 39 7 35 31 11 37 0 23 25
0 14 30 37 4 25 1 35 12 11 6 22 21 20 28 38 32 2 31 19 13 7
