12 5 30 28
3 27 13 6 2
35 15 23 18 36 9 24 1 26 27
15 23 33 22 30 17 13 1
18 12 39 38 9
0 17 33 12 29 18 31 30 32 20 11 15
19 1 15 35
33 31 19 34 37 27
23 24 14 27 15 19 25 30 11
27 15 21 39 2 28 24 4
25 38 33 34 39 37 23
31 17 5 34 8
0 35 5 24 25 4 34 37
20 36 28 3 1 18 24 34 33 35
20 8 19
3 9 2 26 30 27 33 8 6 35 37 5
19 28 31 18 17 30
5 11 3 30 21 16
4 34 39 5 16 2 13 35 36 25
16 28 7 33 6 24 27 14 22 8
13 23 14 25 28 39 5
26 9 33 30 17 36 28
3 23 29 19 37
8 3 20 22 37 2 10 34
37 12 8 19 38 39 33 2 13 9 35
10 12 20 26 32 34 36 8 18
21 25 15 38 2
9 19 1 8 15 33 36 7 2 32
36 16 19 39 13 20 31 30 21 9 34 0
5 22 38
3 17 28 35 15 21 5 34 37 0 16 8
7 16 11 28 38 5 35 36 39 37
34 25 5 27
7 5 38 3 19 10 21 24 15 27 13
18 7 10 30 12 32 28 25 13 11 23 39
12 2 38 30 31 15 18 36 24 6 13
28 13 2 21 31 27 25 35 18
24 23 7 30 10 15 22 31 12
33 10 24 26 35 31 29 4
18 28 9 24 10 20 4 31 34
