1 30 8 39 37 14 5 29 23 13 11 28 3 27 20 18 16 12 4 21 33 19 24 22 6 17 38 9 15 26 32 2 7 25 35 36 31 34
0 39 6 10 7 5 18 14 22 19 17 38 33 4 2 34 23 15 26 11 25 24 30 37 29 12 21 8 35 3 9 28 36 20 13 27 31 16
20 32 5 38 27 36 8 15 21 6 31 3 29 1 19 10 23 34 16 24 4 28 35 26 7 14 18 22 39 0 13 37 33 9 12
16 10 27 21 14 39 7 11 2 26 6 37 9 18 28 0 13 30 32 36 25 5 29 22 20 1 38 19 15 23 12 33 24
14 18 13 5 16 36 37 8 11 39 1 9 19 29 10 38 25 0 6 21 20 2 7 34 35 31 30 32 24 28 33 15 17 12 22 23 26
2 4 22 1 0 35 17 13 34 9 14 25 24 27 33 18 39 31 8 15 10 37 30 36 19 16 23 3 21 29 20 38 26 32 11 28
31 1 9 38 15 32 34 2 3 29 33 20 27 10 25 11 4 23 28 16 24 26 30 0 17 7 19 8 39 14 13 18 35 37 22 21 36
25 10 1 8 20 37 11 12 32 3 18 28 31 15 30 24 13 16 27 34 14 4 21 36 29 17 6 9 2 19 26 0 35 38
0 31 7 2 22 23 4 32 11 37 5 35 30 13 26 38 18 39 10 34 33 25 29 1 21 15 6 28 27 16 24 36 19 17 20
10 6 19 30 11 33 32 5 4 14 37 23 3 12 34 29 17 13 25 35 26 7 0 1 20 21 15 36 28 2 31 27 24 38 39 22
7 9 1 16 3 27 12 19 39 26 17 20 35 30 13 22 37 2 23 4 32 38 18 28 25 6 31 24 5 21 15 8 11 36 14 34 29 33
13 16 9 33 7 21 4 12 20 8 3 22 25 38 18 0 1 24 6 17 29 26 36 30 27 23 34 37 15 14 10 31 35 28 5 32 19
17 21 36 10 7 30 27 35 11 16 24 9 15 33 28 32 0 31 37 26 1 23 13 25 34 29 2 39 4 14 38 3 18 19
11 4 24 29 17 21 27 36 5 33 35 19 20 25 10 0 32 15 7 34 39 3 8 38 37 9 26 12 28 31 2 6 1 18 22 14
31 4 0 1 3 32 34 5 9 38 25 16 30 15 19 39 23 28 26 7 27 35 21 11 2 37 33 10 6 24 18 17 12 13 22 36
6 35 24 2 32 27 7 34 31 22 29 14 12 38 13 1 36 5 26 19 25 10 16 23 11 8 33 0 17 21 28 9 20 4 39 30 3 37
23 10 30 4 3 11 33 22 12 14 34 35 37 0 7 18 2 6 28 5 15 38 25 19 36 27 26 39 20 8 21 32 1 31
31 12 18 13 22 37 5 26 35 1 24 10 19 21 23 32 34 11 20 9 38 39 25 7 6 0 30 36 15 29 4 14 27 8 33
23 29 4 17 1 20 27 37 19 21 25 7 34 26 5 32 11 30 3 10 0 16 8 36 24 31 39 2 35 14 33 6 13 38 12
34 20 37 9 26 10 1 18 13 4 17 29 31 2 32 14 30 21 38 39 15 5 0 24 16 7 27 6 3 33 8 28 36 11 12
35 2 24 22 19 23 39 7 18 31 26 11 10 13 6 0 34 17 21 4 29 36 32 27 33 3 5 9 25 15 38 16 1 37 8
12 13 37 3 11 18 2 39 17 26 30 32 33 19 23 24 20 0 31 4 10 35 7 1 14 5 28 8 25 36 22 9 15 16 34 27 38 6
20 5 37 17 8 1 38 24 11 16 32 10 26 15 25 31 29 34 23 27 36 33 0 3 2 39 28 21 30 13 4 35 14 6 9
18 16 35 20 39 33 8 27 9 38 36 17 24 0 10 1 34 2 14 21 26 6 22 37 11 15 5 31 12 32 28 30 3 4 25
29 20 13 15 28 17 32 27 5 22 23 26 12 7 11 21 39 10 2 33 25 1 6 38 18 0 19 35 37 4 14 8 36 30 31 9 34 3
7 28 5 36 18 14 13 29 37 11 22 38 4 10 33 6 1 31 34 15 17 24 30 9 3 16 8 39 26 35 21 12 27 20 0 23
35 28 19 33 17 10 20 21 24 31 3 18 22 1 15 23 30 8 11 32 27 14 6 12 9 2 13 25 7 5 0 16 36 39 37 4 38
32 2 31 10 13 3 33 18 12 24 23 15 5 6 0 34 7 26 22 39 14 11 37 20 19 30 28 36 16 25 35 8 17 1 21 9 38
26 31 36 24 25 32 30 7 35 37 12 0 3 10 38 29 14 33 39 6 2 16 21 13 27 1 23 8 22 11 4 15 9 5 19 34
24 18 13 39 38 0 25 19 31 2 6 4 32 22 15 35 9 28 11 1 20 37 3 8 7 5 36 17 12 10
0 16 38 9 12 28 21 10 31 7 14 18 19 8 26 3 11 5 1 39 25 6 35 32 4 27 17 36 37 22 33 15 23 34 24
17 36 6 34 14 27 8 28 20 2 37 19 26 29 7 30 15 22 5 32 25 21 10 12 33 18 23 4 13 11 35 9 39 0 1 24 16
33 2 27 9 6 14 7 28 24 8 15 36 34 22 21 29 17 10 18 19 37 13 12 31 39 26 3 20 30 35 23 4 38 5 0 16 11
32 11 26 39 9 27 23 35 13 1 38 16 21 5 12 6 25 28 36 31 24 0 8 22 20 15 37 14 19 4 18 30 2 10 17 3
31 19 5 6 14 18 32 35 15 16 1 23 17 9 22 2 13 27 20 7 25 39 4 8 11 38 12 30 21 10 28 36 24 0
20 26 23 15 5 33 17 13 12 37 10 34 28 16 8 29 21 39 2 9 30 14 32 4 1 24 36 25 11 27 18 31 38 0 6 7 22
31 4 12 28 2 13 25 23 32 15 38 11 33 37 5 18 20 22 3 7 16 35 29 17 10 27 21 1 30 26 9 8 24 19 0 34 14 6
22 19 4 0 7 21 17 18 35 9 31 25 8 10 3 28 32 39 16 12 23 5 13 36 1 29 27 11 24 33 38 14 30 2 26 15 6 20
2 30 6 29 22 1 33 14 23 11 25 15 4 10 28 19 36 13 8 17 24 39 16 34 0 3 5 37 32 20 35 18 12 27 21 26 7 9
1 0 29 23 20 33 3 4 10 21 5 14 37 13 32 19 24 28 17 34 27 35 30 8 38 25 6 18 22 2 16 26 15 12 31 9
