12 25 26 5 29 1 20 24 34 13 16 11 2 15 17 9 35 27 8 22 36 3 14 32 4 37 33 39 23 21 10 31 30 18 7 38
22 18 34 30 14 0 2 3 31 8 38 27 13 21 11 32 6 36 5 28 20 24 33 25 23 4 29 16 7 17 26 37 39 19 35
31 17 19 9 10 35 1 34 16 12 8 29 36 22 7 28 24 38 37 32 23 0 33 6 5 15 25 14 18 30 3 27 21 39 11
24 5 27 7 38 22 21 1 10 19 13 32 25 39 14 37 17 31 6 4 16 34 28 0 23 8 15 2 18 33 29 9 26 35 30 36 12
12 24 8 35 22 9 26 21 32 16 39 14 31 19 15 11 17 23 3 30 25 27 29 20 13 1 34 33 0 10 28 6 18 5 37
23 24 3 21 34 29 0 35 7 37 17 15 22 27 31 25 38 6 1 2 28 9 33 20 14 16 36 11 10 8 4 19 18 12 26 13 32
30 37 27 10 33 28 34 19 31 38 7 15 32 21 12 20 14 1 5 3 29 2 8 23 17 13 25 39 35 26 22 11 4 18 16 9 36
30 20 27 38 3 21 19 34 5 9 6 2 16 17 35 13 15 36 37 29 12 32 24 1 23 33 28 22 26 39 14 10 0 31 8 11 18
24 16 27 4 20 2 1 26 15 17 23 35 18 9 11 12 31 30 21 0 6 29 33 13 3 39 19 25 5 14 32 22 7 37 10 38
12 2 26 27 4 37 7 22 19 23 16 8 29 32 35 13 11 34 0 25 20 30 31 15 5 18 17 14 33 38 28 3 10 39 6
38 2 6 19 13 3 21 30 22 11 18 17 26 35 29 4 14 16 23 24 12 27 9 0 5 28 36 33 7 37 8
14 26 39 36 13 34 21 31 35 0 1 12 30 19 10 17 8 23 4 9 24 15 22 20 37 38 5 18 33 25 6 28 16 2 7 27 32
0 9 24 4 16 18 34 20 39 31 2 19 13 27 6 21 32 11 22 8 38 15 7 30 37 28 29 36 14 17 10 23 5 26 3 25
35 27 39 10 11 12 3 0 1 29 7 19 24 34 9 28 18 33 14 31 16 36 4 37 6 8 25 38 17 32 15 21 22 26 23 30 5
29 11 23 1 27 25 15 4 33 6 3 13 30 35 32 2 17 9 16 21 34 5 19 0 12 10 26 37 28 8 39 22 24 7 36
33 28 27 29 5 34 14 36 6 8 31 7 4 38 18 19 39 0 17 11 2 24 32 12 35 9 16 26 25 30 3 13 23 22 20 21 37
8 12 17 29 2 35 31 4 26 18 7 9 39 20 0 21 24 22 13 3 15 38 25 14 1 5 30 34 27 10 33 11 6 23 32 19 37
2 39 26 16 22 19 5 37 30 7 36 8 38 21 18 11 32 4 15 0 3 10 28 34 14 9 6 20 25 33 23 24 1 12 13 27 35 31 29
1 12 29 28 34 36 23 30 31 16 19 39 33 32 8 15 17 37 10 35 20 13 9 24 22 2 21 38 27 11 3 4 6 5 0 7 25
29 37 2 10 30 25 38 7 32 22 17 6 9 3 12 28 18 20 4 33 13 11 36 26 15 34 31 24 27 39 14 8 35 5 1 21 23 16
7 28 39 0 31 12 8 27 25 32 19 29 23 16 6 34 18 1 9 35 38 21 11 4 17 5 26 24 30 22 36 33 15
5 31 24 7 38 34 3 11 26 4 10 6 37 12 35 1 17 16 8 22 30 39 20 14 32 25 28 29 18 13 0 23 2 33 15 19
25 38 1 24 31 26 17 3 4 19 9 36 2 39 37 29 5 27 30 34 10 12 16 21 11 0 33 18 23 20 6 7 13 15 14 35 8
5 25 14 18 28 24 29 30 9 33 20 35 8 38 27 2 11 4 6 1 3 34 36 17 7 22 26 10 15 37 0 21 12 31 16 13 32 19 39
3 8 5 12 4 27 22 21 34 30 23 0 2 13 35 11 28 16 33 1 15 39 31 19 18 32 36 7 17 20 10 37 14 25
22 23 31 0 29 19 14 34 20 28 35 26 32 27 3 5 30 37 9 4 1 2 6 16 17 13 21 15 8 11 36 33 24 18 39 12
33 0 9 11 30 22 17 4 39 21 8 16 25 31 19 35 10 15 27 28 37 1 20 29 23 6 14 36 34 13 12 3 7 5 38
36 8 6 7 24 13 35 3 29 9 14 15 20 12 39 22 5 1 25 23 0 33 4 34 19 26 18 32 16 2 37 17 10 31 11
20 18 6 34 15 32 30 23 19 25 2 29 36 33 31 13 24 1 17 5 35 3 12 26 21 9 4 7 11 14 10 37 39 38
19 14 5 18 25 31 0 27 39 16 15 2 32 23 33 28 22 20 13 9 6 7 34 4 10 8 1 12 21 35 26 36 3 30 17 38
39 7 6 26 19 1 18 24 28 17 23 22 10 32 34 25 11 38 8 21 9 14 4 12 16 31 15 36 2 33 20 29 3 0 13 37
2 25 21 22 29 20 33 12 18 6 16 32 11 1 37 4 15 5 26 38 28 19 36 8 3 13 9 24 34 30 39 17 0 23 27 7 35
19 28 4 31 29 20 37 6 25 12 2 18 3 30 36 39 9 1 17 38 15 14 7 24 21 0 27 34 13 8 23 16 33 5 11
26 6 15 37 36 31 34 29 23 28 19 18 14 38 2 13 24 1 27 5 8 9 4 22 17 7 30 11 0 3 16 39 20 25 21 35 10 32
1 5 35 12 18 28 21 7 6 24 2 11 33 25 15 0 22 20 30 13 19 36 9 3 17 29 27 31 23 4 14 38 16 32 37 26 39
13 27 34 2 39 4 5 16 25 38 7 11 23 21 8 24 9 18 26 0 36 20 14 28 15 10 6 29 19 17 33 3 22 31 1 37
27 11 37 18 33 22 2 15 28 17 32 19 7 34 31 1 35 13 39 0 23 24 12 5 30 20 26 29 25 10 6 3 38 14
6 19 33 36 5 9 17 32 22 31 38 21 2 18 3 25 7 11 13 12 26 39 1 0 27 23 34 24 14 28 4 15 16 8 10 30 35
10 22 7 3 19 21 6 1 37 2 35 17 23 15 33 31 30 5 12 32 20 16 9 11 34 18 13 39 29 28 26 0 36 8
30 17 11 13 20 35 29 26 12 4 22 27 18 16 3 32 15 21 24 36 19 6 8 37 31 1 0 34 38 33 9 14 2 28 7 23 25
