39 31 32 16 13 30 22 36 27 8 37 24 9 23 20 1 4 3 28 18 12 6 38 17 11 14
13 11 6 22 19 36 7 37 31 9 0 32 8 33 16 39 23
37 39 12 3 9 30 16 13 23 33 21 36 32 35 27 26 29 19 10 17 14 15 20
15 10 2 27 12 17 39 7 38 13 31 23 16 19 0 36 14 28 9 33 34 6 37
21 24 6 15 37 32 36 5 23 29 22 0 28 27 11 17 35 7 8 39 18 10
32 29 24 37 9 4 25 22 6 20 16 36 18 19 30 38 8 15
8 1 39 4 22 12 13 18 5 28 35 21 16 36 20 15 27 17 23 24 29 0 3 37 25 30
14 17 36 29 12 10 35 24 15 9 3 1 21 26 27 30 11 31 4 33 18 37
6 16 10 39 35 37 31 26 19 0 33 15 25 13 1 9 22 5 4 14 20 18 23
12 2 36 11 5 34 28 7 37 26 23 21 17 0 30 25 1 16 8 3 24 35 19 10 22 20
3 14 8 18 16 7 30 26 39 24 31 25 15 17 22 12 11 38 32 21 2 37 23 9 4
1 9 32 19 22 36 30 10 18 37 4 34 29 7 0 25
2 18 9 6 24 3 23 7 36 16 30 25 15 13 10 38 27 19 0
26 36 1 18 37 0 39 2 6 16 3 14 12 21 24 30 8 15 25 34 22 38 29
7 10 29 22 19 15 27 31 36 13 3 37 39 33 20 30 24 8 2 18 32 21 35 0 38 17
3 21 4 28 31 14 20 39 7 27 25 10 12 32 8 6 22 13 29 18 5 38 37 33 35 2
8 0 10 2 28 21 19 26 12 13 34 6 5 3 9 30 1 24 38
7 28 32 19 3 31 25 9 10 36 6 38 27 4 20 2 37 0 21 18 30 14
27 35 12 28 13 10 38 20 6 23 21 5 11 32 0 25 15 8 14 34 17 31 7 4
31 1 14 17 11 16 8 21 29 3 5 39 27 12 2 34 22 30 9 24 20 23 28
26 15 36 18 30 25 23 5 31 24 39 33 0 6 14 17 8 19 29 2 9
4 15 16 39 7 2 27 6 9 19 36 26 18 13 25 30 10 29 14 17 24
1 6 14 0 27 25 11 5 4 36 10 34 15 37 32 23 8 38 33 19 35 13 9
29 12 4 33 2 36 35 37 20 9 3 25 18 0 6 22 32 10 8 1 28 19 38
4 36 37 28 5 12 38 7 25 10 20 33 0 13 6 16 9 14 19 39 21 34
26 37 36 5 24 22 20 15 34 10 12 17 23 27 30 9 8 21 28 13 18 6 11
29 13 25 20 10 16 9 37 27 8 7 21 35 31 2 28 39 34
18 3 34 38 37 29 14 0 15 22 21 26 39 33 25 12 2 6 4 17 31 7 19 32 35
17 18 24 32 15 33 16 9 6 30 4 3 39 25 31 0 26 23 35 19
26 39 23 5 30 14 7 27 4 19 34 15 11 21 6 2 36 20 13
39 36 32 33 29 2 0 10 35 12 20 9 25 28 11 13 21 16 5 7 14 19 34 6 17
0 19 15 33 14 10 8 20 3 17 1 39 26 28 27 7 32 38 18
30 0 35 5 33 28 11 4 17 39 2 15 1 18 10 22 27 31 23 38 14 34
37 34 30 32 28 23 31 2 24 8 20 27 35 1 14 3 22 38 15 7
33 27 39 9 16 25 29 22 11 3 19 13 30 26 18 32 24
18 32 37 8 7 30 23 6 2 33 26 4 39 9 27 22 28 15 14
30 13 7 9 24 38 4 12 25 0 23 1 20 14 2 6 11 21 22 17 5 3 29 39
2 33 24 13 5 27 4 25 35 9 26 23 8 1 0 22 11 14 38 10 17 15 6 3 7
27 36 24 18 3 12 10 17 5 37 22 15 0 16 33 32 31 13 14 23
30 2 0 29 8 6 34 13 15 32 21 3 10 20 27 31 19 28 14 1 35 36 26 24 4
