5 30 28 6 3 16 23 39 32
32 15 33 14 20 35 27 4 21
32 8 20 19 10 38
31 32 35 0 4 20 22 13 25 17 8 14
21 6 17 18 11 3 39 27 13 1 37 33
0 33 16 18 37 30 17 12 24 21
34 22 20 17 4 0 21 19 37
21 29 18 32 28 23 8 35 11 17
36 34 19 2 10 7 30 28 3
13 28 32 16 39 15 20
27 20 36 8 16 37 34 2
15 26 4 31 37 14 17 7 27 39 18
35 39 33 28 5 37 26
24 9 26 36 3 4 15 20
30 23 1 17 33 11 15 22 32 3
11 1 23 38 31 18 24 25 32 9 14 13 36 28
25 5 24 9 0 10 20
35 6 20 4 31 14 5 28 34 11 3 7 25 39
30 22 7 5 4 15 32 24 26 11
37 8 36 30 2 6
21 23 6 10 17 1 2 3 36 13 16 9
20 7 4 37 35 32 25 38 5 6 1 24 31
6 18 38 28 3 31 14
33 20 15 14 39 28 7 0
13 39 16 15 18 38 5 35 21
16 39 32 15 21 3 17
38 11 29 13 34 36 27 30 18 12
10 36 32 33 26 1 39 4 11
29 35 9 38 0 22 7 34 23 33 12 17 8 15
28 33 7 39 26 31
32 14 18 0 5 39 36 31 19 26 8
3 39 15 17 11 30 22 29 36 21
1 30 9 38 3 2 27 7 25 18 15 21 0 14 37 39
23 29 5 12 1 27 28 14 4
6 8 28 26 17 10
12 28 17 3 1 21 7 24
8 27 19 10 26 30 13 38 20 31 15
19 5 21 11 10 12 32 4 6
26 32 28 22 15 36 24 2 21
31 29 23 25 12 24 30 4 27 9 0 32 11 17
