10 17 4 8 16 6 27 36 9 32 21 11 14 1 35 15 2 13 34 31 5 23 26 3 19 38 25 28 18 30 33 24 7 37 20 12 22 39 29
12 20 32 6 8 17 5 26 0 4 13 34 35 28 21 27 16 24 19 33 15 14 7 25 2 39 23 29 31 18 36 30 38 22 37 9 10 11 3
17 37 23 34 22 38 39 25 12 0 8 28 19 36 9 16 3 30 11 5 14 33 31 15 27 4 18 1 10 20 24 35 6 7 21 26 29 32 13
7 10 34 37 9 11 33 4 31 14 23 6 22 8 25 18 36 2 26 16 17 38 13 24 0 20 28 21 19 15 5 29 32 39 12 30 27 35 1
18 28 0 24 8 22 37 3 6 13 25 23 38 30 1 16 21 29 33 34 11 10 35 9 12 19 5 39 17 26 32 14 2 15 31 27 36 20 7
24 17 8 28 29 35 18 26 38 1 10 7 6 31 11 23 19 25 9 0 4 30 2 36 14 27 32 22 12 3 39 21 34 15 20 37 33 16 13
28 9 0 35 19 25 1 4 36 27 8 14 16 5 3 11 7 38 30 37 13 34 20 10 26 29 22 39 23 33 18 12 24 21 2 15 31 32 17
3 25 8 10 34 22 28 32 33 35 19 5 14 20 30 11 6 15 38 1 24 37 17 9 16 12 39 27 0 31 23 18 2 13 29 26 21 36 4
10 0 5 7 18 4 31 27 1 21 6 33 23 12 16 32 20 2 39 29 3 13 36 35 24 26 14 38 19 17 15 9 30 25 22 28 37 34 11
24 3 6 35 32 23 11 0 13 12 34 36 29 16 5 4 2 17 14 37 31 18 19 39 7 28 8 25 10 20 15 22 27 30 33 21 1 26 38
8 0 3 7 27 15 23 5 19 17 11 4 21 33 39 22 31 32 34 38 14 37 6 35 2 26 18 9 16 30 24 13 12 29 28 20 1 36 25
30 26 35 38 18 14 3 37 9 29 22 0 25 19 7 5 32 28 6 10 4 2 16 13 36 31 21 23 33 39 12 34 27 15 20 17 24 1 8
1 36 22 34 26 24 13 31 16 18 15 9 21 8 2 35 33 27 38 29 37 4 5 25 39 30 23 19 7 11 17 20 32 6 3 14 10 0 28
35 19 38 12 4 9 21 37 29 31 1 0 20 32 8 14 25 26 3 15 24 33 28 18 11 22 6 36 30 27 16 17 39 7 34 10 23 2 5
21 18 11 20 6 27 0 3 7 17 36 22 31 35 25 16 34 13 9 2 1 5 8 19 38 4 15 33 30 10 28 23 37 32 29 24 12 26 39
18 28 10 21 39 12 26 38 32 0 23 29 17 33 25 36 35 31 7 16 1 13 19 2 20 14 4 30 37 3 8 24 11 5 9 27 6 22 34
27 0 26 35 36 28 12 39 21 31 8 6 34 9 4 1 14 2 19 3 15 11 24 33 30 13 7 25 38 17 20 32 37 10 23 22 18 29 5
5 2 0 36 24 20 19 1 38 22 35 15 14 10 25 9 26 33 18 3 4 39 7 8 31 27 16 13 30 12 28 21 11 34 23 37 29 32 6
4 19 8 11 14 15 26 5 12 30 38 21 20 34 3 37 17 25 13 23 32 9 36 27 2 24 39 35 0 22 28 33 1 29 10 6 7 31 16
18 13 37 38 31 6 34 17 24 7 11 25 21 23 10 5 26 2 20 36 4 1 16 29 15 14 30 22 9 8 0 3 35 28 12 33 32 39 27
29 27 1 25 37 17 14 34 21 18 7 8 13 30 35 22 19 33 36 31 39 26 3 23 15 6 16 2 12 9 5 11 0 32 38 28 24 4 10
32 14 37 22 33 36 23 15 16 8 0 12 13 18 20 19 4 1 29 10 39 24 35 27 3 11 31 30 5 26 38 28 17 6 2 7 9 34 25
39 26 12 21 4 7 29 2 11 17 38 3 14 33 34 37 20 25 10 28 23 5 19 31 13 18 27 35 32 6 16 9 8 15 1 30 24 0 36
39 29 2 32 38 9 21 33 10 8 4 25 3 34 15 19 5 0 22 18 20 28 11 27 12 1 36 14 31 6 37 30 16 7 35 13 24 26 17
5 9 4 17 27 12 19 25 32 35 39 1 13 21 8 38 3 7 16 31 18 0 30 29 15 28 2 14 34 6 37 33 10 20 26 22 23 11 36
7 20 6 4 38 35 11 33 23 2 24 29 19 15 17 5 3 14 22 13 37 30 28 1 18 12 0 16 26 9 39 32 36 8 34 27 31 10 21
22 11 16 31 33 12 18 28 37 5 15 29 1 39 19 17 0 3 13 8 4 20 38 35 34 6 25 21 10 30 36 27 7 2 14 24 23 32 9
16 20 33 0 24 32 10 36 35 37 8 6 14 30 31 1 12 28 5 39 2 21 18 34 23 13 22 17 11 7 29 19 15 26 9 4 25 3 38
4 31 6 34 5 37 15 26 7 16 30 32 2 1 11 35 36 27 22 25 13 29 3 23 0 39 14 9 19 18 17 24 21 38 33 20 8 10 12
20 39 23 38 32 34 37 5 22 11 26 13 25 15 33 9 4 8 12 21 19 28 31 3 1 6 18 24 27 14 7 36 35 2 16 10 30 17 0
11 39 35 28 18 27 4 7 20 38 2 25 5 6 19 15 21 16 14 12 13 0 24 17 26 23 8 10 3 1 36 31 33 9 37 22 29 34 32
28 26 37 8 39 34 19 12 3 16 13 5 27 14 0 15 33 35 20 10 2 9 11 22 21 24 29 17 36 4 1 32 23 7 6 18 30 38 25
21 29 23 27 9 1 33 7 0 39 35 15 28 8 37 24 11 13 34 5 4 10 18 19 36 22 14 3 31 16 25 12 20 38 2 26 6 17 30
26 21 27 34 3 38 32 23 7 8 25 29 15 12 37 22 4 10 20 1 17 31 35 2 13 14 16 11 0 39 19 18 6 36 24 28 5 30 9
3 28 12 29 2 7 38 31 33 19 20 9 23 1 16 18 22 0 4 37 14 32 10 6 36 27 26 11 5 24 39 25 13 17 15 30 21 8 35
11 13 16 9 6 5 27 30 32 7 25 0 17 1 12 24 20 39 4 15 14 28 31 33 8 26 21 19 18 22 36 10 38 2 23 29 37 3 34
12 17 21 27 16 0 6 38 9 14 15 2 19 3 28 20 8 5 11 18 34 13 37 31 23 35 32 39 1 33 26 25 29 30 4 7 10 22 24
2 3 31 21 19 29 4 28 27 20 26 11 13 32 39 33 22 34 12 18 38 25 9 7 6 15 36 10 14 16 0 23 24 5 30 1 35 8 17
29 11 19 23 13 34 33 5 25 17 39 2 36 15 18 4 22 12 30 37 6 3 7 24 26 14 8 0 10 16 21 35 28 20 32 1 31 27 9
23 22 29 31 30 15 32 16 38 2 26 37 8 24 35 10 21 4 20 27 17 9 11 12 18 28 1 33 5 7 19 25 6 13 36 3 34 14 0
