8 22 4 7 30 10 32
3
30 26 20 17 6 3
37 1 25 23 22 30 2
0 9
6 17 21 7 18
33 5 36 13 21 20 2
0 5 14
0 14 25 22 27
38 20 17 4
12 21 0
20 29 34 13
10 14 24 19
24 17 6 16 11 33 30
8 23 28 16 7 12
26 27
18 14 24 34 13 22
13 5 9 24 32 2
26 22 16 36 34 25 33 5 35
32 12 38
11 30 9 36 2 6 24
38 5 6 10 24
0 30 8 18 3 16 26
24 14 29 3
13 23 16 17 12 28 20 21
8 3 37 18 35
18 35 33 15 28 2 39 29 22
8 15
14 26 30 24
11 23 26
2 22 20 31 28 0 3 13
39 30
39 19 17 0
6 26 18 13
11 18 16
26 25 36 18
6 18 20 39 35
38 3 25
21 37 9 19
31 32 36 26
