6 28 23 5 34 26 14 4 38 30 1 2 39 16 32 25 17 37 12 20 10 33 15 18 29 24 8 35 3 36 22 31 11 9 13 21 27 19 7
5 15 32 13 34 14 38 4 24 10 29 7 37 27 2 16 23 25 0 30 31 35 18 6 9 3 11 21 26 36 39 28 8 12 19 20 17 33 22
32 7 23 33 16 28 31 15 19 20 26 30 5 1 25 0 37 6 35 3 38 21 14 18 22 8 17 34 29 10 36 4 24 13 27 11 9 12 39
32 33 26 6 4 12 29 22 35 34 20 30 9 5 16 38 17 8 39 2 13 21 10 1 31 23 27 37 11 19 0 24 25 18 36 7 28 14 15
16 17 24 18 31 3 32 22 34 20 6 0 1 39 19 7 5 26 36 27 33 12 11 8 9 38 15 2 21 23 10 13 37 14 25 30 35 28 29
1 33 11 0 7 24 31 30 18 19 38 32 3 15 2 39 35 28 12 6 27 4 26 20 13 21 14 37 8 9 22 25 17 10 36 16 23 29 34
34 0 3 38 37 29 31 14 4 39 23 9 35 18 26 33 10 5 30 2 8 1 19 12 28 25 21 20 24 36 17 7 32 22 27 13 15 16 11
26 30 34 33 36 2 28 5 10 17 18 39 1 22 24 29 8 4 19 37 20 25 14 31 11 16 38 23 9 6 21 32 3 13 27 12 35 0 15
18 30 34 31 36 15 13 7 3 22 6 25 28 19 2 23 20 35 16 37 17 5 9 10 26 0 14 24 38 29 4 1 33 21 39 11 27 32 12
12 15 38 3 23 31 6 25 33 29 11 22 13 35 30 1 19 32 14 17 18 16 8 5 26 10 39 7 36 4 27 24 28 0 37 34 2 20 21
31 35 16 7 37 39 27 30 1 19 21 38 36 6 24 0 17 3 8 11 32 9 34 25 14 2 29 23 13 28 20 4 5 26 15 22 33 12 18
5 21 38 39 14 33 20 25 15 17 34 36 13 9 37 29 31 19 12 28 35 18 1 7 27 30 10 3 16 4 22 26 23 2 0 24 32 8 6
9 15 23 3 19 13 29 33 31 38 16 20 30 22 5 21 27 0 6 11 14 4 18 35 32 39 26 37 1 36 17 34 28 25 24 2 10 7 8
37 34 30 14 17 1 12 32 16 29 25 19 20 8 11 18 9 3 26 5 39 23 22 36 33 10 28 4 31 27 35 2 6 7 0 21 24 38 15
25 19 13 37 38 22 17 11 0 1 6 15 28 20 21 30 7 2 32 26 9 12 16 5 23 35 29 10 36 8 31 39 27 4 18 33 3 24 34
1 18 12 9 29 2 30 11 14 5 8 25 33 35 24 26 22 20 34 19 37 31 0 38 21 27 23 16 4 36 32 17 10 6 28 39 7 13 3
4 28 2 10 13 36 32 31 12 27 3 1 0 38 19 25 21 35 30 22 23 29 14 8 9 7 18 26 11 17 33 24 15 34 20 37 6 5 39
4 27 35 23 13 14 19 7 22 11 30 3 24 21 0 26 36 10 2 9 31 28 33 8 29 20 16 25 32 6 5 12 34 1 18 15 39 38 37
8 15 19 21 4 20 39 7 5 27 24 13 38 6 1 36 25 2 30 0 11 9 22 12 29 31 16 37 28 26 3 34 23 32 35 17 14 33 10
20 36 18 14 29 38 17 21 26 12 2 39 5 13 24 10 4 31 28 7 25 15 37 6 16 9 8 22 11 34 35 33 3 30 1 32 0 27 23
19 36 18 26 24 27 11 4 3 22 2 12 14 13 39 32 37 15 7 5 38 0 34 35 31 8 28 29 23 21 33 17 6 30 10 25 1 16 9
38 18 11 23 34 19 37 31 32 10 14 12 30 17 22 2 16 35 3 5 1 33 15 20 29 6 26 28 4 7 27 8 24 13 0 36 25 39 9
23 14 4 17 3 20 30 7 33 12 24 31 37 9 32 28 15 8 21 36 2 19 25 16 35 18 38 13 5 39 27 0 29 11 26 6 34 10 1
33 22 0 2 12 17 26 21 9 6 1 37 39 27 28 24 13 38 8 35 3 16 32 25 14 20 7 15 10 36 11 4 18 29 34 31 5 30 19
32 4 30 28 26 20 25 5 36 19 39 1 7 18 22 15 17 10 23 34 31 38 37 0 8 3 6 16 29 35 2 33 9 12 14 21 11 13 27
14 37 24 11 34 31 13 26 15 9 1 2 38 19 0 27 7 18 8 35 33 16 22 36 30 23 29 10 6 32 39 17 5 3 20 28 12 4 21
7 39 27 3 20 31 24 37 23 19 0 33 25 34 2 29 15 6 36 38 5 17 4 13 14 28 9 35 8 1 16 21 12 30 11 22 18 10 32
26 35 17 30 20 10 18 16 1 36 23 28 5 12 25 4 29 32 33 31 11 3 39 34 22 15 38 9 21 13 14 6 2 0 19 7 8 24 37
29 0 16 24 7 2 37 30 39 14 19 5 22 27 23 36 8 31 6 34 11 20 26 35 17 33 21 18 13 10 1 25 9 12 3 32 4 15 38
28 37 19 39 15 3 13 12 6 35 1 26 36 34 9 7 30 31 11 38 27 0 16 18 20 17 2 14 25 21 10 8 22 24 23 32 33 4 5
31 13 8 7 36 24 35 38 27 5 15 39 3 28 22 2 10 37 12 17 0 14 1 29 6 21 9 18 32 16 25 11 33 26 20 19 34 4 23
30 4 26 10 8 2 5 21 16 6 25 12 9 19 22 29 1 11 24 15 28 39 3 20 27 7 17 18 38 36 32 0 14 33 13 35 34 37 23
24 3 1 2 4 13 16 33 5 21 34 22 20 0 35 14 36 9 27 30 23 10 12 31 25 17 6 7 29 18 15 38 37 28 19 39 11 8 26
5 3 23 7 2 11 26 32 12 39 35 15 22 34 9 6 0 25 38 27 4 17 21 28 19 20 16 30 13 31 36 37 24 8 18 14 1 29 10
6 13 8 7 1 21 0 38 25 4 3 26 11 33 29 32 15 24 20 28 19 2 36 10 27 37 18 16 31 17 30 12 39 9 14 22 35 23 5
27 17 38 10 30 39 3 29 33 36 5 37 15 6 9 1 2 32 25 20 21 16 23 22 11 8 19 28 12 14 26 0 24 31 18 13 34 4 7
19 20 30 7 38 24 16 8 35 29 27 11 26 10 28 18 39 4 17 22 32 25 34 31 14 37 13 2 9 0 1 6 23 12 33 3 15 5 21
13 29 25 14 26 28 21 6 10 30 1 23 35 2 22 11 20 7 0 19 15 39 8 5 24 3 38 36 34 18 12 4 33 31 16 32 9 17 27
21 19 14 11 35 30 36 6 34 9 5 1 12 0 3 10 25 18 29 26 2 16 20 24 23 33 15 7 22 37 31 8 27 4 39 32 17 28 13
26 29 11 18 35 19 30 33 7 10 24 28 6 4 5 23 20 0 3 36 37 31 13 9 27 12 22 25 1 38 14 17 8 34 32 21 15 16 2
