21 8 15 9 34 4 22 29 27 5 37 30 38 18 25 35 10
32 31 8 15 30 27 14 19 37 33 20 25 17 12 35 18
7 24 36 19 27 15 12 38 37 26 34 3 20 11 39
21 27 35 16 11 15 19 4 36 2 6 5 33 7 12 28 8 39 22
39 9 29 32 23 22 35 0 34 21 28 3 8 31 13 6 24 36 5 30 33
6 25 24 29 21 19 23 37 15 16 17 12 0 3 39 4 26 11
24 5 21 22 34 12 30 29 7 16 32 19 3 35 4 8 9
2 14 24 27 35 22 32 6 28 25 15 38 3 10 8 21
0 13 10 23 35 16 1 31 4 14 17 24 7 3 6 38
24 11 4 12 0 31 10 26 33 15 32 34 6
8 20 25 9 24 33 12 27 7 32 14 0
20 9 17 3 26 27 32 18 2 5
9 23 22 6 18 38 2 5 24 28 10 3 16 31 1
8 34 36 38 35 19 25 14 18 4 39 28
28 18 7 35 26 25 17 31 13 8 32 36 1 10 39 38
25 0 27 2 5 3 1 23 39 34 9 30 19 7 37
35 3 8 20 5 6 29 39 33 23 24 18 31 32 12 17
20 26 34 11 38 5 25 14 24 27 8 30 1 16
14 33 12 22 20 13 0 16 37 11 19 29 39 1 32
35 2 5 13 24 29 22 23 3 6 25 15 36 28 20 1 18
11 34 10 17 23 30 29 16 33 18 26 19 2 1
0 3 28 35 6 5 39 4 33 37 25 7 34 23 38
35 6 12 23 7 4 28 0 32 19 18 39 27 33 3 38
20 8 12 22 30 24 4 5 15 16 19 26 25 29 21 34 36
9 6 2 7 5 23 30 19 28 10 12 16 17 33 39 4 8 31
15 5 10 14 26 31 17 7 13 27 28 21 19 23 32 0 37 1 30
17 14 25 9 11 2 23 27 20 5 37 32
3 7 2 15 37 28 0 34 25 11 1 17 38 26 10 36 22 33
14 21 30 37 22 29 31 27 7 24 4 25 12 33 19 3 38 35 13 36
32 5 20 39 4 6 28 0 19 16 36 38 33 18 23
28 20 23 39 24 6 35 1 33 15 0 34 17 4 25
33 9 1 8 28 25 14 4 38 16 12 24 34 36 37
38 29 39 1 4 7 22 9 6 25 14 16 11 10 26 18
34 18 38 31 37 9 21 20 35 16 30 28 24 10 3 1 29 4 36 27 22
33 20 13 17 0 6 39 4 15 9 27 2 21 30 31 23
16 21 22 8 19 3 14 7 36 4 13 30 33 6 38 28 0 1
2 13 35 29 3 14 19 4 27 33 31 23 38 28
33 28 27 5 2 0 21 18 25 39 1 15 26 38 31
32 33 13 12 2 17 29 0 7 27 31 35 28 21 37 36 8 14 22
4 32 29 30 21 34 15 16 24 5 22 37 13 14 2 18 3
