15 28 24 37 7 16 34 27 3 9 39 35 6 13 29 26 18 31 33 32 1 25 4 19 11 8 23 20 30 21 14 2 36 22 12 17 5 10 38
25 36 19 22 28 37 30 35 27 32 18 5 23 6 9 15 2 0 39 17 38 3 13 14 11 34 20 12 4 31 7 26 8 24 33 16 21 29 10
6 32 29 22 36 38 16 23 34 30 18 4 13 19 3 7 1 15 31 21 26 20 33 39 12 14 17 10 35 5 0 37 8 25 27 28 9 24 11
15 10 13 12 28 8 36 14 38 18 5 24 0 4 11 23 33 27 39 2 7 35 25 31 9 20 17 19 30 1 16 6 26 34 22 32 29 37 21
9 8 24 12 17 32 27 3 10 2 14 22 25 38 11 39 31 20 37 26 28 15 29 0 23 30 13 1 21 6 5 36 7 16 19 34 35 18 33
16 10 37 31 13 9 25 33 3 23 29 17 24 1 38 19 32 34 12 7 39 11 20 36 30 18 26 28 6 22 15 2 21 4 8 35 27 0 14
12 16 2 28 36 19 25 31 37 18 0 8 1 7 38 9 34 27 10 17 20 21 14 23 11 3 5 4 39 32 15 29 13 33 30 22 24 35 26
10 0 35 19 13 31 18 25 39 6 23 9 2 30 15 3 33 11 5 8 17 14 32 34 12 28 29 1 24 21 36 38 4 37 16 22 26 27 20
4 15 32 11 33 3 17 27 13 24 39 36 14 6 26 9 20 12 7 25 38 16 22 34 31 18 0 21 19 29 23 10 5 30 35 2 1 28 37
4 37 38 5 36 12 19 24 22 23 32 20 35 31 0 27 7 11 8 1 13 6 21 3 33 34 16 29 26 28 15 30 39 25 14 10 17 2 18
5 3 7 17 31 22 21 16 13 27 25 4 37 12 39 34 6 35 29 11 20 18 23 32 28 26 15 2 30 24 8 9 14 38 19 33 1 36 0
31 21 33 37 8 23 28 29 35 17 34 38 24 16 39 27 3 9 15 19 4 7 20 12 36 5 10 6 13 0 25 1 14 22 18 30 32 2 26
6 34 19 9 3 39 32 4 36 17 18 14 20 10 16 5 8 29 38 37 11 25 26 15 7 13 2 30 1 21 31 24 35 22 0 28 23 27 33
20 5 3 37 8 32 38 7 39 34 10 0 30 16 36 35 2 22 9 14 31 23 28 18 19 1 11 12 29 4 21 25 24 33 26 6 15 27 17
16 3 23 39 8 4 12 13 20 21 6 36 7 1 33 22 34 38 24 11 32 27 30 26 2 35 15 31 17 0 9 28 29 10 18 37 25 19 5
0 3 20 8 26 37 19 11 7 23 1 2 38 16 31 27 39 4 12 9 36 32 34 18 33 28 24 10 14 5 35 30 21 25 6 22 13 29 17
5 34 27 32 6 24 33 14 37 0 26 29 2 30 10 11 36 13 39 22 12 15 35 19 31 9 28 3 8 18 25 4 17 23 20 38 7 1 21
29 19 10 25 37 8 20 31 11 38 5 4 22 34 12 33 6 3 1 35 7 18 30 32 36 24 39 2 14 27 26 28 16 23 0 9 13 15 21
37 26 3 30 7 6 1 20 36 2 34 0 12 31 29 38 22 17 13 25 10 35 15 5 8 21 16 11 33 39 28 24 14 19 27 4 9 32 23
12 17 6 1 9 7 23 30 34 20 37 29 28 21 15 25 2 11 39 36 5 22 16 3 13 0 35 31 27 8 38 33 32 4 18 10 26 14 24
27 13 22 15 37 21 17 35 31 19 9 25 34 18 23 12 38 8 14 3 11 4 6 39 24 32 10 2 29 5 33 26 30 28 0 1 16 36 7
26 11 28 30 31 22 20 27 32 10 24 19 39 29 9 34 23 6 2 14 18 13 8 0 4 33 12 15 5 38 36 7 37 35 1 16 25 3 17
20 25 2 36 21 1 9 10 37 17 35 4 16 13 33 30 19 18 14 8 29 32 34 27 5 3 11 26 31 23 15 0 12 24 28 39 7 38 6
11 19 14 32 39 9 5 2 1 7 3 35 20 15 21 37 13 33 31 6 24 38 26 29 10 4 28 0 27 8 22 16 17 34 30 25 12 36 18
25 16 38 4 0 39 32 9 29 8 3 34 5 33 21 11 35 20 23 26 36 14 17 15 13 12 18 10 7 30 28 1 31 22 27 2 19 37 6
24 22 1 6 5 17 38 37 20 7 10 19 26 29 4 35 33 3 30 8 0 12 18 39 11 36 28 13 32 16 31 15 9 2 27 14 23 21 34
21 18 15 16 31 27 39 25 8 0 34 28 4 35 2 12 9 23 24 36 38 20 3 14 10 5 22 30 32 13 1 29 17 33 19 7 37 11 6
16 20 30 33 21 8 29 38 0 34 1 26 4 9 11 10 3 6 36 15 39 32 31 14 22 19 23 17 13 2 37 5 28 18 25 24 35 12 7
0 21 6 33 3 11 1 29 19 37 26 4 13 16 9 10 23 31 15 25 35 20 36 5 7 18 34 32 30 39 24 14 2 17 38 27 8 22 12
17 36 2 11 27 16 24 32 5 28 19 39 34 0 21 25 18 35 38 12 33 10 9 4 30 20 23 37 31 22 13 3 7 8 6 26 14 15 1
21 27 19 18 1 35 16 34 13 2 7 38 22 31 39 25 29 3 17 33 32 5 4 20 14 9 12 0 15 10 28 26 11 37 36 8 24 23 6
11 5 33 21 10 6 20 17 26 7 9 32 0 30 3 18 4 39 37 13 2 16 15 23 35 29 28 8 27 19 14 12 22 25 1 38 24 36 34
16 2 8 34 39 24 23 13 29 12 9 21 1 4 31 36 5 0 35 38 20 7 17 30 27 10 15 22 14 25 3 28 6 33 26 37 19 11 18
31 28 11 16 8 27 5 24 3 17 0 37 22 25 7 38 9 23 29 2 30 20 14 35 15 36 21 18 13 32 19 26 6 1 10 34 4 39 12
16 12 37 32 19 0 11 24 27 20 13 35 30 2 29 17 38 18 26 21 6 10 5 9 39 7 14 15 8 1 3 22 28 23 4 33 36 25 31
7 38 20 11 1 30 9 0 34 36 22 13 23 25 3 29 24 16 26 32 10 17 31 18 33 19 28 14 2 15 37 5 8 21 12 4 27 39 6
29 6 22 2 9 1 3 8 12 35 18 16 13 32 19 27 11 14 26 15 24 5 17 25 28 33 21 0 7 4 30 37 34 31 38 23 20 10
5 18 34 9 11 16 20 0 17 13 25 1 6 22 19 15 28 10 33 31 23 4 38 12 29 35 3 30 21 32 2 7 27 36 39 14 8 24 26
9 24 35 27 3 25 2 13 17 11 34 5 6 30 4 20 33 18 15 37 29 12 1 32 23 8 26 14 19 21 7 31 28 10 16 36 39 22 0
32 24 12 23 14 8 13 0 7 11 21 29 26 16 3 10 30 19 4 31 5 34 1 20 27 15 25 2 17 6 18 9 28 37 22 38 33 35
