29 1 33 12 2 15 39 21 20 3 31 17 7 18 37 19 24 5 32 14 11 26 13 4 36 28 27 16 34 9 23 38 10 25 30 22 8 35 6
21 24 30 29 33 36 20 0 9 17 3 15 35 22 23 39 4 14 27 16 18 7 34 26 5 32 12 37 2 25 28 13 19 6 31 38 11 8 10
27 31 17 32 12 34 38 0 10 26 21 39 37 9 25 29 30 13 35 18 5 36 14 23 22 24 11 20 16 6 15 7 8 1 28 19 33 3 4
22 21 30 15 7 4 20 16 9 14 1 34 29 24 12 31 0 5 18 27 28 32 38 8 10 19 35 39 6 25 13 23 37 33 36 2 26 17 11
18 25 14 3 37 35 9 38 30 28 29 15 24 31 8 22 12 39 23 1 13 33 10 32 20 0 34 6 7 36 27 16 11 5 21 26 19 2 17
24 9 31 6 32 38 17 34 22 18 23 33 36 2 3 19 16 0 29 25 12 26 14 37 20 1 30 27 13 7 39 8 4 11 10 28 21 15 35
28 23 12 5 36 31 21 17 19 18 10 20 15 25 37 7 14 22 39 16 8 33 32 38 11 24 34 13 2 4 3 9 26 27 35 1 30 29 0
12 17 11 32 3 10 18 19 37 14 8 9 38 39 36 29 30 0 35 6 34 27 16 23 1 13 25 2 26 33 21 4 28 24 5 20 15 22 31
31 17 23 33 25 10 19 29 16 7 26 15 20 28 22 4 32 30 13 37 6 27 12 3 21 24 2 36 18 39 35 5 11 38 9 34 1 14 0
12 30 33 27 34 32 26 39 16 5 31 11 20 1 4 14 3 7 2 36 38 18 22 21 17 24 19 10 25 28 6 35 15 0 13 23 8 29 37
37 11 14 25 7 29 8 21 24 2 6 20 26 35 16 39 15 33 19 31 4 13 38 28 3 9 18 27 36 23 32 12 30 0 22 17 5 1 34
25 10 34 7 36 14 9 12 18 20 27 17 32 23 37 15 0 6 16 30 19 2 24 21 28 31 13 22 33 38 35 39 8 4 5 29 3 1 26
9 7 36 39 26 18 2 16 6 0 35 32 15 17 13 34 3 11 38 37 24 4 23 5 29 14 20 8 27 19 31 25 1 33 28 10 21 22 30
17 23 15 25 12 27 24 2 39 34 20 22 8 36 31 4 14 10 18 0 7 37 32 28 6 21 38 11 5 3 16 26 1 19 29 9 35 30 33
4 27 10 31 11 23 22 24 16 25 7 9 3 21 38 2 35 36 6 19 39 1 13 0 33 34 12 15 5 17 32 37 29 20 26 28 8 18 30
30 3 28 18 13 38 20 12 0 23 1 21 8 33 39 4 6 26 25 10 11 16 17 14 37 24 31 2 22 35 29 9 7 19 36 27 32 34 5
37 30 20 9 38 12 36 33 39 28 3 14 27 35 8 19 18 24 22 21 31 10 5 6 23 1 15 7 11 2 17 32 26 13 29 0 4 25 34
13 23 2 8 7 25 24 38 22 37 12 29 5 1 6 31 28 33 0 11 26 39 32 9 15 14 34 35 16 20 36 30 27 19 10 3 21 4 18
4 12 15 34 7 25 33 22 29 6 16 38 9 5 11 2 3 37 0 19 20 35 39 1 13 24 26 28 10 21 23 8 30 27 36 32 14 17 31
21 31 39 8 7 38 20 33 35 6 16 25 5 23 27 28 0 26 18 14 10 24 9 11 3 12 22 29 1 13 2 36 32 34 17 15 37 4 30
29 16 33 27 3 1 31 15 9 19 8 39 0 10 21 11 6 26 13 25 18 35 37 12 30 4 5 2 24 17 32 22 38 7 14 28 34 36 23
19 1 32 3 34 33 6 10 26 29 38 2 14 15 31 0 20 16 30 35 9 24 36 27 25 37 11 13 8 39 7 22 23 18 28 12 4 5 17
3 35 37 17 14 29 31 39 36 18 23 27 5 16 9 8 1 4 13 30 6 2 26 33 24 19 15 11 21 25 20 34 28 7 10 32 38 12 0
17 8 13 6 27 38 14 26 24 15 36 22 34 30 5 39 19 1 11 32 4 31 29 2 12 16 28 7 35 33 3 21 18 10 0 9 25 37 20
29 1 17 35 5 25 33 39 10 14 23 28 27 36 13 3 16 4 12 0 21 31 37 9 19 32 2 6 26 15 11 18 20 22 8 38 30 34 7
31 11 4 17 30 24 8 10 39 32 18 13 14 2 19 26 27 29 6 15 20 34 37 5 21 35 38 9 7 36 12 3 1 22 23 16 0 28 33
12 9 27 23 21 2 8 37 38 35 25 10 20 39 15 19 17 30 5 22 0 24 1 34 18 31 16 7 6 13 33 28 14 3 29 36 32 4 11
2 9 14 20 23 26 28 16 13 24 39 22 38 25 11 31 19 33 35 3 7 1 21 37 8 12 32 34 5 29 10 6 4 36 0 17 18 15 30
34 30 6 15 36 27 16 24 29 4 8 17 32 19 3 39 33 35 23 10 18 11 13 9 7 2 12 1 0 22 31 38 37 26 21 20 14 5 25
31 20 24 32 0 1 10 38 22 8 39 17 21 28 18 3 30 2 4 25 7 37 23 5 12 33 36 27 19 15 14 16 13 35 34 6 26 11 9
38 9 1 15 25 28 16 3 37 29 2 23 4 21 7 39 8 22 26 32 20 11 5 24 31 36 18 34 17 33 6 10 27 0 12 19 35 13 14
25 8 2 29 19 35 14 32 5 9 38 20 6 22 36 17 21 34 3 0 16 27 4 23 13 24 10 15 11 26 12 37 30 1 28 39 7 33 18
36 2 21 29 9 7 31 5 25 12 38 35 34 28 8 11 23 37 39 17 0 30 4 3 6 24 14 1 27 13 16 20 10 19 18 22 26 15 33
9 8 20 21 1 24 16 0 18 19 15 5 17 39 27 10 28 6 4 14 22 29 34 23 37 7 38 12 11 26 3 30 35 2 36 31 32 13 25
28 9 11 21 18 2 12 3 5 38 23 31 32 13 7 25 36 14 1 4 26 33 17 6 39 27 35 24 30 22 37 0 29 8 19 20 15 16 10
24 22 31 4 12 16 19 36 1 26 2 32 10 14 21 7 37 27 18 28 20 23 25 17 3 15 34 38 39 9 6 11 29 8 33 13 30 0 5
12 32 11 16 1 6 28 38 22 31 35 24 23 9 5 2 37 7 14 13 34 21 29 0 25 8 17 30 4 27 10 39 19 3 33 18 15 26 20
10 16 22 39 4 38 17 7 2 26 30 36 12 18 6 0 35 11 8 29 32 25 24 20 27 5 15 21 13 33 1 31 14 3 34 28 23 9 19
30 16 17 23 2 31 15 37 29 19 5 36 21 32 7 4 34 26 9 18 27 14 12 10 6 3 25 13 24 35 33 11 20 28 8 0 1 22 39
12 9 19 37 24 25 16 22 29 0 2 27 20 15 23 26 13 7 33 30 4 10 1 17 32 28 6 14 18 34 3 21 35 8 5 11 36 31 38
