36 14 4 6 28 15 32 2 22 29 31 21 5 10 20 12 24 9 27 25 1 35 34 33 39 8 23 38 3 19 18 17 30 16 7 13
32 30 6 33 12 8 10 37 36 5 39 35 15 14 22 21 27 25 24 11 38 4 29 20 26 19 0 3 31 13 16 18 34 9 2 23
39 30 16 20 3 14 22 21 10 0 18 7 17 38 12 29 6 26 35 24 19 25 8 31 32 37 33 34 15 23 5 13 9 36 11 1 4 27
22 39 2 28 8 17 21 33 27 20 16 38 14 25 32 13 12 7 31 36 9 23 19 34 1 24 11 37 35 0 15 29 18 4 30
39 27 37 0 33 21 17 25 34 20 7 11 31 1 30 32 12 13 15 8 28 36 9 26 10 29 23 5 35 16 38 18 19 24 3 22 14 6 2
33 23 20 27 8 1 7 30 25 32 19 14 36 0 17 26 16 35 9 39 12 11 13 21 24 37 10 28 4 2 38 34 31 29 22 6
37 1 24 35 26 14 0 32 12 19 20 27 34 15 2 21 13 33 38 22 8 18 16 31 25 36 29 17 9 4 10 5 7
22 35 28 14 23 36 5 10 12 21 2 16 18 19 34 26 4 17 3 20 9 24 39 29 8 11 25 15 37 13 30 27 32 38 0 6
26 10 19 12 1 33 15 34 22 5 16 21 3 29 38 25 14 18 36 32 9 37 11 24 6 4 23 2 39 7 0 35 28 17 31 13
30 23 28 26 31 37 32 22 24 17 34 5 36 0 8 4 21 7 15 3 20 29 14 12 25 18 10 27 6 2 1 16 13
8 33 1 7 2 25 34 28 32 0 14 12 36 22 37 4 19 29 23 20 26 21 5 30 9 18 15 17 39 27 13 24 6 35
18 20 39 25 16 26 35 14 30 1 32 4 27 28 12 8 36 5 17 31 15 7 19 3 24 37 13 33 23 34 22 29 2 38
1 8 22 18 26 6 31 20 7 28 15 2 38 0 10 25 34 17 21 13 3 4 11 35 5 29 23 24 33 9 30 16 19 32 27
23 37 21 32 19 30 29 25 20 27 34 17 35 26 15 3 6 12 22 4 24 33 5 16 31 36 7 1 11 38 2 28 39 10 9 0 8
0 31 2 7 35 6 24 20 36 34 1 5 8 30 11 38 3 28 39 16 10 21 27 17 22 23 9 37 19 29 25 18 33 26 4 15
25 18 8 38 36 16 22 17 1 0 30 29 21 31 12 6 13 28 32 37 4 33 20 35 9 19 11 24 23 26 2 7 39 3 10 27 34 14
30 2 39 8 15 18 35 11 26 7 3 27 24 32 14 33 28 5 20 25 34 37 21 38 6 13 17 4 1 12 36 0 31 9
36 33 25 3 19 29 15 30 27 26 4 2 28 22 9 13 5 31 34 12 37 7 21 14 38 11 16 0 20 6 10 35 8 24 23
11 39 31 12 15 16 29 33 2 32 38 24 35 7 19 8 26 30 37 20 34 28 23 6 25 21 14 36 9 10 0 4 22 3 1 27
8 38 20 23 13 31 6 17 24 26 5 25 33 7 18 29 30 37 27 21 2 36 28 1 10 15 3 14 11 39 35 0 22 4 12 32
2 11 19 5 26 30 35 32 23 14 34 29 39 28 12 6 22 3 13 4 0 16 1 18 24 31 36 7 37 15 9 21 38 10 17 25 27 33
38 37 27 36 13 8 32 2 3 39 7 23 1 4 24 15 25 28 35 0 29 6 14 19 12 17 22 16 9 20 5 33 18 10 26 34
7 3 36 12 2 31 8 27 15 9 1 0 20 28 23 17 25 35 33 13 24 10 6 26 14 21 32 38 29 19 18 34 4 39 11 5 37
13 36 5 19 9 20 29 7 32 21 22 30 33 39 31 18 37 34 27 8 3 12 14 15 26 4 10 0 35 2 38 11 28 17 1
6 33 14 29 19 34 18 38 9 16 21 1 32 30 0 27 2 31 22 13 8 36 20 28 7 39 15 12 3 5 11 25 4 26 37 10 17
15 32 17 38 30 5 10 37 11 19 8 22 4 1 21 13 3 12 39 16 31 2 26 0 29 18 6 36 14 33 9 7 34 24 28 27 20 35
8 37 27 20 38 6 9 30 12 36 29 19 17 16 11 7 18 5 2 13 39 35 1 33 22 32 4 25 28 23 15 10 34 21 14 24 31
26 4 5 21 29 22 35 17 3 1 6 16 38 33 37 13 11 19 24 31 14 0 23 30 32 28 36 9 25 7 15 10 12 39 18 2 20
9 7 35 3 0 20 29 36 12 22 17 10 21 38 37 14 16 39 34 11 15 18 19 4 32 31 24 33 30 26 27 5 25 8 13 23
23 27 32 20 8 18 24 26 17 37 28 15 0 13 19 2 1 21 36 31 12 35 25 30 4 9 10 7 14 34 6 22 3 39 38 11 5 33
16 1 2 32 9 20 37 39 26 5 25 17 15 33 13 23 14 11 19 18 24 4 31 34 27 28 29 12 10 7 0 36 3
18 32 14 39 22 9 19 12 38 0 33 15 23 36 35 4 17 30 27 29 24 34 25 20 3 28 11 37 6 2 13 1 5 16 8 26
1 25 30 31 34 20 13 6 38 29 21 9 23 5 0 37 18 33 24 10 16 11 8 39 3 35 4 15 26 28 27 22 2 36 7 12 19
5 17 1 10 8 24 4 18 3 30 19 31 32 23 27 16 22 6 26 15 35 37 13 28 36 0 21 2 12 39 25 11 14 38 29 20
38 32 37 8 20 14 24 10 6 7 4 35 9 13 28 12 39 17 30 31 18 16 23 3 0 2 29 26 25 5 21 22 36 11 1 15
7 6 20 28 14 27 1 16 18 11 37 21 34 31 22 13 2 5 39 26 32 12 38 33 29 15 0 8 23 3 19 4 17 10 25
17 23 0 22 1 21 38 15 7 26 39 14 28 37 5 31 8 29 9 19 10 24 11 20 4 3 25 33 32 6 13 18 27 16 30 34 2
26 21 6 4 13 1 34 30 9 39 29 25 32 36 35 28 27 38 18 19 17 8 16 15 23 10 33 20 31 2 14 3 5 11 7 24 22
39 21 19 34 26 15 25 36 32 8 18 24 31 3 28 2 14 27 12 1 37 6 35 17 16 20 22 0 4 23 5 13 29 33 7 11
38 4 2 18 3 16 31 30 1 20 37 36 11 21 23 32 14 28 35 34 26 25 5 7 24 8 0 33 19 15 29 22 10 13 27
