1 30 17 15 36 34 7 19 5 35 18 33 6 37 4 3 20 32 39 28 38 26 25 8 13 31 21 10 2 23 12 11 22 16 24 9 29 27 14
0 26 32 34 31 16 8 9 23 20 18 39 3 27 2 24 35 5 30 4 15 12 14 25 28 6 33 29 7 21 22 36 19 11 17 10 13 37 38
18 37 21 26 20 23 33 19 14 10 35 31 22 29 11 27 3 7 12 13 1 24 17 38 8 5 25 4 9 0 39 36 16 6 30 32 15 28 34
36 16 19 26 17 13 37 30 27 2 0 4 1 22 20 39 7 5 8 38 21 32 29 12 35 9 34 15 18 23 14 11 24 33 25 31 10 28 6
8 32 39 19 26 34 9 14 38 5 0 3 31 24 17 1 35 37 22 2 7 27 20 11 30 13 10 36 29 15 16 33 28 23 12 18 6 25 21
37 18 15 33 7 28 25 6 21 0 29 20 34 24 4 32 11 17 27 10 38 1 14 26 3 39 36 13 12 2 23 35 30 9 19 16 22 8 31
17 21 25 34 9 5 32 22 37 12 0 28 31 27 18 10 14 33 7 11 20 1 8 39 19 2 29 24 35 23 38 26 15 4 16 30 13 3 36
5 17 0 21 28 18 11 31 37 38 25 2 39 32 15 9 35 19 3 29 6 33 14 4 13 22 26 27 30 1 36 12 23 20 24 16 34 8 10
4 21 33 1 13 25 26 17 15 37 14 23 22 36 2 3 30 28 18 35 27 0 38 6 11 29 32 12 39 31 20 10 34 16 24 5 19 9 7
28 35 32 10 18 6 1 22 27 4 14 20 37 26 7 30 34 36 39 15 13 38 3 2 23 25 12 29 19 31 5 24 21 11 0 17 16 33 8
9 31 16 14 17 2 37 33 28 23 24 11 26 5 22 21 6 19 12 25 35 36 0 20 27 38 4 32 13 8 18 39 3 30 29 15 1 34 7
36 23 32 13 14 24 7 2 10 5 18 12 20 29 38 39 16 15 27 6 33 4 37 25 35 8 3 28 0 26 9 34 1 22 30 21 19 17 31
22 13 17 37 21 36 39 15 20 31 6 18 23 25 30 34 2 11 24 1 10 5 16 3 27 26 9 0 14 38 8 7 33 28 4 19 32 35 29
33 12 24 26 11 8 3 14 18 34 35 38 2 22 23 20 29 28 5 16 9 39 17 30 25 7 21 15 0 32 37 31 4 27 19 36 10 1 6
38 35 13 21 26 15 11 10 2 31 4 8 9 25 16 22 23 20 28 5 33 27 6 34 7 1 39 36 37 30 3 12 18 29 24 32 19 0 17
34 38 5 28 0 12 14 8 20 19 23 33 18 7 24 36 1 35 9 11 27 13 3 31 32 17 37 30 29 4 22 26 6 16 25 39 10 21 2
27 3 37 33 25 1 24 30 22 10 35 18 38 14 28 26 21 39 11 13 12 17 36 2 0 19 4 29 9 5 32 20 6 15 31 8 7 23 34
6 0 12 7 37 3 8 10 25 30 5 4 2 32 18 13 35 19 26 16 27 38 29 21 39 33 15 24 31 34 9 22 23 28 20 1 36 11 14
38 5 2 9 26 13 30 20 1 22 34 7 28 19 0 33 16 12 11 15 6 31 35 36 37 17 8 39 3 25 27 24 32 23 10 14 4 29 21
3 23 33 4 28 0 2 35 15 18 20 32 29 26 7 25 30 10 36 38 17 22 34 21 9 6 13 16 24 31 1 39 5 14 12 37 11 8 27
39 36 2 27 12 29 18 1 15 5 9 19 22 0 11 3 13 14 35 32 30 37 31 4 34 28 6 33 10 24 38 23 8 21 7 16 17 26 25
6 8 2 12 32 30 14 38 5 7 34 26 36 22 25 16 10 29 3 13 17 0 37 35 19 27 24 39 1 9 23 20 28 31 11 18 15 33 4
31 12 16 9 6 23 18 21 39 2 20 27 14 13 3 10 8 30 4 28 26 29 19 34 7 37 0 36 25 35 38 1 15 17 11 24 5 33 32
34 11 33 19 32 37 36 1 2 31 30 22 15 10 12 27 13 8 14 25 26 35 5 9 38 24 29 3 0 20 39 21 28 7 18 6 4 17 16
13 27 16 29 35 11 34 5 10 39 38 32 12 4 37 15 1 2 36 28 30 33 23 18 9 20 21 3 17 25 6 19 31 0 14 7 22 8 26
6 16 5 8 37 29 17 7 12 14 31 21 35 23 19 10 30 2 13 1 26 0 11 28 39 9 34 18 27 24 22 3 15 36 4 32 33 20 38
1 3 13 18 2 8 14 4 21 30 36 28 9 34 29 37 31 35 10 16 19 5 23 22 17 0 25 12 38 7 11 15 6 33 39 27 20 32 24
16 35 24 20 32 9 37 3 23 2 39 22 34 31 1 5 6 14 11 4 15 17 8 36 12 29 7 18 10 25 21 33 30 13 28 0 26 38 19
9 15 5 39 19 7 29 33 36 26 18 10 6 37 34 16 32 14 13 24 22 8 0 20 38 1 25 11 27 35 23 4 12 31 21 17 2 3 30
24 32 20 38 28 5 25 2 26 37 19 11 13 21 7 22 34 3 33 17 30 27 23 8 9 1 4 31 6 15 36 14 0 16 39 18 10 35 12
0 37 34 16 21 3 18 23 39 26 12 17 31 9 1 19 22 20 25 24 8 13 35 4 38 29 14 15 5 27 32 7 2 36 11 10 33 6 28
22 1 34 10 32 23 12 14 7 2 25 36 26 35 6 4 27 30 18 37 33 20 0 15 13 9 29 8 17 24 19 39 38 28 3 21 16 5 11
1 11 4 9 23 21 29 6 31 35 27 39 38 33 5 19 7 24 28 20 17 3 0 34 37 13 15 8 30 18 10 36 16 14 2 12 26 25 22
13 23 16 5 8 19 2 28 10 18 0 15 32 38 14 39 6 7 34 31 11 24 29 17 20 27 1 3 37 4 12 26 35 22 30 9 36 21 25
23 15 6 1 37 30 0 31 39 13 21 4 18 36 5 24 12 26 28 27 9 14 33 29 32 20 3 22 19 35 25 17 8 11 38 7 10 16 2
27 9 37 14 32 24 0 19 36 16 2 13 31 26 7 25 1 20 15 4 23 18 38 10 17 3 8 5 30 34 11 21 28 22 6 39 33 12 29
11 3 39 37 20 0 23 12 21 26 28 34 35 31 15 8 5 9 24 18 19 10 14 16 27 2 4 22 7 38 13 1 30 29 32 25 17 33 6
5 38 16 35 2 12 34 30 36 23 17 3 25 6 8 27 10 7 9 28 0 26 29 24 4 31 39 18 20 32 11 13 21 14 15 22 33 19 1
18 37 14 15 39 21 29 32 7 4 13 16 24 11 5 33 2 3 35 19 0 17 28 9 23 30 8 26 10 12 20 36 22 31 6 34 27 1 25
20 36 4 28 38 34 12 32 30 22 1 27 24 7 11 3 16 5 33 9 37 13 0 14 18 17 25 6 2 21 8 23 31 19 35 10 29 26 15
