39 3
17 3 14 27 23
37
1 33 0 28 25 18 6 8 9
17 18 14 10 28 36 39
16 8 31
38 8 36 10 13 11 20 3 23
19 14 36 26 32 17 9 21
13 6 25 5 23 17 3
11 31 10 12 38 7 3
38 4 9 6 18 21
28 9 37 24 23 34 25 31 6 35
17 23 21 9 24 15
8 29 18 6 15 35 24
7 4 1 31 25 36 15 38 17 27 16
37 14 13 23 25 12
5 24 34 20 14
1 4 36 12 7 31 20 14 8 38 25 22
25 4 13 10 3 32
7 34
17 26 6 16
12 29 10 36 26 7
35 17
34 12 11 8 1 15 27 6 39
27 11 36 13 16 12
8 18 14 33 35 11 3 17 15
7 20 33 21
24 33 1 14 23 32
36 11 4 3
13 21
39 36 38
9 14 17 11 5
7 33 18 27
39 3 25 27 32 26 36
23 38 11 19 16
39 25 13 22 11
28 17 6 7 14 4 24 33 21 30 37
15 11 2 36
6 10 34 14 17 9 30 39
33 0 30 35 4 23 38
