34 21 27 20
17 22 37 24 8 23
35 24 4 14 12 21 22 25 6
23 29 11 15 21 31
2 34 17 35 10
33 9 23 29 22 20 37 25 6
34 27 16 14 31 20 17 32 25 2 5
12 8 10 35 32
7 20 24 9 32 1 33 27
5 14 8 26 33 12 30
24 25 7 23 15 14 4 38 21
33 26 15 25 3 19 32 29 14
18 7 31 37 2 9 19
36 33 23 38 24 21 28
35 6 2 9 17 22 10 16 11 20
21 16 11 3 10 19 32 24
28 36 15 6 30 35 21 24 14
1 25 28 4 14 6
12 21 29 30 34 33 32
34 29 11 38 15 12 28 33
32 34 8 26 6 5 22 14 33 0
15 18 32 25 13 0 34 2 3 16 28 10
1 5 31 2 38 14 20
35 28 13 33 30 3 29 5 24 10 25 1 34
10 2 13 25 23 8 1 15 16
17 10 21 11 36 24 38 28 23 2 6 5 37
11 33 38 35 9 20
35 6 29 0 8
16 23 17 13 25 21 19
18 37 23 19 3 5 11 27
23 18 16 32 35 9
12 6 34 22 3
20 21 38 8 30 11 33 34 15 6 7 18
5 34 13 23 11 26 36 32 9 18 8 35 19 20
33 6 19 36 20 4 0 18 31 32 21 23
2 23 27 14 36 4 16 7 26 30 33
13 34 16 35 37 33 25
29 1 36 12 5 25
13 32 26 25 19 22 10

