36 37 39 4 28 10 12 15 26 19 21
39 22 3 14 6 23 32 4 12 29
23 24 29 7 14 5 26 17
11 9 18 8 23 1 21 20 25 32 22 31 38 24
14 5 30 16 32 0 26 6 8 33 23 13 9 1 28 11 39 20 15
39 4 31 13 23 12 37 2 24 15 30 16 7 11 8 9 36
29 20 35 36 34 4 30 1 19 33 38
9 39 2 31 21 23 37 25 32 5 13 15
21 3 20 30 4 34 33 29 9 24 15 14 26 5 12
12 3 7 10 23 14 28 15 8 11 32 4 16 21 22 5
16 34 9 37 31 21 32 0 12 28 24 20 30
3 37 20 17 16 18 32 9 31 35 14 5 4 39
9 30 27 21 36 14 20 5 23 34 29 10 0 39 38 22 31 37 17 13 25 1 8
21 35 32 5 22 26 4 12 34 36 19 20 7 38
35 4 24 37 12 38 36 33 2 9 30 17 1 28 8 39 22 11 26
38 22 23 35 18 28 9 25 5 8 0 17 32 7 4 20 26
10 21 37 32 4 11 22 36 9 5 20 23 33
28 11 27 21 32 37 23 14 29 12 15 2
3 23 36 31 24 30 11 15 22 33 38 25 35
38 31 34 6 26 13 0 33
27 6 12 11 8 3 22 21 38 33 24 29 16 10 13 4 26 15
12 13 35 8 16 10 3 17 7 27 20 28 39 9 0
1 35 13 26 15 31 38 36 20 16 18 33 12 3 23 14 9 37
2 3 18 32 27 5 39 9 12 15 7 17 38 1 4 22 16
27 14 2 18 35 5 33 36 10 8 32 20 3
26 38 3 30 15 7 37 12 18
25 22 4 36 2 13 28 0 19 14 8 20 15
24 12 39 20 23 17 36 21 30
17 30 39 0 9 10 15 26 21 14 4 31 32
39 6 2 12 31 30 36 17 8 20 1
12 4 28 34 14 8 6 18 36 29 25 27 5 10
5 7 18 34 10 22 36 29 19 12 11 3 28
13 23 16 4 10 37 17 3 38 11 9 7 1 24 15 39 28
35 14 24 8 4 22 6 18 20 19 16
10 30 31 12 6 19 8 36 13
33 14 21 13 22 6 15 24 11 18
12 14 0 18 6 37 31 26 22 38 27 30 29 24 16 34 13 5
14 16 11 0 10 32 36 17 5 7 12 25 22
25 15 14 19 22 36 23 12 32 20 18 6 3 13
29 1 5 27 7 23 0 28 12 21 14 4 32 11
