31 14 12 23 32 2 19 28 17 6 3 25 20 30 39 9 36 35 26
25 11 17 29 33 28 10 14 2 3 20 32 31 23 22 4 24 34
20 24 5 25 21 22 37 7 0 33 4 32 17 1 26 13 19 23 10 9 16 38 35
10 28 17 39 13 25 6 27 16 36 0 1 15 11 18 34 37 38
16 9 6 12 11 32 2 36 26 37 31 39 21 30 22 29 1 20 17
2 8 22 21 14 6 38 12 34 35 19 16 23 18 37 13 17 32
36 17 10 4 34 20 39 5 9 3 28 13 11 15 19 16 27 21 0 25 37 31 8 38
37 20 19 2 21 14 27 18 30 35
34 5 27 32 39 9 11 23 13 18 38 35 21 20 24 16 6 33 28
30 4 8 14 21 26 17 23 6 28 18 15 29 34 32 36 0 2
39 3 31 6 32 22 26 13 15 27 25 35 16 1 36 29 14 20 33 11 2
14 1 36 17 35 28 4 8 16 6 20 27 33 21 3 10 18
23 0 28 35 4 18 34 29 22 5 27 37 14 31 26 36
23 17 38 34 3 10 8 6 14 35 2 20 18 5 26
25 11 38 0 36 32 9 22 5 35 19 7 21 1 13 30 12 10 16 34 33
23 10 31 29 6 37 34 9 3 19 28
4 27 23 32 29 11 10 38 31 26 17 3 6 24 21 5 22 8 20 14 35 39 2
13 29 6 3 31 11 30 23 1 26 9 2 0 16 22 39 38 32 27 28 5 4
20 24 21 37 12 28 39 8 34 9 22 13 30 3 7 5 11 27 38 33
36 30 7 26 0 14 31 6 5 22 15 32 2 25 20
18 2 31 7 24 6 34 27 22 8 36 39 33 13 11 1 16 0 10 21 4 30 26 29 19
2 18 35 5 9 7 8 22 14 32 25 6 4 16 11 34 28 37 20 36
24 39 2 5 30 23 10 14 28 12 32 35 21 20 27 17 18 33 19 16 38 36 4 1
13 15 12 0 16 22 17 34 8 35 28 9 36 32 31 5 1 25 2 38
22 2 29 20 18 31 39 34 8 16 35 28 26 25 1 27 37
14 1 36 2 35 3 10 21 34 6 38 0 23 33 24 19
30 32 10 28 19 37 9 17 31 16 4 2 34 35 24 33 27 12 0 20 13
16 8 34 38 29 33 35 20 10 36 22 3 6 12 11 7 17 26 18 24 28 37 31
35 3 12 34 11 18 26 22 0 23 1 6 9 36 37 24 33 17 21 15 27 8
34 39 17 24 27 31 12 16 1 15 38 9 30 10 33 4 20
9 19 26 17 37 22 35 32 36 39 14 29 4 34 38 18 0 7 20
0 20 34 17 10 29 24 35 15 19 16 26 37 4 23 12 6 1 27
38 8 10 0 35 26 14 16 30 4 22 2 21 23 9 1 17 19 5
38 35 27 1 2 34 22 20 11 29 26 28 25 10 8 14 18
29 8 31 27 13 6 38 28 12 23 20 24 37 5 18 26 33 15 25 9 39 30 21 3 1 14
28 33 12 32 21 37 11 25 30 31 27 36 14 22 23 8 10 5 38 13 24 26 16 0 7 2
6 19 25 11 14 35 27 4 28 30 20 3 23 10 22 9 0 12 21
7 18 30 38 35 2 26 34 31 4 39 15 12 28 6 21 5 3 24 27
14 32 13 33 27 39 37 34 5 8 16 35 29 17 25 22 30 3 6 18 2 23
10 29 8 22 38 3 24 18 6 37 30 20 4 17 34 0 16
