25 34 21 2 1 10 13 37 8 16
15 13 33 2 0 24 7 4 26
13 14 33 37 29 0 1 6 10 3 38 19 23 24 28
19 5 25 10 2 11 35 33 12 13 39 4 28 29
18 8 21 36 16 17 26 23 14 35 13 3 1 7 33
3 12 18 19 34 21 38 9 39 36 26
32 17 7 19 2 15 26 29 38
32 8 18 6 33 10 12 20 23 28 1 14 4
25 7 4 36 20 38 19 34 37 0 9 24 18
37 18 30 25 38 19 5 28 8 16 27
11 27 7 3 39 2 17 0 35
17 10 22 25 16 33 3 24 30 35 38
5 16 25 7 19 34 3 31 20 28 21 27
2 1 15 39 0 29 35 3 30 4 22 27 18
32 2 28 39 22 29 4 18 7
1 25 13 37 38 36 6 22 39 28 35
37 24 20 26 12 11 4 25 0 36 9 29
34 31 11 20 6 19 10 4 30 28 29
21 32 4 28 7 23 5 9 38 19 14 34 13 8
3 26 6 5 17 39 21 23 8 37 12 9 32 18 2
17 26 28 16 8 24 21 7 22 12
18 26 4 23 0 5 19 20 34 12
11 34 33 27 15 14 28 20 13 24
39 18 34 21 38 19 7 36 4 2 37 26
16 31 20 33 37 26 34 38 2 1 11 25 32 8 22
8 11 0 3 15 9 12 29 16 24 26 31 27
21 28 19 20 16 37 38 6 31 24 4 23 25 36 5 33 39 1
29 10 33 38 22 37 13 9 30 12 34 25
26 18 14 33 20 38 39 22 7 30 12 9 2 3 15 17 35
27 2 33 13 14 25 6 32 17 16 30 3
33 37 9 39 17 13 28 11 29 27
32 17 24 37 26 12 38 25
6 7 14 18 31 35 19 29 24 36
30 28 2 27 29 7 1 24 22 11 3 26 4
17 0 23 22 5 38 21 8 24 12 18 27
36 32 39 3 13 4 11 10 28 15
35 8 39 4 15 23 26 32 5 16
9 16 30 2 26 15 31 24 19 0 8 23 27
28 23 18 15 5 27 26 8 9 34 2 24 6 31 11
23 14 36 30 35 10 19 28 13 15 5 3 26
