20 25 33 22 18 24 37
36 7 14 18 28 35 23 11 26 9 27
17 36 15 11 22 21 37 26
5 13 4 8 28 36 20 23 35 19
23 3 36 34 27 29 37 13 6 39 33
3 37 12 34 7 15 28 9 36 14 25 27 30 13 17 18 39 26 32 21 24 35
8 33 14 32 19 36 4 18 26 17
32 1 18 5 39 11 13 38 37 22 25
36 28 6 38 20 33 3 26 25 14 34 17 37 21 29
20 25 37 15 35 5 11 1 26 14 23 16
38 27 37 20 28 18 30 31 11 17
29 33 7 9 35 2 39 19 13 1 15 23 10 14
23 16 5 32 13 20 24 22
3 35 17 7 22 37 12 11 24 4 5
22 1 30 24 6 5 8 27 28 9 18 11 31
19 9 39 5 38 2 27 25 32 26 11 35 18
30 12 27 34 23 9
2 13 31 8 5 36 29 32 6 10
39 37 7 29 10 1 38 0 33 21 5 6 28 14 24 35 15
15 21 20 27 34 31 33 29 32 6 11 28 3
9 0 21 10 19 8 38 12 33 3 28 37 26
19 20 31 30 38 36 27 39 2 18 23 5 8 25
14 37 13 30 0 2 7 12 38 24
12 4 24 26 31 1 32 11 21 3 16 9
23 14 37 27 31 13 32 0 26 12 39 5 18 22
0 9 26 5 27 8 15 31 37 7 30 21 32
25 23 8 1 15 9 24 2 5 6 20
10 29 16 19 35 31 5 24 15 25 21 4 39 14 1 34
8 10 5 1 3 19 14 33 20 18
18 11 27 19 36 4 17 8
16 14 21 38 36 22 5 31 32 10 25
21 19 37 27 17 23 24 30 25 10 36 34 14
7 12 38 6 19 37 15 24 30 23 17 5 25
39 6 11 37 19 8 0 20 18 28 4 36
5 19 16 4 35 38 8 31 27
9 27 13 1 11 34 3 15 5 18
8 1 38 5 4 21 2 30 29 6 3 17 33 39 31
10 5 22 18 9 33 38 31 13 24 32 4 8 2 7 25 0 20
10 32 8 36 37 18 21 15 20 30 39 7 34 22
33 18 15 7 11 21 38 27 4 5 24 36
