21 26 24 31 34 38 37 4 1 35 12 7 8 23 14 13 9 17 2 3 11 25 30 39 20 32 29 15 5 36 16 27 22 10 33 19 18 6 28
32 19 13 38 27 24 14 15 0 12 10 20 37 4 16 2 9 31 29 25 22 18 36 11 39 34 23 6 28 26 33 17 7 21 3 30 35 5 8
12 10 37 31 19 38 13 14 33 39 3 22 23 17 4 5 25 20 0 6 1 15 26 27 36 18 7 11 29 30 9 28 24 16 21 32 8 35 34
26 33 36 31 5 14 21 23 35 18 8 13 20 30 27 2 38 16 24 0 25 37 15 32 28 11 4 34 10 19 7 22 12 9 39 29 1 6 17
13 33 36 28 11 0 38 6 26 37 30 34 7 18 20 2 24 39 1 23 15 16 5 8 12 22 19 32 27 9 3 14 31 21 17 35 10 29 25
34 12 3 15 19 38 39 23 35 33 14 28 22 2 36 24 11 32 10 18 20 31 4 29 13 7 30 26 21 37 0 9 25 8 27 6 17 1 16
39 24 33 4 11 29 23 21 25 38 35 34 16 17 28 7 2 27 32 31 14 18 37 10 20 19 1 30 8 9 22 5 26 0 15 12 13 3 36
16 35 10 9 23 28 14 4 0 21 27 17 6 11 33 18 36 30 2 15 32 39 29 5 26 19 37 34 31 3 22 20 12 1 8 24 25 13 38
31 33 38 15 17 23 12 3 32 21 18 0 24 16 39 28 25 4 27 9 20 11 26 35 36 14 19 22 6 5 10 37 29 30 13 2 34 7 1
23 18 14 30 26 34 13 25 15 7 32 19 22 20 31 35 12 29 0 16 1 36 27 11 8 37 39 38 2 5 4 17 21 6 28 33 3 10 24
31 2 12 17 38 7 20 37 14 39 13 1 11 18 33 23 5 36 16 32 30 29 25 19 26 34 21 35 6 22 3 15 8 28 0 4 9 27 24
4 27 16 6 35 37 20 10 18 19 5 7 12 15 0 14 9 2 22 36 24 8 25 33 34 23 1 3 29 32 30 17 39 31 13 38 21 26 28
25 2 5 21 23 26 10 29 17 8 16 27 0 1 30 13 9 36 31 37 15 32 22 11 38 4 35 19 34 14 33 3 28 7 24 18 6 39 20
4 32 30 28 1 9 25 27 14 2 3 15 10 16 12 24 0 39 20 19 31 18 38 29 34 21 33 23 5 37 17 36 26 11 22 8 6 35 7
20 9 29 16 3 27 34 13 10 35 2 1 30 25 19 38 18 7 26 5 37 0 17 22 33 36 11 31 6 15 23 12 8 28 32 4 24 39 21
39 19 34 5 16 8 9 13 37 1 24 31 25 35 36 23 12 33 4 2 22 11 38 28 18 7 32 3 14 29 26 0 30 10 20 6 27 21 17
7 28 17 14 15 32 11 34 12 35 39 36 13 18 19 6 8 23 29 9 3 27 1 10 4 24 38 21 20 26 0 22 2 25 33 30 37 31 5
19 34 16 20 10 30 8 12 36 25 18 24 32 2 14 6 22 7 27 0 26 28 33 21 39 31 13 23 11 29 9 4 35 1 37 5 3 38 15
9 37 38 33 26 36 3 31 25 17 20 32 8 14 39 21 16 4 10 11 19 7 5 34 24 13 2 15 23 6 1 28 27 22 29 35 30 0 12
17 26 1 28 15 34 2 5 30 21 14 9 32 38 27 16 11 18 29 13 23 31 10 12 24 36 20 4 25 7 8 37 6 22 3 35 0 39 33
14 39 17 25 10 18 3 27 31 23 9 38 37 4 11 26 1 24 13 2 29 5 21 8 19 34 0 35 32 36 30 16 6 22 33 7 15 28 12
0 35 12 3 25 23 8 19 36 33 6 26 18 39 7 30 32 22 20 37 17 27 34 13 16 10 5 4 31 9 28 24 29 38 2 11 1 14 15
31 39 25 28 24 9 2 35 5 34 17 29 14 12 15 37 21 30 11 1 4 38 27 18 32 23 8 19 33 10 20 0 7 16 6 3 26 13 36
9 12 3 29 21 8 7 24 36 6 37 34 20 5 32 0 2 16 15 10 39 4 19 25 27 38 13 18 30 11 28 14 17 22 1 31 35 33 26
28 0 6 1 17 23 15 30 39 22 36 37 8 31 20 13 4 5 3 18 27 19 11 16 25 26 32 35 2 29 34 33 21 38 14 12 10 9 7
12 13 31 21 9 20 34 17 22 18 14 29 6 32 15 30 2 28 33 23 8 0 3 1 37 10 11 24 19 26 36 35 5 38 39 16 27 7 4
3 0 19 18 9 12 29 30 31 4 34 21 37 14 20 32 17 38 2 33 36 28 27 39 10 8 7 5 24 25 15 13 16 1 22 35 11 6 23
38 31 13 14 33 11 36 1 12 32 20 3 19 7 29 37 17 34 16 6 23 9 2 21 8 24 26 28 22 18 4 39 35 30 0 5 10 15 25
24 16 19 13 4 33 7 22 29 5 34 6 35 25 17 8 15 26 27 18 3 23 38 37 14 2 1 21 10 31 9 32 12 30 0 20 11 36 39
14 26 23 12 6 39 25 30 35 32 28 33 36 9 22 27 16 19 20 1 13 10 5 7 15 2 11 0 17 31 24 21 37 18 34 8 3 38 4
9 13 17 19 26 31 4 14 29 24 25 3 12 21 35 7 32 36 33 22 38 34 10 0 23 5 2 20 11 37 6 15 39 27 28 18 8 1 16
10 22 8 27 0 33 3 25 2 18 36 32 30 26 37 34 38 20 15 9 24 12 1 5 13 14 19 6 35 39 17 29 23 4 11 21 7 28 16
1 13 36 16 38 33 8 31 9 18 19 27 17 29 25 23 26 21 35 5 12 6 30 10 37 39 7 15 3 4 20 0 22 11 24 14 28 2 34
38 18 3 34 31 4 8 28 27 32 6 21 2 35 5 29 39 10 25 7 15 14 17 30 26 37 13 11 12 36 22 20 24 0 9 1 23 16 19
5 33 17 15 9 19 0 25 14 16 4 31 26 23 6 36 35 22 28 27 18 30 21 13 10 20 11 12 1 7 3 24 37 29 38 32 8 39 2
21 7 3 14 36 16 11 29 6 0 5 15 33 9 34 22 28 30 32 12 31 8 20 39 10 27 38 25 24 23 37 4 17 19 26 18 1 2 13
3 32 4 18 17 27 35 31 39 21 23 16 24 15 34 29 12 5 7 14 10 9 30 2 26 11 19 38 1 8 20 13 33 25 37 0 22 6 28
18 2 10 0 39 15 4 31 23 26 20 11 24 14 1 27 12 22 21 32 25 33 3 9 38 13 28 6 30 5 19 7 36 35 8 34 29 17 16
27 33 18 8 39 10 1 0 2 32 4 5 14 31 6 20 19 3 26 12 15 30 13 23 36 37 22 16 28 9 35 25 11 21 29 24 34 17 7
15 20 6 38 22 37 36 16 29 24 18 5 10 21 2 33 8 4 13 23 17 32 0 26 7 9 31 35 1 27 30 11 25 3 14 19 12 28 34
