7 38 24 39 26 30 22 18 2 12 13 25 9
11 17 4 20 28 10 39 36 38 9 14 15
37 11 31 16 26 4 24 27 12 0 18 25 29
32 4 16 8 39 31 5 7 13 35
3 5 39 6 1 29 2 17 28 30 22 31 14 21 27 33 20 19
21 38 4 22 39 17 19 3 20 28 26 27 33 11 37 13 30 8 25 18
11 35 37 4 9 24 30 25 23 28 20
0 27 37 13 9 10 28 19 15 39 3 11 32 29
12 22 18 26 31 16 3 34 14 37 5
33 28 7 23 29 6 32 18 35 19 13 1 31 0
7 28 33 1 26 22 30 16 39 18 20
2 12 17 28 6 14 1 19 7 27 35 18 5 36 16 37 39
8 16 11 18 36 13 38 27 17 22 20 2 35 0 23
39 7 18 20 12 19 27 15 3 26 36 32 5 30 9 24 0 31
11 8 4 28 19 24 1 38
21 18 32 7 36 13 34 20 35 1
12 2 28 3 31 8 18 39 33 26 11 36 10 20 25 27
11 25 1 27 5 12 4 29 31 30 35 18 23 39
8 15 12 13 20 39 16 38 33 35 11 0 32 27 9 2 10 17 34 22 5
7 23 11 34 13 5 24 38 29 9 14 30 4
37 32 13 27 18 25 5 1 36 12 15 6 16 4 10
15 5 32 38 33 35 22 31 4 27 30
8 5 32 37 29 0 12 4 21 10 35 31 18 36
31 37 27 32 9 19 30 6 38 26 28 12 17
0 31 6 2 19 38 35 13 14
17 29 20 30 6 27 35 2 5 16 31 0
37 31 8 2 32 0 13 27 5 10 16 35 23 36 39
7 23 34 20 17 13 12 11 39 25 26 5 2 18 4 21 16
9 11 34 7 16 10 36 1 4 5 6 14 35 33 23 29
9 38 4 25 22 17 19 28 7 2
36 33 39 0 6 37 23 25 4 17 13 10 5 34 19 21
26 2 39 23 24 8 16 3 4 21 17 22 36 25 9 13
3 15 21 39 20 26 23 36 22 9 7 18 13 35
9 30 21 10 18 5 16 34 28 4 35
28 27 19 35 8 15 33 30 18
6 34 21 11 24 15 25 18 3 17 12 26 28 32 9 22 33
30 12 15 32 28 20 1 13 11 16 31 26 22
26 2 7 20 23 6 22 30 8 5 11
0 5 21 29 12 18 19 24 39 23 1 14
31 0 13 32 4 5 30 18 3 7 16 1 27 38 10 11 17 26
