37 27 11 24 31 1 18 35 33 14 6 23 30 13 7 17 9 15 8 4 16 38 39
32 28 39 15 24 38 36 34 7 14 26 0 16 37 20 29 21 17 9 18 4 33 10 27 35 19 11 2 8 3
10 26 25 27 30 37 32 31 14 19 34 13 6 8 28 4 20 5 1 22 12 29 3 38 36
18 7 24 9 29 30 27 33 14 12 36 20 35 11 39 6 8 15 23 38 5 21 34 31 1 37 2 22 10 25
19 22 39 9 18 26 31 7 5 34 27 14 6 30 13 16 20 24 8 25 23 36 10 1 2 17 0
35 33 6 17 32 4 22 30 7 13 39 31 20 14 11 37 24 28 26 38 9 3 10 2 25 12 23
12 13 28 5 7 16 20 27 15 17 4 10 29 33 26 0 36 2 3 19 31 32 18 22 9 30 25
3 31 36 6 4 1 30 5 14 15 32 19 11 28 33 16 25 9 17 13 21 29 0 34 26 24 38 37
12 23 17 34 36 10 4 33 29 19 22 21 27 24 38 2 20 14 3 16 11 31 30 26 18 0 1 39
28 31 4 35 3 34 19 39 21 23 26 38 11 15 27 20 33 7 1 37 25 14 5 32 0 6 22
13 12 2 20 15 14 32 29 28 31 30 8 6 35 18 16 36 19 11 39 25 4 1 24 5 22 17 33 34 3
39 24 0 26 30 17 15 34 16 20 7 19 3 28 9 5 10 35 27 8 38 23 1 22 31 14 32 12 13 21
10 8 6 39 23 15 14 35 3 16 18 30 26 28 31 36 20 24 13 17 2 11 5
25 10 14 6 39 33 37 30 17 5 4 21 22 34 2 7 15 35 0 38 20 16 12 36 26 27 11
13 10 36 1 21 4 23 12 22 26 3 7 31 2 33 32 0 35 5 38 19 18 8 9 27 15 29 11 30 17 39
10 1 33 31 6 12 25 11 7 19 30 34 18 9 35 13 26 3 27 20 28 14 39 0 38 29 22 36 17 23 24
25 19 39 6 24 33 28 12 11 4 17 22 1 10 7 37 18 26 8 30 32 13 23 31 27 20 34 0
34 18 32 5 23 27 39 8 11 6 13 29 31 20 16 24 33 25 19 1 37 7 36 21 4 0 10 12 38 15 14
26 3 4 17 28 12 0 38 10 15 29 23 14 16 1 19 39 37 8 6 27 21 35 36 33 30 24
4 16 9 21 28 23 39 7 15 35 37 11 2 8 29 36 10 17 14 33 38 6 18 1 24 32 27
10 27 6 26 31 11 17 34 3 4 28 24 5 1 9 8 12 21 36 32 22 25 2 33 13 15 35 30 16 23
34 25 19 31 14 9 29 27 37 13 30 23 35 1 8 26 20 7 17 33 3 24 39 18 11
25 4 5 14 13 16 26 8 29 32 35 20 30 23 10 15 36 6 9 11 33 2 34 31 24 39 3
39 30 36 8 28 38 17 12 14 31 9 19 26 27 35 21 4 0 18 29 37 3 34 11 16 22 33 15 20 5
11 3 27 33 1 16 0 25 29 20 4 30 17 34 39 8 5 12 10 7 21 19 26 36 32 18 22 15 35
13 22 31 16 21 2 39 35 15 27 33 24 28 29 37 34 17 4 7 10 38 9 20 5 32 6 3
18 29 2 4 11 1 20 14 23 9 39 22 6 12 38 36 21 16 15 5 31 7 30 8 32 24 34 13
24 20 0 6 17 2 4 25 3 21 39 23 8 9 38 28 31 11 29 15 1 14 36 16 18 33 13 19
9 31 1 6 23 19 10 16 18 25 20 7 11 27 12 37 5 2 15 32 38 36 30 29 35
34 26 39 35 3 10 21 24 17 38 6 25 8 1 19 22 18 23 27 7 32 15 14 28 31 2
38 23 37 3 11 2 33 13 5 7 10 4 39 24 32 12 21 15 31 0 22 16 8 26 28 35 20 18 6 36 14
28 25 7 9 32 4 21 15 10 0 23 33 20 5 36 17 2 14 37 12 27 30 35 6 26 8 16 11 3 29 22 34 38
1 36 17 31 10 5 39 7 33 2 34 30 14 22 20 29 6 16 28 9 35 26 19 24 11 25 38
5 24 15 13 16 30 25 3 31 32 14 8 0 17 37 6 7 9 19 1 21 20 23 36 10 22 18 27 34
21 29 37 17 9 1 4 8 11 32 20 39 25 24 15 2 13 38 35 23 7 36 3 26 22 16 10 31 33
5 9 38 29 25 12 36 19 10 3 23 0 39 14 21 11 22 15 34 13 31 1 20 32 30 18 28 24
7 23 32 14 1 8 35 3 31 38 19 10 6 26 12 4 17 20 37 34 27 33 28 39 15 22 24 18 13 30 2
0 34 30 13 2 25 21 19 33 1 31 17 16 5 9 28 23 36 18 7 3
30 35 23 1 29 18 9 39 26 36 14 27 8 25 19 34 13 5 11 3 28 15 17 7 2 32 0 31
11 23 4 29 1 12 16 9 17 13 25 32 5 19 27 30 34 35 26 24 3 38 10 18 15 36 21 8 22 0 14
