1 28 19 22 23 26 31 39 5 36 21 34 32 27 14 25 11 18 33 6 15 4 30 20 12 10 2 3 37 9
0 22 32 19 8 23 6 2 16 15 21 20 18 11 27 31 33 29 34 4 35 17 3 5 39 38 12 28 30 13 24 14
27 13 23 6 18 1 29 8 25 3 11 26 4 31 21 10 36 24 15 38 16 37 0 5 19
27 11 10 36 12 33 2 6 24 38 13 9 28 31 5 32 30 7 34 23 39 15 1 21 20 0 18 25 8 26 37 17
10 25 23 19 21 38 9 32 18 20 29 7 12 24 39 26 15 30 2 35 17 11 28 1 13 0 22 36 27 34 5
37 25 27 29 9 0 6 33 11 21 12 38 3 22 26 16 30 15 1 7 31 18 14 2 20 4 35 8
31 23 2 9 12 1 19 29 10 8 5 17 35 3 22 33 18 0 28 24 27 30 11 7 21
27 24 9 16 10 21 13 38 4 37 11 19 12 28 22 15 33 32 8 14 35 39 17 36 3 34 31 23 5 26 6 30
17 27 24 30 32 19 1 29 37 38 15 20 6 2 9 25 12 39 18 22 11 28 7 31 13 21 14 3 5
7 6 18 13 5 26 11 17 4 8 35 37 14 23 3 32 12 36 16 33 27 39 30 34 10 24 0 25
4 27 32 33 25 7 22 3 6 31 21 13 28 38 24 2 26 14 11 12 29 35 19 39 0 9 20
38 21 26 3 32 12 34 9 20 35 30 1 15 7 2 8 5 31 0 36 10 4 13 33 29 19 28 17 6
25 36 11 6 39 38 31 3 34 21 4 8 35 7 37 5 9 30 24 16 18 26 10 28 0 29 14 1 33 32
2 9 21 7 10 20 30 3 23 15 28 35 29 31 33 36 16 17 4 11 26 8 14 1 27
15 30 36 34 25 22 17 18 29 32 9 26 38 21 0 39 28 24 31 7 23 27 10 33 37 12 5 13 8 1
17 39 33 14 30 8 1 36 25 22 11 16 7 13 37 4 19 26 2 32 23 0 3 18 5 35 27 31 21
29 23 7 1 26 39 15 17 33 24 9 12 5 13 31 18 36 19 2 37 20 34
8 15 38 31 19 9 29 14 6 32 33 26 16 39 4 24 27 7 37 36 13 1 11 20 21 3
2 9 31 4 35 14 21 38 1 8 39 22 6 20 30 12 36 19 0 23 27 16 24 28 25 15 5 3
1 4 8 0 25 30 39 6 17 32 7 21 15 31 24 37 18 36 34 10 16 38 11 27 2
39 27 30 11 22 37 8 1 4 13 35 21 36 18 38 0 3 16 26 17 5 10 31 23
23 11 4 13 30 29 7 1 18 0 10 35 12 28 14 19 20 5 33 38 22 2 36 24 26 3 8 15 17 6
39 1 29 0 10 26 14 20 33 28 15 24 7 6 8 18 32 30 35 36 21 5 38 4 37 25
21 30 6 4 2 16 1 0 27 9 13 24 14 38 18 15 3 37 34 25 7 20
7 8 37 34 22 3 28 4 27 25 31 23 30 16 10 14 12 19 17 2 21 39 18 6 9 1
12 33 5 4 31 19 10 14 28 15 39 2 8 38 24 0 37 26 18 23 29 3 22 34 35 9
11 39 9 0 16 22 31 28 17 4 14 33 27 30 2 15 10 5 12 35 25 13 21 37 20 7 29 3
2 10 7 8 3 5 38 20 37 30 31 0 1 24 23 33 26 14 9 17 39 34 18 4 6 32 19 15 28 13 36 35
0 38 39 31 25 36 22 34 21 26 10 24 37 7 13 3 14 8 35 4 12 6 18 11 1 27
16 22 8 5 21 34 2 36 6 17 4 14 35 13 1 10 30 11 12 25 31 26
31 23 8 14 15 19 21 20 35 27 11 39 37 13 26 24 22 4 12 18 3 5 0 29 9 34 6 1 32 7 38
30 6 25 12 0 17 39 26 33 18 28 10 27 36 24 3 1 11 14 2 19 35 13 16 37 8 7 5 29 38 15 20 34
36 1 8 10 38 11 34 4 19 17 0 14 22 9 7 3 35 39 15 27 12 30
25 15 10 31 36 22 3 17 5 27 26 6 16 7 21 9 14 13 39 1 0 37 11 38 12 35
29 14 11 32 24 38 0 12 35 28 39 37 1 3 27 19 23 7 9 30 16 4 25 31
30 11 18 21 34 6 39 9 29 12 20 13 22 4 28 7 31 26 32 10 1 37 15 33 5 25 27
12 32 14 29 3 15 33 38 28 0 31 20 9 22 11 13 7 18 17 2 21 19 16 4 27
5 39 24 8 27 20 7 9 28 30 12 34 15 25 19 17 33 23 14 31 38 2 16 26 35 0 22 3
11 17 32 28 27 12 4 8 7 36 18 34 25 14 3 10 5 21 23 20 2 22 37 33 19 39 1 31 30
15 22 20 26 12 37 19 0 31 28 30 25 35 8 16 18 4 34 14 17 7 9 33 27 32 24 10 3 38 1
