3 21 27 31 14 39 22 16 10 37 29 33 24 11 4 2 28 34 12 1 38 32 17 36 30 23 13 25 26 35 5 19 20 7 18 15 6 9 8
20 8 18 19 36 24 38 11 2 15 17 28 39 12 25 31 14 29 3 35 6 9 7 0 10 22 27 5 23 37 26 33 21 4 32 30 34 16 13
7 30 20 5 35 25 6 13 1 32 4 39 29 0 15 17 18 23 19 16 34 9 36 28 38 10 21 26 33 31 22 12 3 24 8 27 11 37 14
18 9 0 23 15 24 26 4 17 27 39 21 1 12 5 37 11 35 28 13 34 2 29 38 7 22 19 25 36 8 33 32 10 30 31 6 14 20 16
8 16 30 27 33 17 12 22 5 34 3 2 0 9 21 10 7 39 13 25 24 32 31 26 37 18 38 19 28 14 6 15 23 1 20 35 29 36 11
16 27 23 20 8 14 2 25 32 30 4 28 19 31 34 9 12 17 29 18 37 3 15 26 1 22 11 39 10 24 35 13 38 0 36 33 6 21 7
26 22 34 18 2 20 15 17 39 11 1 9 30 32 19 10 16 29 4 31 7 36 13 5 12 23 37 24 35 28 14 33 21 8 38 27 0 3 25
2 36 12 21 38 22 10 20 8 30 24 33 11 26 28 4 14 13 1 17 19 27 15 37 25 23 3 34 18 9 6 39 32 16 0 29 5 31 35
4 35 1 23 29 27 24 5 12 14 9 7 39 22 36 38 17 33 25 15 28 18 34 10 32 11 31 20 21 13 3 37 16 2 19 6 30 26 0
13 3 10 25 34 39 8 11 24 35 17 18 22 5 21 4 37 2 28 15 6 19 1 16 27 31 26 33 38 36 7 30 14 23 29 12 20 0 32
35 9 15 23 33 24 34 7 22 13 11 28 0 4 36 12 31 38 37 2 19 32 39 8 25 17 1 29 16 6 27 30 5 18 21 14 3 26 20
30 15 39 38 16 9 29 28 22 10 1 37 31 23 0 6 17 7 21 25 26 24 35 3 13 33 12 8 27 19 14 5 36 20 34 18 32 2 4
22 23 7 4 17 8 36 34 37 20 1 30 26 33 32 5 38 0 10 31 3 27 24 21 15 28 11 14 13 2 16 29 35 6 18 19 39 25 9
9 35 22 27 18 26 33 10 14 2 34 32 30 36 7 4 21 11 25 28 12 38 3 17 20 0 19 24 8 16 15 5 37 6 29 23 31 1 39
21 0 31 19 26 5 8 36 18 13 34 24 28 37 1 17 25 7 22 15 12 33 11 23 4 38 27 35 16 9 20 10 29 6 30 2 39 32 3
11 38 23 10 32 3 29 6 1 19 25 2 33 22 20 21 9 8 12 14 5 7 31 28 26 16 36 18 4 37 17 13 30 24 39 35 34 0 27
26 28 4 5 17 0 11 33 23 27 38 37 19 34 30 24 21 2 25 9 36 15 10 22 39 6 12 31 13 14 35 7 18 8 20 32 29 1 3
23 16 19 29 4 12 35 32 3 6 1 18 9 25 8 11 20 2 14 5 7 31 28 24 0 10 36 30 13 34 15 38 21 27 37 33 22 39 26
37 3 28 1 31 13 6 21 26 14 34 27 20 32 19 17 29 9 24 23 2 5 25 35 8 4 38 7 15 10 36 33 16 12 11 22 30 0 39
36 17 1 28 14 38 21 33 18 16 5 37 25 15 30 2 9 6 34 10 7 29 22 23 32 11 24 4 31 26 13 3 39 0 12 20 35 8 27
1 30 5 35 32 2 29 7 6 18 33 34 26 12 31 21 17 15 28 27 36 8 13 11 23 37 14 0 4 16 25 9 19 22 24 38 3 39 10
14 23 0 37 7 19 18 33 30 34 22 3 20 35 16 9 4 28 29 25 15 11 13 12 38 2 8 27 17 10 1 31 36 39 5 6 26 32 24
13 6 12 25 37 0 7 4 10 11 8 21 30 9 34 27 15 35 14 26 24 31 32 19 1 16 23 2 5 3 38 33 36 28 29 18 20 39 17
17 12 8 21 15 5 3 10 29 36 31 16 35 28 27 11 24 18 2 37 33 19 22 7 1 34 0 14 26 20 39 32 25 4 6 9 30 13 38
8 38 1 10 3 14 9 27 7 29 18 0 23 16 25 39 31 30 11 12 32 26 4 22 17 36 19 13 5 15 2 37 33 6 34 28 35 20 21
22 35 9 31 36 37 5 2 27 1 17 19 24 15 14 21 11 28 18 8 4 16 38 32 13 10 33 7 0 26 3 34 29 23 20 12 39 30 6
31 16 6 13 14 18 39 3 37 35 29 20 30 12 7 33 11 24 22 4 15 36 9 2 34 28 5 32 19 25 1 0 23 38 10 27 21 8 17
37 5 0 8 4 13 35 16 18 25 32 24 3 23 22 20 12 9 29 7 33 36 1 11 10 28 39 21 14 31 30 17 2 38 26 6 34 15 19
16 18 19 11 23 5 14 10 1 31 33 7 21 0 20 30 37 38 25 2 35 9 8 32 12 17 13 15 26 3 4 27 34 39 22 6 29 24 36
8 23 37 17 20 15 34 31 11 32 18 26 24 2 0 33 1 35 21 5 27 39 36 10 19 38 3 6 30 12 25 22 13 14 9 7 16 28 4
11 4 20 2 31 21 5 7 22 26 12 19 39 16 32 13 24 28 34 6 35 37 33 36 17 0 38 10 29 9 15 27 1 23 3 18 25 14 8
26 0 25 18 14 23 30 34 35 29 37 28 5 20 11 1 24 12 10 38 17 22 4 15 39 9 8 2 19 16 36 27 6 33 32 21 3 13 7
15 20 5 36 18 29 17 27 2 35 38 13 30 12 24 6 28 10 4 25 8 0 22 19 33 26 34 31 23 7 37 1 3 16 39 11 21 9 14
4 10 21 13 16 19 20 35 38 0 28 29 12 7 15 26 8 23 36 11 37 30 25 27 2 9 32 14 34 22 39 31 3 1 18 5 24 17 6
6 9 10 31 12 29 18 21 4 14 16 20 5 13 22 36 37 0 2 30 19 8 38 39 26 35 23 3 28 7 32 17 33 11 25 15 1 24 27
10 13 25 8 36 20 27 2 39 17 38 31 23 33 32 26 9 21 29 1 28 11 22 18 30 3 34 14 0 12 5 16 15 37 6 4 19 24 7
19 35 25 7 1 23 12 14 32 8 34 38 13 10 2 37 33 16 29 20 30 26 17 27 24 0 15 11 22 9 31 3 18 6 5 21 28 39 4
27 18 22 21 29 25 31 16 12 26 0 11 14 19 34 9 28 38 5 36 23 3 10 33 30 7 4 1 15 39 20 13 32 24 8 35 17 6 2
15 11 24 7 19 35 1 16 8 33 32 39 36 12 28 37 10 2 31 21 25 0 34 18 29 13 4 30 14 3 22 9 17 5 26 27 23 6 20
11 9 0 35 8 26 2 1 3 6 30 38 24 4 29 10 31 34 16 5 27 33 23 37 28 19 7 15 21 12 32 25 36 22 13 17 14 20 18
