8 32 29 20 23 38 15 4 9 28 14 27 11 31 33 16 24 36 7 35 18 6 26 1 22 17
39 16 31 8 21 23 13 15 38 33 28 20 6 18 27 7 11 36 32 25 34 30 29 0 35 9 3 4
7 28 21 33 30 11 26 17 18 35 24 22 13 31 9 32 8 12 34 20 36 10
39 31 11 10 8 7 17 24 6 14 30 34 4 16 27 19 15 20 28 37 1
36 14 17 33 16 18 11 30 34 6 15 0 9 12 13 27 38 25 31 3 24 29 39 8 35 10 20 32 7 22 1
36 35 12 20 6 14 34 19 22 25 38 11 33 21 23 27 17 16 13 8 24 7 29 32 18
30 5 37 34 22 4 25 32 33 20 38 29 3 17 18 9 13 16 15 1 28 10 23 27 39 31 0 14 36 24 26 35
2 32 18 3 24 26 20 22 36 15 21 33 25 16 29 12 35 1 0 17 5 39 23 13 38 4 31 34 9
27 0 37 1 25 3 39 22 15 20 16 24 10 9 30 11 23 32 38 5 33 4 19 28 12 2 36 21 34
38 21 28 24 17 4 11 26 30 0 29 27 6 36 8 23 34 32 22 37 33 35 31 19 25 12 2 13 1 7 14
3 34 12 16 35 26 33 36 29 24 25 28 8 30 13 18 21 6 20 15 31 38 4 11 19 39 22 2
26 13 27 4 30 3 14 9 5 19 25 17 2 16 21 18 0 36 20 33 8 12 34 1 24 10 38 22 35 23
5 24 27 10 13 30 4 16 14 36 19 11 7 32 15 26 28 31 9 20 34 8 23 2 22
16 24 39 11 21 20 30 28 1 12 4 35 27 34 6 19 10 36 23 33 29 25 5 17 2 7 9 31 38
17 31 4 37 5 33 26 19 27 11 23 24 20 12 34 0 3 38 32 15 25 39 29 6 21 9
36 31 28 8 0 20 4 37 1 23 7 33 27 22 14 6 18 26 12 16 30 24 10 34 3 38
13 1 4 29 28 10 8 12 11 37 17 7 31 6 0 36 22 23 3 39 30 5 15 32 38 35 20
14 36 4 9 31 3 11 6 16 21 22 2 29 5 23 37 28 30 26 34 7 24 19 35 13 27 0
29 27 4 26 37 20 7 39 23 6 32 11 2 28 34 1 21 33 10 15 35 0 31 24 38 5
26 14 21 5 11 23 13 28 12 37 29 34 36 30 3 9 8 35 17 10 31 22
24 5 21 13 0 28 18 15 34 25 6 8 7 36 14 26 29 11 1 39 23 27 22 32 10 37 33 12 38 4 16 3 35 2 31
27 22 2 20 9 36 13 1 19 33 24 31 11 7 5 17 28 26 18 10 30 39 34 14 8 38
25 21 38 28 6 8 5 23 39 37 7 17 15 9 16 31 24 20 34 30 2 26 35 0 19 10 12 11 4
33 0 1 36 22 14 29 18 27 15 34 19 9 5 8 20 13 17 16 30 6 31 39 7 26 32 12 35 11
13 36 12 20 27 30 9 28 14 7 10 21 3 39 8 33 32 2 0 37 22 4 17 15 34 11 5 6 26 18
22 37 29 30 8 6 39 27 5 20 11 10 28 34 35 4 7 38 26 14 13 36 1 9
19 11 18 34 14 29 31 10 36 9 7 20 27 2 21 35 37 25 15 17 12 30 38 0 22 6 23 24 33
8 18 21 11 24 12 34 14 25 29 9 13 23 0 35 4 30 26 31 15 37 5 1 20 33 3 6 28 38 17
39 2 15 22 9 20 16 13 34 24 38 29 0 25 37 10 1 21 18 32 19 35 17 6 31 12 27 33 8 3
18 0 39 25 30 16 26 9 32 10 23 27 28 6 33 31 20 17 7 19 13 4 14 36 1 34 35 5
34 6 11 33 25 29 4 13 24 9 12 2 38 39 3 27 8 10 17 31 21 16 23 22 19 26 15 1 36 37
14 1 15 3 26 33 38 17 29 21 0 27 16 39 4 22 30 36 28 12 9 37 23 6 34 10 18 2 7 19 13 20
34 0 6 7 29 18 14 28 38 24 9 12 8 20 36 1 16 4 35 2 23 5 39
4 23 30 14 2 21 1 10 6 31 35 39 5 36 29 15 24 7 11 0 37 18 34 9 27 13 28 20 8 26
32 30 6 10 5 26 4 38 27 28 20 39 14 13 25 23 3 9 18 19 33 11 22 17 36 1 31 24 35 12 29 21 15 2 7 8
5 10 33 37 13 27 25 26 2 38 28 7 18 0 9 4 34 19 17 29 16 32 22 6 23 20 1 11
5 4 15 24 17 21 23 39 26 38 10 20 37 7 33 11 9 12 16 13 31 0 19 34 1 32 25 29 6 30 8 2
38 25 8 6 14 18 15 35 22 36 28 16 27 19 26 33 17 9 24 31 20 30 3
9 37 22 34 0 1 36 5 28 31 6 30 14 4 32 25 35 39 26 27 8 20 10 16 15 7 11 13 18 21
1 3 28 13 29 8 25 36 18 22 34 33 30 24 31 20 38 16 6 14 4 23 21 7 10 32
