12 17 6 29 24 26 20 13 19 5 18 37 28 21 11 39 31 15 38 9 16 14 36 7 27 3 22 1 32 8 23 33 30 25 34 2 10 35 4
19 18 16 31 26 20 27 28 22 17 39 5 34 36 32 23 37 9 35 2 6 29 24 13 8 38 30 12 4 3 25 0 7 14 11 33 21 10 15
28 33 31 17 4 16 13 22 24 39 15 12 21 27 3 35 8 14 11 26 32 6 38 10 1 25 7 19 20 9 18 5 29 37 23 34 0 36 30
16 33 5 35 11 17 21 6 39 18 15 37 7 19 29 32 9 13 2 23 34 30 22 10 26 24 31 4 36 28 38 0 25 1 27 8 20 12 14
26 38 32 28 15 16 2 34 10 12 35 17 22 8 20 23 13 29 30 19 6 31 33 27 24 3 39 21 5 9 1 37 36 14 18 11 7 25 0
3 28 37 32 35 9 18 15 0 39 34 12 1 6 10 38 36 29 11 26 25 7 22 23 19 30 4 17 27 24 31 20 14 8 13 2 21 33 16
14 0 34 28 21 3 25 38 18 11 36 29 12 5 23 24 4 22 10 16 30 19 37 7 2 39 26 1 17 27 9 35 15 20 31 32 8 13
35 18 19 15 8 31 9 25 24 12 3 13 38 21 30 16 39 32 22 10 33 36 27 23 5 6 11 0 2 20 17 34 1 29 26 28 4 37 14
19 15 12 28 7 16 13 20 4 24 10 33 18 37 17 39 38 30 2 32 36 35 1 25 27 11 29 34 14 5 22 0 26 3 6 9 31 23 21
20 25 21 14 11 12 7 5 18 3 1 15 32 26 28 19 0 16 34 33 22 4 23 2 13 27 6 31 24 30 29 37 10 36 39 35 8 17 38
13 35 24 37 4 39 28 12 33 19 8 21 30 32 18 5 31 17 22 3 7 6 11 27 20 34 23 2 16 38 26 29 15 9 25 36 0 1 14
21 15 29 3 38 22 9 19 34 6 30 36 17 20 0 10 23 14 5 25 2 39 35 16 7 8 18 32 24 1 31 4 26 33 27 12 28 37 13
0 25 8 38 4 9 22 39 37 33 10 15 31 7 6 21 35 17 5 2 28 32 29 19 36 34 27 1 24 16 14 30 13 23 11 18 20 3 26
36 17 37 30 10 21 2 15 8 0 7 16 3 25 4 19 20 33 22 39 24 32 18 1 9 23 12 5 31 35 38 28 29 34 27 11 26 14 6
34 6 16 9 37 24 17 31 23 19 30 18 22 20 25 29 36 39 11 2 15 33 0 26 35 28 38 27 5 12 32 8 4 1 21 3 13 7 10
33 11 8 4 35 7 32 13 12 3 30 23 34 5 2 24 21 0 9 14 39 38 31 19 36 29 27 22 17 37 16 6 25 10 26 28 18 20 1
32 3 14 37 1 4 2 34 8 35 39 38 7 27 13 23 36 6 26 24 28 0 9 11 33 25 10 29 21 31 30 12 17 22 15 5 20 19 18
13 0 2 3 14 20 27 4 33 21 39 1 29 12 8 23 10 11 22 32 34 18 28 26 36 25 6 7 5 19 24 16 15 31 35 38 9 30 37
20 1 36 21 30 19 7 35 37 27 3 5 29 6 14 8 9 0 10 26 28 32 33 23 17 22 13 39 11 2 25 38 4 34 24 31 12 15 16
1 28 8 26 29 18 31 7 24 11 20 10 3 14 38 0 25 32 13 4 30 6 12 9 37 15 36 5 2 35 17 22 21 23 33 39 34 27 16
9 18 24 1 17 34 0 19 8 36 30 29 38 4 25 14 22 13 11 32 10 28 33 7 39 2 5 21 31 6 37 16 26 23 12 3 27 35 15
11 18 9 13 30 36 26 6 3 29 17 38 31 12 7 10 25 32 28 2 34 27 0 15 35 33 39 4 16 19 20 24 22 23 37 14 5 1 8
35 26 33 11 34 12 29 4 2 1 14 28 37 36 10 20 7 3 6 23 13 38 17 24 39 5 18 15 30 9 32 0 19 21 16 31 8 27 25
26 36 24 35 39 14 32 15 31 17 16 4 3 6 27 1 22 11 18 34 7 25 10 5 9 29 13 19 33 21 0 12 30 37 2 28 20 8 38
26 23 14 10 31 20 28 19 0 33 7 37 2 8 34 27 6 15 30 36 38 29 22 4 13 3 16 25 1 39 5 35 12 32 17 21 11 9 18
12 30 9 26 7 6 35 36 19 21 20 13 14 29 37 11 5 34 23 17 31 24 2 16 39 8 27 3 1 33 18 32 38 15 0 10 28 4 22
4 29 23 24 22 19 37 38 1 28 21 32 25 0 27 36 18 30 3 9 5 16 2 17 34 35 39 14 6 10 8 31 15 11 7 20 33 12 13
30 31 37 18 28 17 1 29 38 26 16 2 21 24 23 35 33 10 7 4 39 15 8 12 0 5 25 3 14 9 6 22 32 36 34 11 13 20 19
19 37 2 4 35 39 5 6 26 24 8 10 31 27 1 22 21 0 12 18 9 17 20 16 3 33 14 38 32 36 30 34 13 7 29 25 23 11 15
26 39 11 19 35 0 37 18 31 22 6 21 27 20 3 17 4 14 12 25 5 24 32 1 15 36 16 8 23 10 34 33 9 30 2 7 13 28 38
34 27 33 18 13 25 21 37 15 20 14 7 10 32 11 3 26 4 8 24 19 6 39 5 22 1 38 16 12 28 9 23 29 0 36 31 35 17 2
2 19 27 24 1 7 14 28 29 12 39 21 33 34 23 37 10 32 4 0 3 36 15 25 5 16 38 22 9 17 13 20 26 35 11 18 6 30 8
16 4 38 5 26 15 33 23 39 19 3 21 30 10 7 31 1 12 18 20 8 9 17 13 2 29 35 22 24 28 14 11 0 25 27 34 6 37 36
15 3 30 2 22 12 24 39 32 17 10 8 31 38 7 13 27 18 4 21 14 34 16 20 9 28 36 35 25 23 19 29 0 1 5 11 37 26
30 14 6 4 22 16 11 20 15 37 36 5 31 24 1 21 3 17 23 10 25 26 33 9 12 38 8 29 7 18 0 35 28 32 27 13 2 39 19
22 7 23 37 28 29 3 10 15 18 5 4 25 16 12 2 27 21 1 8 11 26 14 32 39 19 33 24 36 6 13 31 34 38 9 30 17 20 0
23 13 18 21 37 6 20 25 34 26 16 22 1 11 24 5 7 14 8 31 3 17 12 15 19 0 33 29 35 4 28 9 27 10 30 38 2 39 32
28 16 13 35 26 14 5 27 10 29 18 36 30 12 24 3 34 8 22 31 0 1 25 6 19 39 4 15 23 21 9 20 2 32 38 33 11 7 17
4 32 12 11 26 6 19 21 7 16 27 20 33 5 8 22 0 24 15 2 1 3 30 34 10 28 14 31 39 18 25 13 35 37 17 36 23 9 29
29 23 28 10 3 12 33 16 31 17 32 5 1 2 8 7 0 14 30 13 15 21 11 27 22 4 26 6 25 37 24 35 20 18 38 19 9 34 36
