8 26 19 3 23 39 33 24 16 6
7 37 39 18 28 17
11 19 34 30 20 10 25 24 18
29 0 15 39 24 6 10
29 38 23 18 20 27
25 7 8 22 24 20 16
18 9 26 20 22 7 3 35 38 21 0
30 1 34 12 18 35 11 13 37 6 5 23 36 27
30 0 29 26 28 25 5 38 27 18 35
15 27 12 21 6 17 11 30 35
2 15 36 3
26 29 2 36 27 38 7 24 9 22 16
24 7 9 19 14 35
28 38 26 7 34 23
39 12 27 17 32 38
9 36 39 3 17 10 21 33
37 19 29 0 11 5
27 25 15 9 1 14 37
21 39 6 1 37 7 4 29 27 8 2 31 36
21 2 0 12 16 38 27
35 6 2 4 5
34 18 25 19 9 22 26 15 6
6 28 21 37 5 25 11
0 4 27 25 31 7 34 13
12 32 3 11 39 5 0 2 37 33
26 21 17 5 23 2 31 8 22
11 0 25 38 13 6 8 21 36 34
17 9 11 23 18 14 19 7 8 4 29
13 34 1 22 8 37
11 3 8 4 18 38 33 16 39 27
7 8 32 2 36 9
38 34 23 25 18
24 30 37 14
0 29 15 24
21 7 31 2 28 13 39 23 26
20 7 36 6 9 8 12
15 11 30 35 7 26 10 18
16 1 18 7 22 28 32 24 17
31 26 13 11 4 19 29 8 6 14
1 18 15 14 34 0 3 24 29
