31 33 21 26 30 12 11 9 38 36 37 35 6 22 34 5 25 19 3 16 2
29 19 36 39 31 34 33 15 21 30 25 9 38
37 24 20 34 13 14 19 39 29 26 32 27 33 21 15 0
8 11 37 7 9 14 12 13 26 30 15 16 38 21 32 39 33 0
20 13 8 14 22 21 31 19 37 33 6 30 5 15 12 27 24 26 38 35 25 28 23
33 7 9 37 28 22 21 38 8 4 26 11 35 27 36 24 14 0 23 12 30 25 34
33 35 18 16 7 23 28 4 11 27 22 0 29 14 39 15 12 17 20
5 16 10 34 28 38 27 33 3 6 19 32 39 36 23 29 15 13 20 12
3 4 20 27 5 11 17 39 35 10 36 34 31 9 16 25 15 37
37 36 5 11 3 35 38 31 0 15 18 23 8 17 12 1 24 34 19
7 20 38 14 15 21 23 8 17 19 33 26 35
21 9 3 28 26 23 22 0 6 33 29 5 8 30 36 25 12 24
23 37 24 0 21 15 22 3 4 11 26 20 6 35 5 9 36 18 31 30 19 7
36 4 14 28 25 23 22 19 2 20 32 29 3 31 21 33 30 15 24 34 38 7 18
27 38 33 4 13 24 29 10 28 3 23 2 39 19 18 25 5 6 31 37 17
28 16 20 32 10 12 39 30 35 4 9 3 22 23 33 38 1 29 31 13 6 7 26 8 2 37
7 15 38 35 6 3 29 19 23 22 39 37 32 26 8 27 0 18
22 24 32 19 30 33 39 36 20 8 35 38 25 34 10 26 23 9 14 29 6
24 6 30 19 22 9 35 14 28 23 12 37 13 33 16
28 18 17 26 1 32 4 13 7 39 2 16 14 20 35 31 10 33 34 0 27 12 9
21 4 22 2 10 8 15 31 34 13 39 38 17 35 19 24 12 25 27 6 7
11 20 0 34 4 12 5 32 10 33 28 13 3 1 30 24 2 35
17 25 20 4 13 31 18 5 33 11 12 35 6 15 37 0 16 32
12 29 30 39 11 13 6 34 14 35 31 10 27 15 16 7 9 33 17 37 5 18 4 38
18 17 2 14 12 28 31 27 39 4 5 13 11 20 30 37 35 9 21
22 13 33 30 28 17 11 14 1 29 4 0 20 36 8 5
0 19 11 27 30 36 3 5 2 17 4 12 16 15 10
14 7 8 34 26 31 33 24 6 4 23 5 29 38 2 19 20 16
15 19 7 39 11 13 5 14 38 24 6 37 33 21 25 35 18 4 36
23 32 1 14 31 37 13 11 2 16 6 15 35 7 25 36 27 17
39 38 18 23 17 0 25 15 4 26 3 11 13 1 21 24 12 5
0 32 38 29 4 27 22 20 34 24 9 1 23 13 39 15 35 33 19 8 14 12
31 29 17 15 19 21 7 13 22 3 16 2
0 6 5 14 37 7 17 27 25 4 22 21 11 1 28 15 13 23 31 39 10 19 34 2 3 18
7 21 38 27 2 39 23 31 20 35 1 17 0 8 13 33 19 5 36 9
6 16 9 23 15 34 22 0 5 17 36 8 18 28 31 20 19 4 29 12 24 10 21
13 9 1 0 7 26 17 5 11 35 8 29 37 12 25 38 34 28
9 33 2 12 3 5 4 28 29 0 22 16 14 23 36 24 38 18 8 15
14 30 31 7 16 34 10 28 5 9 0 20 3 15 17 4 13 27 37 36 23 1
30 28 23 34 17 15 1 19 7 20 2 24 14 31 8 16 6 33 3
