14 10 15 30
25 4 26 8 39 29 10 5 38 6
14 35 27
18 24 8 37 14 33
1 26 27 10 16
16 24 8 32 11 1 17 27
14 37 32 13 38 8 33 1
9
28 3 27 5 39 1 6 23 29 30
36 28 10 19 14 7 35
12 0 9 27 4 26 37 1 15
27 5 36 32
10 39 27 15 17 31 34
27 36 20 34 6 30
34 0 6 2 24 31 30 9 3 28 38
0 12 34 16 10
5 32 36 15 4 33
21 27 20 12 29 5
3 28 20 35
37 30 24 9 28
13 26 17 18 33 35
22 17 26
21 27
8
3 14 19 34 5 32 39 28 26
1 38 27
31 4 1 35 20 10 21 24
13 11 8 22 17 4 10 12 25 37 2 5
8 18 9 19 14 24
8 17 1 35
36 19 14 0 13 8 33
26 14 12
36 16 6 34 5 35 24 11
39 20 6 3 16 30
14 24 32 13 15 12
2 26 32 18 9 29 20
32 13 30 9 16 11
6 19 27 3 10 38
39 25 6 37 14 1
33 12 38 8 1 24
