38 11 2 30 21 9 4 5 18 33 14 13 22 12 16 39 32 35 34 25 19 3 28 29 17 27 10 31
39 25 33 9 16 13 21 11 6 27 38 7 32 29 37 17 12 4 15 30 10 5 19 2 26 34 14 22 31 24
25 26 30 24 14 37 39 38 28 0 19 10 4 34 33 11 5 7 1 35 16 17 12 23 29 15 20
21 18 23 26 7 9 8 27 16 22 37 34 6 11 10 0 12 39 5 36 17 28 29 25
8 5 10 24 7 15 9 29 0 38 18 25 13 23 2 16 1 12 36 35 14 34 19 31 39 33 22 20 26 21 11
37 39 4 28 22 21 0 34 17 18 14 13 11 36 26 1 20 2 16 3 10 8 31 33 6
30 24 21 14 31 1 33 37 25 18 39 26 35 27 3 20 7 32 13 9 38 34 22 23 10 5
29 14 15 17 34 3 26 4 13 1 25 33 27 12 38 30 6 31 2 23 39 32 18 37 11 35 16 21 28
9 4 35 34 36 3 22 30 23 11 16 38 39 17 5 10 37 19 33
8 1 38 4 0 34 3 24 23 13 26 20 32 15 30 37 27 21 31 19 6 35 33 36 39 22 10 12
19 4 30 15 36 14 38 2 13 35 34 16 29 1 3 24 27 26 23 28 25 5 21 0 8 18 6 32 9 37 22
27 34 21 37 16 0 31 1 33 38 20 8 5 19 2 25 24 15 3 32 26 14 29 22 13 7 12 4 35
28 14 22 30 31 35 36 19 38 17 26 1 0 37 4 21 18 7 32 20 3 25 34 2 16 11 9 27
21 14 19 39 38 24 1 7 4 0 9 26 10 25 5 28 15 35 29 6 22 17 36 11 27
13 2 7 12 6 23 33 28 0 10 15 26 29 5 20 4 37 39 31 1 11 22 18 17 21 38
36 7 4 17 35 33 10 32 20 14 9 1 38 13 11 39 28 37 22 16 23 31 29 21 30 24 2
33 20 11 35 1 34 36 3 27 8 4 38 18 10 0 5 15 32 17 31 25 2 39 12 30 23 26 7 19
24 20 27 7 36 22 26 15 5 12 18 1 29 33 23 35 32 16 25 13 8 3 2 0 14 19
3 30 22 39 28 4 0 5 17 29 23 16 6 12 37 38 21 7 14 25 26 10 27
25 34 37 31 13 33 10 21 2 12 26 35 29 32 11 22 9 4 0 23 1 20 36 17 8 28 27 16
31 17 16 23 37 32 33 15 26 22 27 9 24 11 14 5 6 12 28 30 19 39 4 35 25 2
13 3 11 24 19 6 31 0 1 25 5 34 36 28 12 9 32 30 38 18 29 26 37 10 33 15 14 7 4
31 12 17 18 23 5 33 20 0 36 8 3 30 19 24 35 15 13 26 11 4 14 9 1 34 6 25 37 38 29 10
3 30 39 20 14 22 24 9 36 4 18 32 8 17 7 19 29 10 15 35 37 2 34 16 6 25 31
17 36 2 21 6 29 13 27 4 39 23 30 9 38 20 32 25 34 22 11 10 26 35 31 1 15
19 2 30 1 26 21 4 28 7 13 6 24 31 11 0 34 16 17 12 10 39 18 22 3 20 23 27
2 35 3 7 29 34 25 17 27 19 20 12 9 13 30 14 39 6 5 33 31 24 10 36 1 22 32 11 21 28 18 4 16 38
11 17 30 24 36 33 1 26 3 38 20 16 7 37 35 9 6 32 10 31 34 28 39 0 25 18 19 13 12
12 33 30 2 35 18 5 37 14 25 38 21 13 15 32 0 20 27 10 3 26 29 7 19
7 24 39 26 4 32 1 18 14 17 10 19 36 13 23 0 21 11 30 37 34 15 33 3 28 22 2 38
25 2 23 6 12 27 28 18 0 10 24 38 26 22 8 39 9 1 7 21 20 35 31 29 36 33 16 15 37 34
20 22 19 32 11 39 12 6 21 33 35 36 25 9 26 4 7 14 16 27 30 15 38 1 24 5 37 0 23
31 38 20 15 35 29 1 34 9 23 24 0 19 21 12 17 6 16 27 28 11 26 7 36 37 10
34 16 19 37 28 1 31 20 15 27 14 11 6 0 22 7 17 2 26 35 4 9 21 30 29 5 8
33 19 11 36 8 7 26 9 16 5 21 32 37 2 3 10 24 4 0 25 27 1 12 29 6 22 23 30
8 16 26 37 39 28 12 15 31 32 10 27 36 19 38 4 6 22 0 17 13 2 9 33 30 24 23 20 7 11
15 34 24 17 27 8 12 16 31 10 21 23 22 38 39 35 4 5 29 26 3 13 9 19 32 30
11 19 5 2 33 35 20 39 28 1 34 6 3 27 12 9 14 18 15 21 29 23 7 32 8 22 31 30 10
0 13 2 9 32 4 1 12 30 11 10 28 27 36 24 16 8 35 15 18 7 21 6 31 22 29 26 14
1 5 13 2 23 31 29 35 24 18 37 36 26 30 0 6 14 15 4 3 7 16 8 9 25 20 27
