15 7 25 36 27 2 33 4 9 38 6 17 20 8 39 30 21 37 35 16 3 23 5 18 28 32 11 19 31 24 14 1 34 26 29 22 12 10 13
36 31 9 20 2 18 38 26 14 39 27 15 3 8 28 4 34 30 24 5 10 22 37 21 23 6 11 35 0 12 17 16 29 25 32 33 7 13 19
18 6 31 20 8 1 0 17 19 4 14 28 37 34 3 11 29 16 35 5 26 39 13 15 10 33 25 36 7 12 9 32 22 23 24 21 30 27 38
14 27 9 24 30 2 7 34 1 25 38 8 0 32 13 11 29 15 17 35 22 36 33 6 26 10 21 16 18 31 12 20 28 5 39 37 23 19 4
16 36 27 21 8 22 25 11 2 0 33 23 26 6 32 15 1 37 7 39 14 18 17 10 38 34 13 5 24 31 35 20 19 3 30 12 29 28 9
24 32 12 35 34 18 25 22 15 20 14 30 23 21 17 2 0 13 37 6 19 1 27 29 31 26 33 8 10 39 4 11 16 28 38 9 3 36 7
31 30 35 2 12 33 11 36 10 15 7 39 0 38 14 20 32 4 26 17 13 25 19 16 5 21 9 29 1 22 3 24 28 18 34 23 27 8 37
13 35 15 30 18 0 25 6 11 3 19 29 27 34 4 24 17 20 9 21 10 39 36 32 2 8 38 22 23 12 33 14 16 26 31 1 28 5 37
23 34 21 26 19 2 27 4 22 14 25 32 9 13 0 18 24 1 3 37 28 36 10 15 11 30 12 5 7 31 16 29 35 6 20 38 33 17 39
1 3 38 0 12 8 37 34 29 36 33 24 10 16 26 30 17 14 31 15 6 7 11 23 18 13 25 2 19 27 5 20 32 35 21 39 22 28 4
24 19 29 26 6 16 39 22 11 34 21 8 9 37 2 1 38 17 4 7 3 5 30 12 28 36 33 23 18 0 20 27 15 35 32 13 31 25 14
27 23 33 6 36 26 4 34 20 17 10 15 7 38 2 13 32 14 16 37 3 0 8 1 39 9 30 18 5 25 29 24 19 31 21 28 12 35 22
39 5 18 25 6 35 9 29 23 32 13 16 34 28 37 15 8 21 14 1 20 2 10 27 22 7 3 0 30 36 17 38 11 31 19 4 26 33 24
39 7 38 15 37 25 30 22 8 21 18 17 11 23 28 6 12 14 31 3 5 20 2 29 36 19 34 26 16 27 32 4 24 9 35 0 1 10 33
39 3 31 25 35 8 17 1 26 2 36 5 6 11 29 13 4 18 27 9 33 0 12 38 20 32 21 28 15 34 7 37 16 30 22 23 19 24 10
0 13 36 7 34 17 6 5 20 11 28 30 1 27 4 22 18 38 16 26 21 2 12 3 8 9 29 37 14 33 31 19 25 23 10 39 32 24 35
4 37 10 39 34 21 17 2 11 0 12 29 15 24 6 27 30 9 22 13 26 1 32 3 18 25 5 7 23 8 38 19 14 36 35 20 33 31 28
31 15 19 14 2 34 11 33 39 0 16 13 5 6 28 24 38 7 30 9 4 3 10 32 20 37 29 1 18 36 23 26 21 12 8 22 25 27 35
12 36 2 5 7 1 20 22 33 13 31 38 8 29 15 24 23 0 14 4 21 6 35 17 11 28 26 3 34 16 10 9 37 32 27 25 39 19 30
10 8 17 30 22 2 26 7 27 37 35 6 28 5 33 0 39 21 38 13 24 15 34 9 11 16 3 25 4 1 31 14 20 36 12 23 32 29 18
28 2 1 18 34 11 5 15 0 6 23 27 33 13 22 24 26 7 32 17 36 14 12 37 25 38 3 10 31 21 9 8 30 16 35 4 29 39 19
38 8 24 29 31 4 36 28 16 13 35 39 22 10 5 0 33 30 27 15 1 19 6 18 12 26 7 3 14 32 34 25 20 17 11 9 23 37 2
26 30 32 8 5 4 35 13 19 10 18 28 34 31 21 24 15 37 25 3 39 20 1 38 16 6 23 7 12 33 0 2 14 29 36 17 9 27 11
11 8 37 31 25 28 34 4 12 5 13 38 32 35 0 27 18 20 39 24 30 1 36 22 29 7 10 9 17 16 6 15 26 14 2 3 21 19 33
5 10 21 37 33 26 30 3 8 22 17 7 32 18 16 34 23 9 1 27 20 28 0 6 29 38 19 13 11 4 35 31 36 2 39 15 14 25 12
12 31 32 14 13 0 7 5 8 4 23 30 3 36 39 6 22 33 27 2 26 35 29 1 37 20 16 11 9 15 21 34 28 17 19 18 10 38 24
22 8 32 30 10 1 11 14 24 4 31 19 35 6 39 33 2 15 9 5 36 20 25 21 3 27 13 16 0 18 38 34 17 7 23 28 29 37 12
11 3 39 30 8 4 0 35 1 36 15 19 28 7 23 21 20 14 16 33 24 25 5 32 37 26 13 38 12 9 6 10 29 34 18 31 17 2 22
38 20 39 21 22 2 23 15 29 13 27 1 17 8 12 0 19 31 24 30 36 37 6 33 10 18 14 32 5 34 3 25 11 7 26 9 35 16 4
10 21 33 36 12 2 28 9 7 14 30 18 38 16 3 35 13 15 31 5 6 25 17 1 24 39 34 23 0 32 11 8 27 22 37 20 26 19 4
22 39 6 38 26 7 27 13 19 24 3 32 15 0 25 5 29 21 1 36 17 16 9 8 23 28 37 10 31 11 34 12 14 20 33 35 4 2 18
6 32 1 17 25 2 14 39 21 36 23 37 35 26 22 18 13 28 9 29 0 5 34 30 38 8 3 15 20 11 7 4 24 19 10 16 12 33 27
5 31 22 26 25 33 8 39 30 36 11 6 4 12 23 3 24 0 27 34 17 20 35 14 7 13 38 16 21 37 29 28 1 2 9 18 10 15 19
11 6 39 32 36 0 24 4 29 18 17 38 26 9 21 35 20 27 2 25 19 14 3 5 34 28 10 22 7 37 15 1 30 8 16 31 23 12 13
5 8 15 20 11 16 17 36 2 23 22 9 10 3 39 7 1 12 35 24 38 32 13 31 33 0 4 6 29 18 14 21 30 19 26 28 25 27 37
5 6 7 14 12 22 31 27 21 26 2 0 23 34 37 19 33 29 3 36 32 25 1 18 39 8 13 24 38 9 4 16 20 10 30 28 11 17 15
1 18 15 6 4 0 31 11 33 21 34 29 14 32 27 9 25 8 30 13 35 26 3 23 2 28 37 7 39 20 17 10 12 16 22 5 38 24 19
13 16 24 39 23 31 38 2 9 0 22 8 19 4 11 35 5 12 10 1 27 30 17 15 28 36 25 20 32 14 33 29 6 34 3 18 21 26 7
21 28 13 30 1 9 0 37 11 6 18 33 3 23 29 15 17 34 22 19 10 4 14 27 7 32 24 26 20 31 16 5 39 35 8 12 36 25 2
12 14 13 30 27 31 33 28 37 32 10 16 6 1 17 21 0 34 26 25 4 2 23 22 19 7 36 11 5 29 35 38 3 20 9 15 8 24 18
