14 35 10 36 34 13 32
33 29 25 10 27 35 2 19 26 34
6 3 4 37 19 1 10
23 22 7 29 2 13 14 9 24 15
35 27 31 34 2 18 15 10
22 28 25 37 34 12 31
28 9 2
35 23 10 34 3 17 39 29 36
37 22 35 15 25
6 17 23 3 31 15
14 7 0 17 1 32 29 24 11 2 4
16 25 21 32 14 36 10
27 14 5
24 31 15 3 32 0
10 0 26 11 12 34 3 15
26 17 13 4 35 32 8 14 20 18 9 3
11 32 35
15 7 10 9 33 29
22 4 39 15
38 2 1 30
24 34 15
11 28 29 36 22 38
18 8 3 5 39 35 33 23 21
7 3 25 9 22
30 13 37 20 10 3
35 11 29 28 27 33 23 5 1 8
15 14 27 1
4 25 12 30 36 1 32 26
6 25 21 5 29
30 25 1 3 21 36 28 7 10 17
29 24 33 27 19
4 39 13 37 5 9
36 16 11 10 13 15 27 38 0
34 1 30 38 25 22 17
33 7 37 4 14 5 39 0 20 1
7 4 25 0 22 8 1 15 16
32 27 21 0 29 7 11
8 34 24 5 2 31
39 19 33 32 21
38 31 22 7 34 18
