12 3 14 5 13 18 22 6 29 8
30 3 5 35 9 24 13 2 11 16 14 4 37
12 3 15 8 21 30 4 9 25 19 1 14 23 11 5 37
12 7 39 18 0 2 21 38 1 8 4 15 24 16 27 20 9
17 2 16 18 28 25 7 3 35 1 13
33 10 37 14 0 31 1 6 24 17 30 22 36 34 35 9 7 2 38 19
8 12 22 5 39 37 0 33 13 38
25 3 14 23 29 10 20 4 17 9 27 5
6 2 30 36 3 14 10 0
36 29 30 31 2 34 1 11 7 16 5 38 22 3
5 22 28 37 7 14 26 19 8 36 32 20 23
36 23 22 15 31 38 28 9 25 1 13 2
38 29 3 0 2 6 28 31
19 36 0 14 20 1 15 6 4 11
7 36 0 5 38 8 13 10 2 28 29 23 31 1 22
39 2 16 30 17 11 32 3 19 37 13 23
35 15 4 1 3 9 30
35 39 4 38 18 37 25 15 21 20 5 22 7 32 24
22 3 17 33 4 0 38 39 32 23
13 37 2 27 21 24 23 10 15 25 20 5
21 28 7 22 13 17 26 19 32 10 37 3
20 3 2 36 25 17 19 35 34 30 37 33
18 10 28 34 6 20 11 39 0 29 5 17 26 32 14 27 9 36
28 7 30 36 11 19 2 14 33 18 29 15 10
30 35 19 36 5 1 3 17
7 31 2 17 21 29 4 35 26 11 19
38 10 33 20 25 22 31
28 29 19 38 33 7 22 3
23 27 39 22 10 20 32 4 29 31 12 14 11
12 9 7 27 25 28 22 30 37 14 23 0
8 24 23 9 2 15 1 5 29 21 16 36
32 38 25 5 9 28 11 39 14 12 26 37
31 35 28 15 18 17 10 22 20 38
5 18 36 26 27 23 6 21 37 38
39 35 37 22 9 21 5 36
17 32 16 34 24 1 21 25 4 5 38
37 9 14 13 23 21 11 8 24 33 5 10 34 30 22
36 5 19 10 17 34 38 29 6 15 21 33 1 20 31 2
12 17 26 39 31 3 14 37 18 27 11 32 6 35 9 33 5
17 34 38 3 15 28 6 22 18 31
