4 21 15 39 32 16
36 39 19 5 24 33 18 22 6 31 21 38 7
30 19 29 21 6
11 9 15 29 31 27 14 17 10
0 17 6 18 14 9 29 38 26 31 8 22
34 17 12 18 28 1 9 21 14 20 32 6
28 36 4 21 20 11 38 7 23 1 13 15 2 5
27 15 22 14 24 6 31 19 13 12 29 1
38 32 35 13 28 4 23
3 13 4 5 38 19 32 23 17 24
34 33 3 28 20
39 18 3 34 6 33 13
19 16 5 25 39 20 36 7
35 39 9 24 8 29 26 7 6 11
32 29 4 19 39 5 7 3 28
31 7 0 17 3 33 28 26 6 25 21
21 12 22 25 0 24 33 28
4 27 21 39 25 5 26 22 30 15 3 20 9
39 21 5 11 38 24 4 1
12 37 1 2 33 39 14 35 34 9 25 7
22 34 31 35 6 12 32 17 5 25 10
16 17 18 33 28 6 0 2 5 1 35 15
20 36 25 39 24 16 7 32 29 17 27 1 4 34
35 39 36 8 6 38 9
28 26 22 18 13 1 7 16 9
36 26 17 22 35 34 12 27 19 16 20 15
25 24 27 17 4 13 15
17 39 26 7 37 25 22 3 35
24 6 21 5 8 38 15 14 10 16
14 37 2 4 22 13 3 34 33 7
2 36 17 34
20 15 38 4 3 7 1 37
14 8 22 0 20 9 34 5
39 21 19 34 35 10 1 15 11 29 38 16
35 20 5 11 38 25 33 10 30 19 29 37 32 22
34 13 20 8 25 23 33 19 27 21
1 25 22 6 30 23 12
19 27 29 39 34 31
8 18 34 4 9 6 31 28 23 33 1
1 17 18 27 33 22 11 13 19 23 12 37 0 14
