38 21 15 16 26 20 5 6 22 14 1 34 30 27 12 2 19 18 32 11 29 33 9 37 31
13 37 12 25 18 29 0 11 28 24 3 33 4 16 7 10 35 5 6
31 28 34 13 38 22 9 30 26 0 6 33 15 19 20 37 17 4 3 25 35
37 7 16 32 4 20 30 9 25 19 18 1 29 21 28 2 34 13 31 22 6
16 19 32 3 11 37 8 7 1 21 2 13 25 15 30
31 28 0 16 14 25 32 27 30 15 33 9 19 11 22 12 24 1 8
13 12 36 0 30 11 35 18 32 2 37 22 27 29 23 20 3 34 1 15
11 3 39 35 24 28 26 9 33 34 18 4 17 32 36 1 27 31 23 14 21 8
15 13 14 33 11 4 28 12 38 17 16 19 10 20 24 7 5 25
15 30 29 3 2 19 7 39 10 21 16 5 23 12 38 37 0 33 36
26 33 24 13 11 9 25 17 36 21 1 30 8 29 35
21 18 7 13 37 15 34 38 14 19 4 16 6 1 36 33 8 10 23 39 29 25 5 28 0
38 6 1 30 15 0 18 39 8 34 37 16 19 31 17 25 32 20 5 9 36 35 29
1 6 11 22 2 15 18 8 21 16 28 34 30 24 26 10 27 33 4 3 39 14
39 11 23 37 8 5 0 21 31 16 33 30 19 20 36 7 38 27 34 13
8 23 9 0 11 13 12 30 21 5 37 2 32 22 27 26 31 29 36 18 24 35 4 20 6
32 4 3 0 25 18 5 13 11 20 34 14 24 39 17 35 12 1 9 19 8 33 23
26 35 38 33 22 34 19 7 23 16 8 10 2 31 12 18
11 37 16 1 13 3 38 39 7 19 12 24 6 28 32 0 15 27 31 17 25 26
25 26 4 22 11 30 9 3 0 18 27 37 17 2 12 14 16 8 5 29 32 33
3 0 16 30 23 28 34 2 14 26 8 6 12 15 24
11 0 23 31 33 22 32 13 34 14 39 26 15 3 35 9 36 25 4 10 24 7
23 13 25 34 19 21 26 2 0 28 17 31 15 6 30 24 5 3
22 15 21 14 34 35 20 11 17 29 6 7 9 25 30 16 36
7 34 25 27 13 10 1 18 16 31 15 35 29 22 32 21 8 5 20
19 22 37 16 1 24 33 3 29 5 32 10 21 2 11 4 23 12 35 18 39 8 27
19 0 10 17 22 7 2 13 21 37 15 33 27 20 18
36 34 30 0 24 5 19 15 6 26 13 31 7 32 18 35 14 25
2 29 5 30 7 32 22 13 1 8 31 18 20 3 11 36 35
9 28 37 1 25 35 3 15 23 6 36 11 24 19 10 0 12
9 28 3 12 34 6 19 27 31 2 38 0 15 13 20 5 22 14 10 4 23
5 2 21 30 14 22 28 24 15 27 7 12 17 18 36 38 3 0
16 4 3 21 28 5 25 35 6 18 15 7 0 27 38 12 24 19
21 10 25 8 17 7 11 1 5 2 14 26 38 34 36 13 16 39 19 0 9
22 2 11 27 24 30 23 21 0 16 13 7 17 12 20 35 33 3 14 6
7 17 6 23 32 29 21 16 34 24 15 1 27 2 25 10 39 12 28
6 27 11 38 39 7 21 37 15 14 10 29 33 31 28 12 23 9
3 1 25 18 11 14 29 4 15 6 19 26 12 36 2 39 9 0
0 12 2 11 17 30 18 36 8 39 33 32 31 14 9
14 7 21 9 18 11 12 36 16 38 37 33 35 13 25
