30 39 20 5 35 10 33 29 34 36
22 34 28 39 7 38 11
28 12 22 17 32 11 29 7 31 27
28 38 31 27 20 33 19 6
12 31 14 22
31 35 0 7 18 19 27 23 37 11
25 30 23 36 33 27 3 22
20 16 32 19 28 5 31 27 1 2 23
21 36 19
32 18 35 14 37 11 21 12 17
16 13 31 0
23 15 32 2 38 9 1 27 5
2 20 4 30 32 25 14 21 9 31 36 27
37 17 10 34 15 20 23 39
9 37 12 4 15
23 24 30 11 19 31 14 13 27
7 30 27 10 28 22 37
13 2 37 34 29 9
9 36 5 26
15 7 5 29 3 8
7 0 21 12 3 39 32 22 13
25 20 36 8 9 23 12 34
1 2 16 20 4 6
15 11 29 6 5 21 7 13
15 35 30 32 37
36 21 6 28 12 35 30
38 33 37 18 34 35
3 16 5 31 7 6 37 33 11 2 15 12
2 38 1 3 36 7 16 29 25
23 32 28 35 19 38 36 0 2 17
0 36 15 16 6 12 32 24 25
5 3 15 4 7 27 10 39 37 2 12 33
9 35 11 2 7 29 12 30 20 24
26 3 0 35 38 6 27 31
1 13 26 17 35 0 21
32 9 5 0 29 33 24 34 26 25
25 30 21 18 28 6 29 8 12 0
39 13 9 26 14 17 5 16 27 31 24
28 3 26 11 29 33 1
37 0 1 20 31 13
