38 17 23 9 18 11 28 36 34 2 30 27 24 37 12 29 1 10 19 21 6 25 8 39 22 13 3 15 14 35 31 7 33 5 32 26 20 16 4
39 27 3 36 12 15 22 34 37 32 5 8 31 4 25 11 24 17 0 10 38 21 28 26 29 6 33 7 23 30 19 14 20 13 16 18 2 9 35
13 12 10 23 9 5 18 15 0 33 31 26 17 32 7 34 16 27 29 19 35 39 24 11 8 21 20 30 25 14 3 37 28 1 4 22 6 36 38
30 1 20 28 34 16 7 27 9 31 5 13 19 21 12 33 8 22 35 38 0 39 25 17 11 23 29 15 37 10 2 26 36 6 4 24 18 14 32
17 21 11 35 16 31 5 33 28 15 34 18 32 26 38 1 39 20 36 12 30 7 29 10 19 23 9 22 27 14 24 25 6 13 3 8 37 2 0
7 21 25 2 10 4 34 14 36 12 27 33 1 3 29 11 22 13 38 15 39 20 26 19 24 17 31 28 8 6 37 0 35 32 9 18 30 16 23
23 20 27 22 16 38 33 37 18 9 29 26 25 14 32 10 31 19 8 7 17 0 24 15 39 12 1 5 35 21 4 36 3 34 30 13 2 28 11
5 10 21 20 9 16 3 23 14 11 24 29 25 32 31 38 35 37 2 6 36 19 4 22 33 12 27 0 13 1 15 18 17 30 28 26 34 39 8
38 31 13 21 10 30 32 12 1 14 36 24 39 3 6 16 37 22 34 0 26 15 25 29 19 11 18 5 33 9 2 35 20 23 27 4 17 28 7
30 32 26 34 37 0 2 12 36 29 33 7 23 3 11 6 38 18 35 21 10 22 31 16 24 27 4 39 8 25 19 13 14 15 5 1 28 20 17
29 16 23 7 21 2 36 31 17 8 20 5 30 26 33 37 6 38 9 1 0 18 13 4 11 35 22 24 14 12 15 39 25 27 34 32 28 3 19
34 4 39 32 0 13 19 9 31 7 5 1 21 26 23 25 36 10 37 27 17 22 8 2 18 35 14 15 12 3 20 33 29 16 28 24 30 38 6
36 25 20 1 2 34 9 31 28 16 8 5 35 21 24 33 3 0 17 13 22 14 4 19 32 26 10 38 27 6 7 30 39 37 11 15 29 18 23
2 8 23 15 34 17 11 32 37 18 25 21 3 5 12 33 31 19 20 10 0 35 39 38 27 7 28 36 29 4 1 9 24 6 30 26 22 14 16
34 17 36 27 32 5 37 38 7 28 25 8 6 26 12 15 33 35 39 23 10 21 16 19 31 0 11 20 4 1 18 2 9 24 29 22 3 13 30
31 13 1 35 39 33 2 19 4 18 17 30 24 37 5 27 23 36 14 26 8 21 0 6 10 29 28 38 22 32 25 11 7 12 3 34 9 20 16
10 36 29 31 39 6 7 4 21 3 12 33 26 23 27 8 2 17 37 18 20 9 19 14 22 38 32 28 34 11 1 24 0 5 35 25 30 15 13
19 38 0 4 29 31 13 10 14 27 25 32 28 15 35 34 2 39 33 26 20 12 1 6 24 16 21 37 30 23 11 3 5 22 36 7 8 18 9
31 21 0 2 38 13 4 15 32 6 20 24 9 10 30 35 34 16 27 8 11 22 7 23 39 14 19 26 29 37 25 12 36 28 17 1 5 3 33
25 17 21 27 15 11 32 3 36 30 34 28 6 39 37 13 0 5 7 31 12 2 24 4 23 16 14 8 35 20 22 1 18 9 29 26 10 33 38
38 24 12 29 3 7 6 10 28 18 4 31 17 5 36 13 16 39 26 25 30 19 14 23 22 11 2 27 1 8 0 21 33 32 35 37 9 15 34
5 25 4 10 18 7 19 16 8 31 27 39 24 36 12 13 33 3 11 29 9 0 22 1 17 15 30 14 23 35 34 2 32 6 38 37 26 20 28
35 25 27 6 1 32 30 36 29 5 24 39 12 3 34 9 8 21 33 0 26 7 10 11 16 4 15 17 28 23 18 19 31 20 37 2 14 13 38
10 6 0 13 2 35 9 7 36 31 16 33 11 38 15 29 28 14 17 4 19 21 32 34 24 37 22 1 20 25 26 18 3 39 27 30 8 12 5
20 31 38 27 21 37 7 12 8 0 18 15 22 35 36 39 1 17 6 32 30 19 10 9 5 25 2 23 26 4 33 34 16 3 13 29 14 28 11
12 19 5 21 22 17 36 33 30 13 34 14 7 1 6 37 11 29 0 26 8 27 3 10 24 20 15 28 38 9 31 4 23 2 32 18 39 35 16
31 9 29 33 27 10 4 34 2 32 28 16 6 17 11 14 5 15 30 39 8 22 25 12 38 20 1 35 37 24 0 23 36 21 18 3 7 13 19
28 1 38 32 19 6 22 17 34 3 14 35 21 26 24 5 33 0 16 15 31 2 39 18 25 11 9 12 29 36 7 4 13 10 20 23 30 8 37
27 3 0 39 37 12 4 20 31 17 14 26 19 36 23 32 1 29 15 34 5 22 25 13 16 10 30 35 33 18 2 11 7 21 24 9 6 38 8
10 20 16 17 26 36 9 31 37 32 30 5 7 22 34 6 21 0 25 23 4 2 38 8 27 28 15 1 35 39 33 13 11 3 18 12 19 24 14
3 9 38 37 33 8 22 25 10 29 39 0 15 34 19 31 18 35 4 26 21 24 17 12 20 1 32 2 7 23 27 28 6 11 5 13 16 14 36
24 26 16 18 15 8 12 17 10 38 39 29 4 21 3 28 11 2 23 1 36 7 20 30 6 27 13 9 19 37 14 5 0 22 25 35 34 33 32
9 36 27 37 35 11 22 13 14 8 17 29 19 1 4 18 33 7 26 2 6 34 24 28 12 38 39 23 15 16 21 10 0 30 25 5 20 31 3
35 26 15 9 25 30 4 6 5 2 27 32 21 36 12 16 37 17 10 3 23 13 22 14 38 7 39 8 1 0 29 11 24 34 31 28 20 18 19
14 9 11 12 13 3 27 1 5 4 0 25 26 17 30 19 29 39 2 22 32 8 18 28 23 21 10 16 33 24 31 35 15 38 6 36 37 7 20
22 33 32 4 15 23 36 27 37 38 12 17 24 7 9 30 3 18 13 14 10 2 26 0 19 21 29 11 39 6 31 8 34 28 5 20 25 16 1
12 16 32 1 10 29 9 14 39 25 35 0 5 23 38 21 8 22 33 19 31 24 7 28 4 15 20 11 27 37 13 17 6 26 3 18 34 2 30
9 32 30 29 28 13 35 14 1 24 6 33 10 0 15 7 25 19 8 16 31 11 17 36 23 26 5 39 12 21 3 22 2 18 4 27 20 34 38
20 0 8 17 27 30 31 18 6 24 39 35 14 36 4 9 7 5 10 23 1 3 33 29 32 12 26 15 13 16 25 21 34 11 37 2 28 22 19
1 31 16 11 15 36 28 38 21 30 4 17 8 24 22 5 34 19 26 0 27 13 14 3 6 10 2 20 32 9 33 12 35 37 29 18 23 25 7
