28 4 6 25 7 14 3 33 26 1 38 16 5 36 12 15 10 9 21 24 20 27 30 37 11 13 23 8 35 22
15 13 27 18 10 22 34 23 31 25 0 21 6 2 8 9 14 3 28 33 30 7 36 29
3 29 37 21 20 23 27 35 18 33 9 26 12 25 38 36 4 34 5 1 16 19 11 8 39
31 2 6 24 9 18 8 0 32 17 33 23 35 28 22 25 11 15 26 39 16 37 10 7 1 5 12 4 29 38
25 24 11 0 29 17 21 30 39 27 18 12 19 6 5 9 2 28 16 15 38 32 8 14 3 33 7 34 31
11 27 7 16 24 29 37 18 19 4 23 6 31 35 0 2 39 17 36 28 9 21 13 3 15 22 38 12 34 26
29 18 3 17 10 0 9 16 39 36 34 21 37 4 24 30 5 13 8 28 1 14 32 19 38 11 31 35 26 20 33 12 15
11 30 19 37 5 39 29 0 35 24 14 20 31 17 10 8 38 18 9 16 3 23 15 34 36 4 1 33 27 28
23 37 35 14 3 21 12 25 18 6 28 26 34 32 7 11 39 1 19 4 15 10 29 31 22 36 16 2 24 0
39 23 29 6 3 34 2 20 35 37 36 11 4 13 19 27 30 0 17 5 1 15 12 7 31 26 22 24
35 6 20 38 18 1 12 26 32 13 16 30 22 11 19 33 15 7 28 0 25 8 23 3 14 34 31 17 37 27 21
12 7 5 4 38 39 16 9 31 15 10 20 3 24 8 17 6 30 35 32 2 33 34 19 26 0 28
11 25 23 38 17 29 34 20 33 4 35 2 10 8 0 31 19 37 30 9 36 32 3 16 26 5 6 13 21
29 1 24 17 35 19 28 26 10 6 9 18 15 16 31 22 38 5 39 21 30 12 0 37
22 30 34 17 8 0 24 25 23 20 26 7 28 39 6 16 27 1 36 10 4 18 19 33 38
24 32 1 38 34 35 23 20 11 31 21 18 13 29 10 3 0 28 4 22 8 9 33 5 7 17 36 19 6
38 24 22 29 5 17 6 19 27 18 11 37 23 10 0 39 36 2 14 13 21 4 26 3 32 7 30 8 12 31 33
38 29 6 12 16 36 21 33 4 14 28 13 34 3 35 30 7 31 5 39 27 11 9 24 10 15 19 18 25
24 26 27 6 2 10 31 5 32 3 4 16 1 33 30 28 8 35 13 15 23 29 7 22 34 14 17
22 7 24 16 26 37 4 36 5 34 28 13 21 29 10 9 27 12 31 38 6 8 2 25 14 11 17 32 15 35
2 10 37 21 12 9 15 30 14 7 11 39 26 35 0 25 33 6 22 29 32
2 36 33 28 17 27 26 4 20 8 6 38 19 1 15 24 35 16 22 0 5 30 31 37 23 13 39 32 29 12 10
19 14 16 30 36 27 1 25 10 37 3 24 13 34 26 21 29 15 38 18 28 33 9 8 20 5 32 0
8 12 2 9 33 37 35 24 15 26 34 14 38 1 5 27 16 30 36 3 18 25 10 21 7 28 0
18 15 4 16 3 32 34 19 5 13 37 23 25 14 6 7 29 30 21 22 11 0 33 26 17 38 31 39 9 8 35
12 4 33 26 38 0 24 14 2 22 8 1 3 30 34 10 23 37 19 31 20 32 17
18 25 32 21 38 29 23 2 19 36 14 10 0 28 13 27 39 8 33 3 16 22 31 20 6 24 35 9 12 11 5
38 18 5 2 31 21 22 16 1 4 39 35 23 26 36 9 19 14 17 0 34 32 30 10 7
0 21 37 17 38 39 19 18 26 13 32 8 14 30 6 3 4 15 5 10 34 22 1 29 11 23 7
17 2 6 16 4 34 7 31 12 9 5 13 26 19 24 15 33 22 18 8 32 20 28 38 21 3 1
36 32 7 14 22 35 4 20 6 18 23 10 28 24 17 25 9 33 12 39 21 11 38 16 0 27 13 1 34
3 35 39 27 29 18 1 11 5 15 37 7 17 12 13 19 26 6 25 33 21 9 8 10 24 16 36 4
30 24 15 26 18 3 10 28 6 8 34 39 4 37 38 16 27 12 29 25 11 19 20 21 22
25 21 17 23 38 2 12 0 18 35 3 10 34 26 39 29 30 24 31 22 20 15 11 6 1 16 14 4 7
14 36 29 24 12 38 15 9 6 35 23 17 1 19 2 33 8 22 39 25 32 28 27 10 18 11 7 30 5 4
31 10 2 8 30 7 15 23 9 13 34 12 27 18 5 33 17 3 21 38 6 20 26 11 39 36 19 24 0
30 21 34 17 6 22 37 19 26 9 2 27 23 16 0 5 12 14 8 38 31 35 7 15 1
2 8 7 38 28 20 5 23 24 36 19 6 16 9 22 31 12 25 32 3 10 21 0 13 39
27 17 16 37 12 25 11 10 15 34 26 33 28 23 21 2 0 35 19 13 6 4 7 32 22 30 24 36 5 29 3 14
9 7 31 6 4 27 11 28 26 14 16 5 20 33 17 34 3 8 32 30 13 35 24 21 2 37
