18 38 32 23 29 2 27 11 21 1 24 39 13 9 5 25 35 33 15 36 37 34 10 3 26 22 4
23 26 39 5 21 20 30 37 7 8 0 27 32 17 4 24 31 34 3 6 19 25 9 2 13
22 26 32 28 0 25 36 5 18 27 9 14 33 20 16 3 11 19 24 38 6 8 30 23 4 13 29 34 17 1
26 16 23 32 34 30 22 7 13 27 20 38 35 36 2 4 25 11 5 21 0 6 1 29 24 17 39 12 28 14 8 9
24 20 19 29 33 39 37 22 18 34 1 3 27 26 36 25 23 17 35 2 21 8 12 13 0
1 11 31 2 12 33 37 38 0 26 7 6 13 3 23 29 20 16 27 21 25 22 32 9 19 10
26 18 31 34 12 9 28 14 35 36 16 19 30 29 15 5 20 25 33 3 2 22 1 27 21 23 17 7 39
29 23 36 14 22 33 1 3 19 5 9 21 30 31 34 35 13 10 26 25 20 24 11 32 27 39 6
13 34 20 29 15 1 32 30 33 26 21 36 39 37 17 9 11 38 23 22 2 19 28 12 3 18 16 35 4 31
34 6 23 11 38 20 31 35 39 22 13 2 0 36 7 28 19 12 24 33 8 37 32 27 10 14 5 3 1 29 21 15
36 37 24 30 27 31 28 21 13 32 33 20 12 22 0 17 16 7 35 25 15 34 39 26 9 23 5
27 32 24 9 19 20 5 18 39 0 12 35 34 36 16 3 2 28 8 30 33 7 37 14 15
23 6 18 35 5 24 11 26 36 27 33 16 38 39 14 10 9 17 28 31 32 19 29 3 8 22 4 15
19 17 14 24 8 22 9 39 32 0 26 10 3 35 36 5 29 18 7 23 20 28 2 37 4 31 34 1 30
23 13 26 7 19 6 31 25 37 15 18 20 28 2 34 36 12 32 39 35 17 21 3 9 11
38 22 8 35 39 32 21 14 6 24 17 37 27 0 18 29 23 34 31 10 30 16 12 9 11
38 3 31 34 23 6 21 37 12 2 30 11 39 10 18 27 33 22 5 8 15 20
38 35 37 13 21 33 28 18 39 27 36 15 1 22 23 19 34 12 8 10 30 3 4 14 25 2 6
6 0 39 26 34 12 31 11 29 32 21 30 14 2 17 22 37 28 4 15 33 13 24 23 36 16 8 35 25
20 13 21 38 11 33 4 35 14 26 36 6 28 29 31 7 9 39 30 17 2 12 8 22 1 37 5
19 23 4 25 26 9 38 8 11 22 37 29 28 1 30 34 14 27 2 3 6 35 10 13 39 5 7 21 16 33 31
27 28 19 36 1 17 32 16 18 15 38 22 0 29 10 33 8 7 26 3 37 14 30 4 5 20 35 6 9
36 2 35 33 20 7 15 13 30 21 32 9 18 3 29 27 4 24 17 10 8 39 6 19 16 12 26 34 38 5 0
12 20 14 1 9 27 7 16 3 0 25 38 34 26 28 30 17 24 13 29 15 18 8 5 4 2 10 31 6 36
4 11 13 10 26 29 25 12 0 30 36 15 31 22 39 23 32 1 9 2 18 38 3 37 7
20 23 2 14 24 37 29 38 0 30 6 36 3 28 33 4 39 10 7 27 35 17 5 18 1
32 6 3 2 1 18 20 24 14 39 19 12 23 13 5 8 34 30 35 21 4 7 0 10 22 31 38 36 28
11 21 23 33 36 28 0 10 30 2 1 32 20 17 12 3 22 15 39 31 4 16 29 25 9 34 5 6 7
37 21 6 20 34 2 27 17 10 19 14 33 23 9 39 18 25 12 11 13 3 8 32 36 30 35 26
7 20 4 0 38 18 8 24 39 25 21 19 6 22 37 13 32 15 23 3 5 12 27 35 2 9
31 32 1 3 20 10 27 18 22 6 24 8 25 23 16 26 34 7 19 17 11 15 2 21 36 28 13
6 16 36 30 9 18 5 37 14 10 39 19 24 38 7 27 1 12 15 26 23 13 20 8
26 11 38 30 3 0 2 21 18 36 15 22 37 13 39 1 8 27 10 34 14 24 29 12 9 28 5 7
34 19 27 22 17 7 4 5 37 36 28 2 8 12 21 0 10 18 6 25 9 16 11 38 20
9 6 16 18 33 39 8 28 3 20 23 14 26 11 30 32 7 4 0 17 35 1 15 10 27 22 2 13
17 22 19 12 9 6 15 39 11 38 13 0 3 26 20 7 34 36 10 14 4 25 29 18 8 21 28
22 10 31 21 7 27 6 32 19 2 33 12 24 38 9 17 8 13 3 0 11 14 25 4 35 18 28 30 26 23
28 17 10 20 31 14 25 1 32 33 5 16 4 18 15 29 39 8 0 9 21 24 13 19 11
16 17 15 19 32 9 20 0 29 23 21 25 5 35 36 12 3 31 39 24 2 8 33 26 22
18 34 1 26 11 15 29 9 4 35 13 32 0 31 17 28 37 8 12 19 27 38 24 14 16 25 22 20 3 10 7 6
