27 19 24 30 32 22 8 9 21 31 11 39 33 29 38 7 18 14 28 1 13 23 15 17 16 2 34 10 26 3 25 4 36 35 20 12 5 37 6
15 13 29 28 26 23 19 33 2 35 38 21 36 22 25 10 0 34 5 37 30 9 6 18 24 39 3 12 31 32 7 4 11 8 14 20 27 16 17
11 21 34 38 22 33 5 17 1 31 23 27 32 14 16 13 30 7 37 12 20 25 39 9 26 4 0 28 24 36 3 29 15 6 35 19 18 8 10
18 11 30 20 33 25 5 8 39 29 28 10 17 14 21 34 35 37 2 7 23 36 22 12 9 1 4 0 16 27 26 24 15 38 13 32 19 31 6
22 7 32 26 21 13 18 34 35 25 28 9 38 36 15 39 30 6 27 5 24 31 2 14 20 33 12 16 8 23 3 29 0 10 1 11 17 37 19
35 28 23 12 2 9 34 21 27 3 32 6 17 36 30 19 4 26 29 15 33 1 14 7 18 10 31 11 37 8 16 25 38 39 24 0 13 20 22
27 32 13 12 31 38 36 18 5 15 10 24 16 7 4 8 30 23 19 21 11 28 35 9 1 26 20 34 25 37 29 2 39 22 17 14 3 33 0
19 20 27 38 18 4 8 15 16 13 32 36 11 35 17 37 24 2 23 0 6 14 30 12 28 26 9 31 21 5 10 25 29 39 3 33 1 22 34
14 7 32 24 29 25 34 0 19 3 35 21 26 33 31 23 13 6 20 36 12 10 9 39 17 11 28 18 4 37 16 5 15 27 38 30 1 2 22
26 14 19 27 24 5 37 38 0 13 33 22 4 12 23 35 18 30 16 28 10 2 7 8 34 6 20 21 1 25 3 11 36 29 31 32 39 17 15
18 37 25 34 24 36 22 33 6 3 16 20 1 35 14 9 19 11 17 8 23 27 32 31 12 7 5 0 26 29 39 30 4 28 21 38 15 2 13
30 2 3 27 20 18 7 31 29 0 17 32 35 14 24 39 19 25 23 10 36 13 6 28 37 8 5 38 22 15 33 9 12 26 1 4 21 16 34
30 33 17 29 5 6 22 31 21 16 24 9 15 20 2 14 7 27 25 26 8 10 38 4 18 19 32 35 3 1 23 11 39 36 0 28 13 34 37
1 26 29 4 21 6 15 7 32 23 9 38 20 35 2 36 37 24 8 0 27 22 11 25 18 14 31 30 33 28 17 16 39 3 5 12 19 10 34
22 20 9 8 39 35 33 34 2 23 7 19 0 12 3 26 11 10 32 21 27 4 13 24 5 17 38 28 37 16 31 18 25 15 36 1 6 30 29
1 7 39 25 13 19 37 34 24 28 32 6 12 27 4 18 0 36 22 16 33 31 30 5 38 35 29 11 21 17 26 8 2 3 14 20 23 9 10
32 19 38 25 7 22 26 37 12 35 2 34 30 6 20 10 36 9 21 15 39 17 0 4 33 8 14 18 27 5 28 13 3 23 29 11 24 1 31
12 19 32 35 23 18 26 2 37 27 7 25 30 11 5 3 28 33 24 0 31 36 16 29 10 8 20 14 34 15 13 22 21 38 39 6 9 4 1
10 31 3 7 35 4 36 17 24 11 32 6 19 0 15 34 20 25 9 21 28 27 33 13 37 38 5 22 8 12 39 16 26 1 14 29 30 2 23
7 35 9 17 16 0 20 15 37 27 36 1 8 29 34 38 18 33 28 14 5 26 32 31 10 11 6 39 24 12 21 22 23 25 2 3 13 4 30
14 7 36 11 26 19 3 39 38 30 13 16 12 2 10 18 21 23 35 8 22 29 4 17 37 9 27 31 34 6 33 32 24 0 28 1 15 5 25
37 2 36 24 23 27 4 28 13 38 5 12 22 25 0 1 8 32 30 34 33 3 26 20 29 16 14 39 18 6 31 7 35 9 15 19 17 10 11
4 28 37 38 14 36 39 2 34 12 32 16 0 21 24 10 9 26 1 25 31 20 15 29 13 33 18 30 35 11 3 17 7 6 19 27 8 23 5
5 21 17 1 32 2 13 25 35 31 9 14 7 24 28 30 33 8 34 0 20 36 6 11 38 10 39 29 4 3 12 27 26 16 19 37 15 18 22
26 21 8 0 9 18 10 33 31 15 22 7 12 27 6 23 13 11 4 38 25 17 32 39 14 30 2 19 1 36 35 3 20 5 16 29 37 34
34 10 15 8 16 33 23 4 3 17 38 21 27 36 37 29 28 1 22 18 12 2 24 39 32 11 30 13 26 31 7 9 35 5 6 0 14 19 20
9 24 13 31 4 20 1 17 30 16 35 32 34 8 22 14 21 36 19 12 2 5 7 25 10 37 27 18 6 0 15 33 3 11 28 39 23 29 38
0 6 7 33 30 11 21 9 19 2 5 28 17 25 24 15 34 39 29 4 12 13 18 14 10 20 26 36 16 38 8 35 32 3 31 37 23 22 1
22 5 1 21 37 32 27 15 4 33 3 30 19 25 17 23 31 0 35 9 38 18 7 39 6 2 34 11 8 14 13 16 10 26 12 20 29 36
39 1 12 13 8 34 31 38 19 11 0 32 3 27 25 21 20 22 5 17 30 7 10 23 15 2 35 36 4 33 6 18 9 26 16 28 24 14 37
11 12 27 3 0 26 20 17 16 2 36 28 21 5 4 23 7 9 6 25 15 24 29 39 1 22 13 31 10 33 8 35 38 18 32 34 37 14 19
18 26 6 35 29 2 12 32 24 11 0 38 23 8 22 28 4 19 15 17 39 7 21 25 10 37 13 5 33 30 20 14 1 27 34 36 9 3 16
4 16 8 6 17 38 22 0 36 28 7 23 13 2 18 31 26 15 5 29 35 33 21 11 14 19 25 24 10 37 12 27 20 1 39 30 3 9 34
12 27 2 14 3 25 37 1 24 9 28 10 35 0 19 34 32 8 21 23 17 18 38 15 22 5 4 31 16 11 13 30 7 26 20 29 36 39 6
36 25 2 39 4 14 22 8 10 5 29 35 15 19 16 26 33 27 21 18 23 3 1 37 9 28 0 17 20 6 31 7 30 38 32 13 12 11 24
19 5 18 14 17 31 4 26 34 23 7 8 16 1 13 33 9 32 11 38 10 28 36 20 3 6 37 22 21 15 39 12 25 24 29 27 30 0 2
22 21 34 20 18 32 19 6 7 38 10 4 30 25 13 5 1 26 16 35 37 23 15 8 17 11 2 27 3 24 39 29 31 9 0 14 12 33 28
22 21 10 28 38 19 9 33 16 17 15 7 25 2 13 34 36 3 18 11 31 1 35 20 5 8 32 26 14 6 27 23 39 30 0 4 12 24 29
22 7 2 16 32 37 6 21 9 39 36 29 20 13 25 19 4 31 1 0 35 28 24 33 23 15 12 18 14 11 27 8 3 17 30 5 10 34 26
29 22 34 15 14 38 20 3 0 27 4 2 11 21 25 16 31 28 8 24 19 23 7 30 10 18 35 1 36 12 13 6 32 26 17 5 37 9 33
