1 24 39 9 18 36 7 8 12 29 10 5 32 17 15 3
29 0 28 37 9 38 16 26 20 33 34 14 19 11 4
37 11 29 10 4 39 5 30 6 8 35 26 24 7 12 32 13 31
15 35 18 30 27 17 25 22 8 10 24 11 26 14 0 21
11 15 2 8 39 12 9 22 32 20 30 37 7 17 1 13 21 38
16 24 22 37 12 25 15 36 30 20 28 2 0 11 17 10 7 6 21 35
31 35 23 15 11 24 28 2 26 39 34 8 18 5
39 27 12 0 25 26 30 20 10 34 38 4 2 28 37 5 31
21 4 0 30 33 16 12 3 18 2 6 15 14 26 11
17 0 1 4 28 11 35 24
16 28 2 33 23 22 12 7 19 0 20 21 3 17 35 37 38 30 31 5 39
4 2 37 39 6 29 20 31 9 5 34 21 25 3 1 18 35 8
38 29 5 20 32 7 4 22 0 28 10 14 26 33 24 8 37 36 2 27
38 36 27 15 22 14 23 19 24 2 4 20
23 37 33 28 17 13 12 38 24 19 34 1 3 8
18 4 3 27 13 5 6 31 39 30 35 0 29 16 8 23
10 5 22 28 1 8 23 15 38 27 36
27 9 30 39 14 3 33 0 5 10 4 35
15 3 0 39 24 20 35 38 22 8 36 37 23 6 11 34
32 37 31 26 38 28 10 13 14 24 1 36 20 35 27
29 12 18 5 11 7 1 31 4 10 19 32 13 38 23
8 36 29 30 34 22 28 10 11 38 5 3 4
31 30 5 16 36 25 13 12 18 10 21 4 28 3 37 24
27 32 14 39 10 6 13 35 30 36 26 16 29 18 15 20
0 5 18 38 6 12 14 39 19 2 9 13 3 22
37 5 31 28 22 7 3 39 30 11 29 36 26
31 39 33 34 19 7 1 12 32 6 23 2 3 25 8
23 29 17 7 15 13 36 37 3 39 31 35 12 16 19 33
10 33 1 25 16 14 19 39 12 9 5 6 22 21 35 31 7 30
34 1 27 20 12 32 2 30 37 21 39 11 0 31 23 15 25 36
36 34 39 22 3 17 29 8 5 21 7 15 2 23 4 33 25 10 28
22 26 6 19 25 34 39 15 11 20 27 29 28 33 10 2 7
23 19 29 38 12 39 26 4 0 2 20 36 34
26 34 28 10 14 8 12 1 17 30 36 31 39 27
29 30 33 26 31 21 11 6 14 7 1 37 36 32 18 39
6 3 18 36 23 9 27 28 10 2 15 17 19 11 5 39
30 37 13 0 21 27 22 5 35 39 23 18 33 12 34 19 32 16 25 29
36 25 2 5 11 19 14 1 29 27 12 4 38 18 22 10 34 7
12 13 32 19 24 1 18 14 37 7 21 10 16 20 39 4
26 30 0 7 23 11 18 4 17 31 32 29 28 2 15 36 27 24 25 6 33 38 10 35 34
