8 23 4 26 20 16 1 30 19 22 32 31 25 10 14 33 7
39 18 8 0 34 24 19 20 7 16
15 21 6 32 29 36 33 38 9 34 13 18
6 35 15 30 29 38 23
36 0 30 16 23 11 24 6 39
37 36 25 29 18 27 32 9 24 20
16 3 24 2 38 23 4 21 35 36 29
13 26 8 15 23 16 24 22 1 33 0 12
0 20 7 10 27 37 14 1 34 9 21 29 23 26 35 33
17 15 26 34 8 20 2 5
8 12 29 19 0
20 36 34 37 4 35 26 31
32 10 18 31 30 34 28 29 7
7 18 35 16 37 2 33
38 23 35 8 30 16 20 0 26
2 28 3 7 9 20 30 32 31
6 28 4 0 26 7 13 37 14 20 23 1
21 33 36 9 27 29
24 13 1 5 32 12 29 21 35 2
37 23 0 28 1 10 32 36 30
22 8 11 15 0 26 9 28 16 1 14 29 34 5 37
17 24 36 26 2 18 8 34 6
20 38 26 0 7 37 30 36
14 0 19 32 7 6 39 4 27 3 8 16
21 6 18 7 1 35 33 4 5
29 5 0 27
7 21 0 22 20 16 9 11 8 14
8 5 17 23 38 25
15 16 36 31 19 20 38 37 12 34 35
25 5 31 3 2 18 10 17 8 20 12 37 6
3 15 4 39 0 14 12 22 19
36 28 29 12 15 0 11 38
12 2 23 18 15 0 5 19 38
17 2 24 7 13 0 8
1 9 8 11 12 2 20 21 28
3 14 13 39 36 18 24 11 8 38 6 28
31 21 4 17 5 28 35 2 11 6 19 22
5 19 8 16 13 28 11 22 29 20
14 39 22 6 3 2 28 27 31 35 32
38 1 35 30 23 4
