8 16 28 32 37 27 14 4 7 39 26 38 10 24 33 34 5 19 20 6 31 17 18 15 30 9 23 22 25 21 1 12 3 36 13 35 11 2 29
26 28 3 14 31 11 25 7 38 22 17 37 4 33 32 10 24 29 19 35 18 9 16 30 13 8 36 2 21 34 39 27 15 20 12 0 23 6 5
37 36 8 34 39 27 17 26 31 19 6 22 11 14 35 28 4 10 15 16 24 3 32 23 1 7 9 18 20 38 25 21 30 33 29 5 13 0 12
18 39 27 15 6 16 25 1 26 30 22 24 35 37 31 19 8 28 38 4 32 7 11 23 20 21 2 12 5 29 13 34 10 14 0 36 33 9 17
36 19 21 33 23 8 7 0 34 12 9 17 20 13 1 39 3 30 2 35 31 5 18 24 29 14 6 15 22 25 38 37 11 27 28 10 26 32 16
16 17 26 6 33 13 35 7 34 37 10 9 28 22 31 24 14 4 25 36 30 11 20 0 23 38 19 3 29 18 27 21 12 2 15 39 1 8 32
3 24 5 31 9 26 12 35 34 28 17 21 2 7 29 38 11 13 4 22 0 19 25 10 8 39 18 16 14 36 30 15 23 32 33 20 37 1 27
9 35 19 23 22 15 17 14 39 1 4 5 0 6 34 12 3 21 25 32 26 37 11 36 24 38 31 28 2 16 8 18 20 13 29 30 33 27 10
17 36 0 14 11 27 2 4 22 32 13 26 20 18 3 24 10 19 33 23 31 39 38 35 28 1 15 6 25 7 34 16 29 12 9 30 21 37 5
7 20 18 26 23 30 10 6 32 35 5 39 4 28 17 22 29 37 25 31 11 16 12 1 14 15 19 2 38 0 36 33 34 13 8 24 21 27 3
38 36 17 9 28 14 29 37 12 5 33 24 23 32 8 26 21 2 1 16 18 0 25 30 22 11 19 6 27 35 34 20 15 3 13 39 4 31 7
13 8 20 29 36 37 26 23 1 22 21 28 39 34 19 16 2 3 30 6 5 7 9 38 27 10 18 25 4 33 17 12 24 14 0 15 32 35 31
29 35 24 33 26 16 15 21 14 10 6 17 4 38 36 19 7 23 30 22 27 9 25 3 31 34 13 37 28 18 8 32 5 1 0 11 2 20 39
21 14 11 20 31 15 18 5 35 8 4 28 24 36 29 23 6 27 1 39 25 16 38 12 37 26 3 34 9 30 10 17 32 19 2 33 22 7 0
13 8 22 1 34 7 35 37 10 17 21 0 12 27 15 25 32 33 2 5 39 31 36 4 30 20 23 9 19 29 6 38 3 24 26 11 16 28 18
17 3 36 7 13 23 12 39 14 16 35 21 20 37 31 26 22 25 2 29 24 4 38 9 8 19 0 32 33 10 6 1 34 30 18 27 11 5 28
27 28 5 3 32 33 0 30 25 21 12 18 15 34 24 11 23 29 10 9 2 19 36 1 20 38 31 22 39 13 7 6 8 17 14 35 4 26 37
8 15 5 28 7 22 24 10 14 27 2 37 12 6 4 9 1 18 29 20 21 23 19 32 30 25 35 0 16 13 34 11 38 36 39 26 3 31 33
3 38 22 9 13 33 23 39 16 19 28 8 26 17 24 30 10 27 4 1 36 31 11 2 0 6 12 34 5 37 25 29 7 21 32 20 15 35 14
38 26 7 23 27 4 28 32 29 18 37 35 12 3 2 31 24 11 25 8 30 1 21 16 17 0 36 10 6 5 14 9 15 39 22 34 20 33 13
9 34 11 13 38 32 4 8 15 35 30 17 23 37 26 3 22 5 0 14 24 16 28 2 36 25 10 19 27 1 18 21 7 33 39 6 31 29 12
13 23 31 4 35 16 12 14 11 28 15 27 36 6 17 34 37 7 25 10 3 32 19 26 29 39 22 30 1 24 33 5 2 18 0 9 38 20 8
18 34 7 14 37 17 31 27 11 29 3 8 23 5 26 9 1 2 25 39 15 12 20 36 30 10 24 6 28 16 35 21 4 32 19 0 38 33 13
34 21 19 7 9 39 11 15 4 18 10 22 13 12 17 16 32 20 27 8 35 3 33 37 5 14 29 36 2 28 24 30 31 38 0 6 26 1 25
33 6 12 39 17 38 25 36 3 34 10 16 19 13 8 32 31 37 28 26 5 30 18 1 4 0 22 15 2 7 20 23 21 27 29 14 9 11 35
32 34 3 31 38 16 1 24 35 14 39 29 9 22 19 21 7 28 15 5 10 12 6 13 8 30 17 36 27 4 26 18 11 20 2 33 0 23 37
19 1 9 35 5 3 11 31 12 6 28 36 34 22 8 38 2 18 37 10 24 15 20 0 7 21 29 39 32 13 25 23 4 14 33 17 30 16 27
16 3 19 33 8 22 0 14 29 17 2 21 35 36 23 12 18 39 13 11 32 28 10 31 25 30 34 5 24 1 4 37 20 9 38 15 7 6 26
16 1 17 19 0 39 10 18 21 11 5 35 6 26 9 13 3 29 24 2 33 25 34 37 22 27 7 8 20 23 12 36 30 4 38 32 14 15 31
33 12 38 11 10 22 19 32 27 39 36 25 9 30 13 17 35 6 28 16 1 4 15 26 23 21 14 37 3 31 5 34 8 18 24 2 7 0 20
39 9 16 3 33 34 38 37 35 29 31 20 4 12 19 24 18 36 11 22 10 5 14 1 17 25 21 23 27 0 28 6 13 8 2 32 15 7 26
32 37 21 25 13 22 6 1 26 33 38 3 2 19 5 9 30 15 24 36 14 4 8 7 16 18 39 12 0 27 29 23 35 34 10 20 17 11 28
31 25 16 38 34 0 19 9 29 39 36 8 20 35 14 10 24 1 3 23 7 21 33 27 17 2 22 26 15 12 6 30 13 18 4 28 37 11 5
29 24 16 12 37 27 5 4 18 30 31 10 35 36 14 1 28 8 0 23 39 32 34 21 15 9 38 11 25 2 6 3 19 20 26 22 13 7 17
23 22 25 20 14 32 30 2 5 6 24 16 4 26 38 11 37 7 21 28 0 33 39 12 36 8 27 1 18 29 3 10 9 13 19 17 15 35 31
12 7 26 14 21 25 5 9 15 6 19 33 13 28 3 32 20 30 27 29 2 37 23 4 1 39 8 22 17 10 36 31 38 34 0 16 18 11 24
4 39 10 8 15 11 2 24 32 29 38 26 21 33 12 13 27 31 14 30 22 5 16 7 19 18 23 1 25 34 20 9 28 37 35 6 3 0 17
31 2 33 22 11 14 0 10 5 19 17 3 9 1 30 15 26 34 24 21 35 20 7 28 23 29 13 12 4 18 39 36 27 38 32 6 8 25 16
18 19 10 29 32 25 24 20 36 12 34 31 26 30 1 3 6 0 8 11 5 7 15 16 13 23 9 4 2 14 33 22 35 37 28 21 17 39 27
36 3 30 23 24 28 15 7 18 32 2 9 29 25 11 0 4 22 14 8 27 33 35 13 16 34 31 6 21 26 1 19 37 10 38 20 17 5 12
