28 3 29 1 30 24 23 12 18 13 22 25 33 2 10 11 20 16 26 27 37 34 9 21
39 37 4 14 5 23 8 38 11 25 26 36 0 17 16 13 28 31 22 20 30 15 7 21
39 9 17 15 33 14 37 3 36 27 6 32 26 29 30 21 10 19 0 38 35 24 34 11 31 12 4
5 10 11 32 6 12 2 22 0 19 26 23 16 29 38 20 7 30 18 33 27 17 4 35 28 25 37
1 35 10 11 17 30 25 31 39 26 21 32 15 8 18 5 16 12 6 3 28 38 9 36 7 13 37 23 2
3 33 23 15 9 20 31 12 1 34 19 36 37 30 11 35 28 32 6 24 4 29 39 14 18 26 17 16 22
19 3 21 9 23 16 11 26 13 17 32 2 28 10 5 12 7 20 29 25 18 4 27 15 31 37 8 33
16 27 10 29 18 6 13 3 33 39 26 17 37 24 28 11 15 4 21 12 36 8 20 1 38 22
11 39 13 16 1 12 31 33 35 15 32 21 9 4 24 17 36 14 38 25 10 27 26 37 19 6 7 28
36 15 5 2 12 6 20 37 39 33 17 30 8 27 32 35 34 13 23 4 10 25 22 38 21 14 19 0 26
3 4 39 7 26 22 14 12 35 18 6 30 2 38 25 28 34 13 8 0 9 36 16 27 11
8 3 13 4 22 6 23 1 5 15 35 38 34 39 12 36 17 7 18 25 33 0 29 24 32 19 26 2 14 10
17 38 34 5 29 35 9 14 30 3 8 27 10 16 36 33 28 15 25 6 24 0 20 13 21 39 11 4 19 7 18 2
8 11 24 6 18 20 31 1 7 33 23 15 25 12 17 0 38 14 10 9 32 26 35 4 37 28 36
26 1 32 33 38 36 12 19 23 10 2 37 16 22 39 20 17 8 13 28 5 30 29 9 18 35 15 11 24 21 27
32 9 5 22 17 18 2 26 11 29 31 20 8 12 28 13 4 36 23 38 16 34 27 1 6 7 37 35 14 21
39 7 17 8 22 34 36 6 12 28 14 35 3 1 24 37 27 4 26 23 25 15 32 21 29 0 10 5
12 21 16 24 26 15 2 4 20 6 38 9 1 28 29 14 8 13 7 11 3 27 33 34 31 30 23 32 25 5 39 35 22
15 28 25 7 10 13 38 26 33 3 4 0 37 6 20 11 22 35 5 29 12 14 24
6 32 37 5 14 26 34 31 28 3 21 20 2 24 12 30 29 8 23 11 36 9 27 38
25 5 22 33 9 24 17 13 32 29 21 15 6 35 3 12 19 14 23 18 1 27 39 28 0 34 31 7 26 30
17 27 34 6 20 26 30 8 4 2 19 35 12 37 25 28 29 23 9 16 7 36 14 1 0 33 15
15 28 16 20 30 11 26 37 10 34 33 3 25 38 32 31 14 39 0 24 1 9 18 27 23 17 5 7
31 5 38 24 1 14 6 37 11 35 30 3 0 29 13 20 27 15 33 25 9 39 16 21 32 19 28 36 34 17 22 26 4
17 23 13 20 30 5 0 12 16 25 8 35 19 32 28 22 7 38 26 34 11 29 2 18 14
20 38 37 28 18 4 35 31 22 1 27 12 30 13 24 10 8 0 6 23 21 16 34 11 29 39 9 26 17 3
14 17 22 10 15 6 19 37 21 1 2 3 4 18 7 34 16 33 13 24 8 25 5 0 28 11 36 35 23 20 9
21 7 12 39 2 32 25 30 9 23 16 3 8 17 20 6 15 22 28 31 34 38 10 0 19 14
0 22 18 39 25 35 16 12 36 5 19 6 15 17 1 34 10 24 14 7 21 4 20 23 37 27 3 29 31 26 8 30 13 38
36 35 12 39 7 15 20 0 2 3 17 23 31 30 6 5 21 25 38 11 19 14 24 16 28 18 33
39 31 4 22 12 5 21 24 23 27 9 0 25 2 10 29 3 34 14 1 37 19 17 35 28 32 33 36 20
23 30 5 34 33 4 8 25 19 15 13 22 29 1 35 38 39 6 27 17 20 28 37 2
15 19 14 3 34 38 39 20 6 22 2 5 27 8 9 4 33 24 13 16 23 35 11 17 36 30
5 14 20 2 31 35 22 39 9 8 12 36 34 13 18 32 7 3 23 0 26 17 11 6 29 30 21
12 5 21 31 16 22 32 37 19 35 33 28 39 11 26 9 10 30 38 25 15 24 17 23 20 27 2 36 0
29 4 12 28 33 10 38 39 25 5 23 34 16 8 20 11 36 21 9 24 31 3 13 2 18 32 15 14 30 26 17
29 9 14 16 5 2 12 33 1 28 39 35 8 15 11 4 10 23 7 19 34 21 32 26 13 30
1 19 25 22 9 5 2 34 23 14 26 7 16 21 18 39 30 8 28 6 15 13 4 0 31 3
12 23 14 25 35 32 1 22 17 18 3 10 11 8 39 13 24 15 34 2 4 31 29 9 27 7 28 19
1 2 8 16 30 10 29 28 35 32 33 9 27 4 36 22 14 34 7 11 38 12 5 37 23 25 31 20 17
