4 21 15
36 39 19 5
30 19 29 21
11 9
0 17 6 18 14 9 29 38 26
34 17 12 18 28 1 9
28 36 4 21 20 11 38
27 15 22
38 32 35
3 13 4 5 38

39 18 3 34 6
19 16 5 25
35 39 9 24
32 29 4
31 7 0
21 12 22
4 27 21 39 25 5 26 22
39 21 5 11 38 24 4
12 37 1 2 33 39
22 34 31 35 6
16 17 18 33 28 6 0 2
20 36 25 39 24 16 7 32 29 17
35 39
28 26 22 18 13
36 26 17 22 35 34 12
25 24 27 17 4
17 39 26 7 37
24 6 21 5
14 37 2 4 22
2 36
20 15
14 8 22
39 21 19
35 20 5 11 38 25
34 13 20 8 25 23
1 25 22 6 30
19 27 29
8 18 34 4 9 6
1 17 18 27 33 22 11 13 19 23
