4 29 5 26 38 22 34 37 39 11 6 9 2 25 17 27 24 10 15 14 31 12 23 33 3 7 16 35 13 1 21 32 18 8 28 20 19 36
28 33 11 27 37 24 34 20 14 5 39 10 31 29 36 16 12 15 21 6 35 32 23 26 8 3 18 4 2 0 25 19 17 30 13 38 9
22 36 35 5 3 34 14 29 17 11 8 6 0 26 20 28 12 9 32 30 13 31 16 37 21 10 7 15 39 38 25 1 24 27 19 18 23 4
16 27 18 2 6 34 8 12 22 13 33 17 35 24 28 38 26 10 39 0 31 5 19 1 36 4 11 25 7 29 14 30 23 21 9 15
0 9 15 13 26 27 21 33 25 30 18 8 12 5 31 39 16 6 36 38 24 29 11 19 1 32 14 3 17 22 20 2 23 10
8 18 35 15 2 29 0 34 1 32 13 19 25 7 11 28 4 36 37 26 27 23 31 20 22 39 9 30 3 33 14 16 10 24 17 12 38 21
17 28 23 3 22 8 33 10 11 0 2 24 30 31 32 21 1 29 37 39 18 4 20 27 35 14 26 7 12 15 13 34 25 38 36
11 25 37 31 36 15 5 35 24 30 32 12 14 19 29 23 33 26 8 2 18 0 9 21 22 38 39 6 17 3 28 27 13 10 20 34 16
5 19 29 14 18 6 3 2 36 4 24 10 12 28 13 11 22 7 26 20 1 38 30 31 34 16 32 33 15 23 0 21 37 25 35 9 17
33 10 4 30 23 0 31 2 12 21 26 20 34 5 39 28 14 18 19 7 35 17 13 37 32 36 11 16 8 15 3 22 25 27 1
22 17 9 28 33 1 25 6 31 34 39 21 0 38 8 36 27 3 24 2 15 37 29 35 18 13 5 26 19 23 16 30 32 7 4 20 12
25 7 1 14 22 37 26 27 2 16 6 29 0 20 5 35 12 21 8 15 23 30 19 38 18 4 13 17 33 39 3 9 28 32
22 33 26 29 27 3 25 23 7 1 32 39 4 19 2 15 11 17 9 8 0 21 37 38 28 16 36 30 20 18 13 14 24 34 6 5 31 10
4 14 39 31 34 29 22 5 19 25 3 16 35 2 26 8 28 27 10 21 11 24 0 9 37 12 33 38 23 17 6 36 7 20 1 30 32
11 19 27 39 13 30 1 17 16 31 2 8 24 23 22 18 7 21 34 35 0 33 37 38 15 9 5 36 12 6 25 4 26 28 3 29
25 26 23 4 5 36 37 39 35 7 29 33 1 22 12 0 20 28 19 21 18 24 11 16 27 10 14 2 31 8 32 17 9 6 34 30 38 3
23 3 18 34 37 14 11 1 35 32 36 13 21 38 30 4 20 2 17 24 26 15 12 29 33 0 39 22 8 5 28 25 19 27 9 10 31 7
10 6 35 14 2 20 3 0 18 24 12 32 31 19 16 29 33 11 37 9 34 27 39 36 28 15 4 7 5 13 8 1 21 38
30 5 16 3 38 28 25 8 29 4 31 17 14 39 20 32 24 21 15 6 10 7 19 9 11 35 37 12 1 33 36 26 23 0 34 27 2 22
31 37 14 24 33 26 8 32 38 5 13 27 12 7 20 29 15 17 36 11 18 3 9 4 34 21 39 16 23 25 10 2 1 22 0
25 39 1 24 31 34 21 11 17 32 35 2 33 15 27 18 38 5 19 9 16 23 6 8 28 12 29 4 22 26 7 30 0 13 10
4 20 24 16 1 10 14 6 34 29 9 11 33 18 36 15 12 25 23 28 38 31 37 2 13 32 7 19 27 30 0 39 8 3 5 35 17
2 10 12 29 11 35 27 30 0 13 6 28 3 36 26 31 15 14 39 32 5 8 16 7 25 34 33 38 4 20 9 19 37 18 24
16 15 25 39 34 6 9 28 31 14 35 12 37 26 38 5 24 1 29 21 7 11 0 20 32 33 27 8 18 19 13 10 30 3 2 4
19 29 1 25 20 27 31 14 37 7 35 33 21 6 8 0 3 17 23 34 18 39 15 16 10 4 13 30 28 26 12 5 2 36 38 22
11 15 7 20 23 35 24 32 37 39 38 4 5 36 18 27 33 10 13 12 0 30 29 26 21 2 34 22 16 14 1 19 3 8 28 6 9
15 12 19 4 11 0 39 33 22 2 23 5 30 32 38 25 9 13 1 3 35 7 16 8 29 37 27 24 18 36 6 10 34 14 31 20 28
3 1 37 22 14 4 12 11 24 25 33 19 0 20 5 31 10 39 13 15 6 30 29 26 17 21 23 35 32 2 16 18 38 7 34 28 9
1 10 36 37 6 18 23 30 22 38 5 2 15 3 8 13 21 12 9 33 20 31 24 16 29 17 7 14 25 0 27 11 39 26
22 0 24 12 5 13 8 2 15 18 11 1 35 39 38 25 21 6 19 7 23 31 32 30 17 16 26 10 4 37 27 28 3 20 14
18 9 14 22 28 4 25 32 7 6 26 16 2 39 11 29 5 37 12 27 8 24 21 3 10 23 33 38 15 20 1 13 36
19 38 7 13 20 14 24 23 1 18 10 9 22 6 39 4 5 2 27 0 17 33 29 21 32 3 34 35 28 8 37 15 26 36 16 12
25 34 19 36 5 30 7 12 16 20 39 26 37 6 2 18 22 1 17 38 29 31 23 21 8 27 4 9 0 15 10 11 13
9 1 12 37 19 10 4 36 6 25 26 34 3 15 27 39 24 20 21 38 14 31 7 35 0 17 16 28 5 18 23 8 11 13 22 30
37 16 1 39 23 32 13 5 3 0 20 2 33 10 21 14 35 24 36 9 31 38 8 19 17 25 12 22 26 18 27 6 15 7
5 25 2 22 17 15 23 7 11 24 29 16 20 3 13 14 1 34 26 36 33 10 31 18 6 0 9 39 27 8 37 21 38
28 15 2 39 32 33 7 25 37 8 22 1 5 16 10 21 34 4 35 19 12 18 3 14 26 17 9 24 31 13 30 0 6 38
34 19 33 27 1 16 15 7 11 28 25 0 36 24 39 23 5 32 6 14 2 12 21 38 10 30 29 18 26 17 13 31 9 8 22 35
31 18 0 19 25 28 10 16 29 26 23 20 33 3 32 12 39 21 4 14 37 11 8 34 2 13 7 22 27 24 30 5 15 6 1 36 17 35
23 34 14 36 20 15 13 25 1 0 26 37 33 12 10 32 29 31 18 4 22 30 5 24 6 38 27 9 3 16 2 35 17 21 19 11 7 28
