38 11 2 30 21 9 4 5 18 33 14 13 22 12
39 25 33 9 16 13 21 11 6 27 38 7 32 29 37 17 12 4
25 26 30 24 14 37 39 38 28 0 19 10 4 34
21 18 23 26 7 9 8 27 16 22 37 34
8 5 10 24 7 15 9 29 0 38 18 25 13 23 2 16 1 12
37 39 4 28 22 21 0 34 17 18 14 13
30 24 21 14 31 1 33 37 25 18
29 14 15 17 34 3 26 4 13 1 25 33 27
9 4 35 34 36 3 22 30 23 11 16 38
8 1 38 4 0 34 3 24 23 13 26 20 32 15 30
19 4 30 15 36 14 38 2 13 35 34
27 34 21 37 16 0 31 1 33 38 20 8
28 14 22 30 31 35 36 19 38 17 26 1 0 37 4
21 14 19 39 38 24 1 7 4 0 9 26 10 25 5
13 2 7 12 6 23 33 28 0 10 15 26 29 5
36 7 4 17 35 33 10 32 20 14 9
33 20 11 35 1 34 36 3 27 8 4 38 18
24 20 27 7 36 22 26 15 5 12 18 1 29 33
3 30 22 39 28 4 0 5 17 29 23 16 6
25 34 37 31 13 33 10 21 2 12 26
31 17 16 23 37 32 33 15 26 22 27 9 24 11
13 3 11 24 19 6 31 0 1 25 5 34 36
31 12 17 18 23 5 33 20 0 36 8 3 30
3 30 39 20 14 22 24 9 36 4 18 32 8
17 36 2 21 6 29 13 27 4 39 23 30 9 38 20 32
19 2 30 1 26 21 4 28 7 13 6
2 35 3 7 29 34 25 17 27 19 20 12 9 13 30 14 39
11 17 30 24 36 33 1 26 3 38 20 16 7 37 35
12 33 30 2 35 18 5 37 14 25 38
7 24 39 26 4 32 1 18 14 17
25 2 23 6 12 27 28 18 0 10 24 38 26 22 8 39 9
20 22 19 32 11 39 12 6 21 33 35 36
31 38 20 15 35 29 1 34 9 23 24
34 16 19 37 28 1 31 20 15 27 14 11 6 0 22 7 17
33 19 11 36 8 7 26 9 16 5 21 32 37 2 3 10
8 16 26 37 39 28 12 15 31 32 10 27 36
15 34 24 17 27 8 12 16 31 10 21 23 22 38 39 35
11 19 5 2 33 35 20 39 28 1 34 6 3 27 12
0 13 2 9 32 4 1 12 30 11 10 28 27 36 24 16 8
1 5 13 2 23 31 29 35 24 18 37 36 26 30
