20 39 4 11 1 22 27 16 32 10 3 29 38 21 36 31 17 12 15 5 14 23 26 13 9 24 37 6 30 8 2 34
32 27 0 5 33 21 37 24 28 25 30 34 29 4 20 2 11 14 16 17 39 9 12 3 15 38 35 7
3 8 16 28 36 20 6 15 24 18 10 32 14 34 39 21 19 4 12 1 38 17 9 29 37 33 25 0 35
2 4 31 39 9 23 33 14 0 11 35 5 17 18 19 22 6 34 13 37 1 38 21 16
6 25 3 27 23 0 21 7 9 16 19 5 31 15 12 1 38 10 17 37 34 35 2 32 26 39 18 28 29 36 20 30
14 19 28 33 38 12 1 30 34 22 4 36 13 3 10 0 26 8 21 15 11 39 7 31 27 37 25
4 12 9 21 7 26 32 2 20 27 28 16 15 31 35 22 3 38 19 10 14 33 0 25 29 8 37 30 13 36
18 6 4 39 20 15 26 29 37 33 23 8 14 30 10 34 19 36 25 5 11 1 12 9 16
23 17 2 11 12 10 37 27 34 22 14 21 20 30 7 13 5 36 16 25 26 32 0 6 18 31 38 28 35 19
25 6 29 35 16 3 34 4 17 31 30 33 20 26 13 11 38 14 2 1 0 27 10 37 7
19 14 23 17 18 8 24 0 33 28 2 12 15 13 39 4 5 20 27 30 7 16 6 25 9
29 13 14 0 8 27 22 34 18 19 33 3 36 15 17 38 9 37 1 32 16 20 5 24 7 25 31
6 27 20 21 8 19 5 15 34 36 16 23 35 10 26 29 33 28 4 0 13 2 38 17 30 18 14 1 31 7
32 11 27 18 24 35 20 23 10 5 15 9 34 16 30 12 8 31 36 26 0 3 19 6 17 29
25 5 36 10 11 34 19 15 3 38 28 2 8 33 21 37 0 24 7 27 26 1 9 35 30 6 12 32 31
21 24 37 2 12 14 7 22 10 23 25 13 11 4 6 0 34 18 27 39 20 29 5 31 17 33 36 1 35 28 26
32 26 2 9 23 0 22 4 12 30 20 28 29 6 34 37 13 21 1 11 10 24 19 8 33 3 38 7
8 35 10 33 9 21 38 30 0 23 3 4 11 26 39 12 2 27 1 25 15 34 28 13 31 18 20
10 7 36 13 2 35 11 33 38 27 19 26 15 3 29 20 12 4 39 30 8 17 34
10 5 20 25 26 37 12 34 39 23 35 36 14 28 4 11 33 24 18 38 2 29 3 6 16 7 32 13 22 8
19 27 0 32 12 29 2 6 36 30 38 7 13 33 16 37 8 26 9 1 10 21 22 31 15 18 39 11 24 4 23 17
15 36 6 31 12 4 26 24 1 39 17 0 2 8 38 14 25 20 16 30 28 5 23 35 29 3
28 36 0 27 16 30 11 5 15 8 32 31 34 3 20 6 37 35 24 33 38 19 26
25 4 8 10 16 3 26 19 39 12 13 35 15 17 31 7 33 0 30 24 21 37 34 36 20 32
30 15 10 13 21 2 1 37 19 14 31 26 35 23 36 16 22 11 34 0 20 25 39 33 28 29
23 9 14 4 19 39 37 1 38 26 15 21 30 35 36 10 17 28 33 31 7 24 6 8 2 32 11 27 5
39 16 33 19 29 6 23 21 31 12 25 7 28 30 20 37 9 17 18 5 24 14 4 0 13 8 22 35 15
38 4 12 20 35 1 13 11 39 33 0 22 6 8 29 18 36 15 10 14 28 17 9 32 5 25
38 5 22 2 30 32 39 19 6 1 29 10 26 14 16 12 33 34 27 21 35 25 4 37 24 8 17 15
11 9 26 34 20 28 0 37 1 7 31 16 12 27 36 35 39 38 19 18 15 2 21 6 4 32 13 24
35 24 28 5 20 22 1 9 16 17 26 34 8 32 25 13 21 23 7 10 12 37 14 39 0 36 38 18 31 6 4
39 3 21 26 9 36 29 0 4 33 22 6 23 24 20 13 15 25 12 14 30 32 5 8 38 17 37 11
1 13 16 20 33 6 0 28 35 2 22 30 4 11 34 19 14 27 8 38 25 31 37 29 23
5 26 32 37 17 27 3 1 10 11 18 20 39 9 12 19 14 31 28 7 34 23 35 25 16 2 22 6 15 24
39 38 19 29 14 9 12 37 5 11 1 8 2 30 16 13 15 22 4 33 28 36 7 32 24 3 35 23 17 0 18
30 27 9 17 19 13 32 12 18 37 39 23 3 29 38 25 4 6 24 33 14 28 22 21 34 1 2 26 15 8
14 21 22 39 2 18 19 12 20 31 0 5 29 11 38 27 34 25 13 24 8 7 15 30 23 4 6
19 33 8 15 25 34 1 24 29 35 20 26 16 14 4 7 11 22 30 2 0 23 39 3 9 32 6 5 28 31
28 27 34 5 25 20 0 17 14 18 35 21 4 36 19 12 29 11 2 9 6 32 30 22 1 3 8 31 16
34 26 31 0 3 36 27 25 19 7 28 23 21 35 10 33 2 29 17 15 20 4 1 5 30 18 24 37
