6 33 14 36 24 29 38 23 25 32 34 31 15 22 17 12 39 19 20 16 1 18 37 13 9 28 27 8 7 5 30 21 26 3 11 2 10 35 4
8 6 18 37 19 31 10 9 11 39 20 33 3 28 0 26 16 14 27 12 2 17 4 34 13 15 30 24 38 23 25 21 29 22 36 35 5 7 32
7 23 32 24 14 6 33 39 8 11 13 38 12 18 21 34 30 25 10 19 16 3 1 17 22 5 31 29 28 27 36 9 35 20 4 0 37 26 15
37 12 20 8 36 17 32 38 28 33 7 11 35 19 29 14 1 5 6 16 9 25 31 26 2 24 30 22 4 18 10 34 13 27 0 23 15 39 21
13 6 9 25 16 26 29 33 38 8 21 20 22 7 28 14 36 30 11 37 27 19 39 17 1 3 5 12 18 10 32 15 2 24 35 0 31 23 34
17 32 10 24 30 20 13 15 35 23 27 31 22 16 3 8 9 21 38 33 2 4 12 25 26 29 7 0 6 34 37 39 14 28 11 18 1 19 36
7 0 36 39 23 1 4 17 9 18 2 25 19 32 12 33 34 3 13 30 15 24 27 16 29 31 8 21 35 5 26 28 14 10 37 20 22 11 38
34 6 36 39 2 13 29 12 33 26 15 19 20 16 28 3 32 31 30 17 11 38 4 14 21 18 23 27 5 9 37 25 0 8 10 35 22 24 1
17 1 3 15 28 2 18 12 33 19 22 4 37 29 24 10 11 16 20 5 35 31 39 23 13 14 9 0 27 6 30 32 7 21 34 26 25 36 38
21 35 6 20 13 4 14 24 25 36 1 38 17 29 15 27 5 3 12 0 10 8 18 7 28 37 16 22 2 19 26 11 39 31 33 32 34 30 23
27 30 26 5 13 28 20 29 1 16 32 17 23 21 2 8 25 15 31 39 33 12 24 35 36 9 14 3 34 4 22 19 38 7 6 0 37 18 11
35 12 36 28 37 16 29 2 26 23 3 24 17 34 7 1 31 33 8 32 14 4 22 27 39 21 15 38 18 9 20 13 30 0 5 25 6 19 10
21 39 3 11 7 37 15 14 16 27 8 13 2 6 32 30 0 10 31 1 9 17 24 29 23 34 5 33 4 19 22 20 18 26 25 38 35 36 28
4 7 20 14 9 10 24 29 30 17 2 5 12 25 27 37 22 34 31 36 28 15 6 38 18 0 26 16 8 1 32 33 23 3 11 35 19 21 39
16 29 20 0 13 2 18 38 12 9 39 19 24 27 30 31 35 34 25 22 37 4 3 7 33 11 1 17 36 10 8 26 32 21 6 15 5 28 23
30 32 24 8 29 35 7 12 22 5 33 0 9 10 38 18 13 17 6 39 27 28 37 11 34 23 1 21 4 36 14 26 19 25 3 16 20 31 2
14 34 35 25 11 12 7 26 18 4 10 30 17 31 5 8 3 0 32 1 29 2 13 33 37 6 19 38 9 22 36 20 28 21 15 39 23 24
20 5 8 25 6 35 22 3 38 13 26 23 37 11 7 34 10 9 16 0 28 15 19 14 4 2 1 21 12 18 27 29 36 33 32 30 31 24 39
26 1 6 14 24 8 31 30 16 2 35 32 29 15 21 0 36 37 27 7 13 17 3 25 4 9 11 20 12 34 33 19 39 28 38 23 5 22 10
26 36 39 35 27 22 7 32 23 1 6 14 8 29 3 28 0 24 2 4 17 21 16 25 12 34 37 20 10 9 30 18 13 15 38 31 5 11 33
17 36 3 14 24 13 9 37 10 5 7 28 39 32 4 23 26 1 8 25 0 29 31 33 38 30 12 27 19 35 18 11 2 16 34 6 21 15 22
12 35 9 32 27 37 2 34 4 30 10 18 5 31 7 11 19 33 28 17 38 23 22 26 39 6 15 14 0 8 29 1 13 16 20 24 3 36 25
30 34 26 19 29 17 23 32 15 28 24 33 13 8 0 4 14 5 37 11 25 2 3 21 27 38 12 10 36 16 9 39 35 1 7 20 6 18 31
38 32 6 2 33 19 22 27 17 0 11 5 10 20 26 29 24 37 31 36 30 34 39 7 12 21 8 28 35 15 13 25 1 3 18 14 16 9 4
26 20 15 31 34 0 5 2 39 13 18 9 32 30 22 37 11 14 28 8 25 23 19 35 10 3 6 29 12 1 33 4 21 7 38 27 16 36 17
36 37 34 17 16 27 38 6 4 33 9 13 0 2 14 24 10 28 30 26 20 32 3 35 22 39 5 19 18 7 23 29 1 31 15 12 8 11 21
29 19 22 24 18 10 7 11 17 16 4 36 20 38 33 23 25 1 30 3 13 28 27 21 14 5 6 9 0 15 35 8 12 32 37 31 34 2 39
37 10 31 38 36 19 25 21 23 12 13 30 33 14 5 9 32 4 11 18 1 35 34 15 6 17 7 26 22 0 8 29 20 2 3 39 28 24
33 11 35 8 10 3 7 22 20 29 38 31 24 34 36 25 13 19 4 37 17 1 21 39 26 15 23 0 9 2 30 6 32 18 16 5 27 14 12
26 37 14 7 15 22 36 11 13 39 0 10 28 31 4 19 9 8 30 33 3 23 35 18 38 20 16 24 12 6 32 17 2 5 27 25 21 34 1
22 15 10 35 32 5 13 24 18 27 7 2 16 21 14 12 29 25 4 26 39 6 23 3 33 34 20 1 8 28 0 19 11 17 36 31 9 38 37
27 34 24 37 38 18 29 1 28 7 32 0 13 14 11 36 16 5 10 23 12 21 8 3 39 33 20 35 6 2 25 9 30 26 19 4 15 22 17
23 15 21 35 34 5 2 37 30 19 3 22 24 6 7 0 20 12 31 10 18 11 38 27 25 16 33 36 29 13 14 4 8 17 28 39 26 9 1
28 0 34 7 23 2 25 3 15 8 22 4 27 6 11 26 29 1 14 10 36 32 31 20 5 21 16 39 12 30 13 38 17 18 24 9 37 35 19
16 7 31 22 32 25 33 24 39 21 2 37 38 0 13 11 17 14 28 35 6 27 23 36 12 15 1 19 30 10 3 5 18 20 8 29 9 26 4
39 21 11 36 32 19 30 16 9 17 15 28 5 18 3 14 34 29 24 8 38 10 25 27 31 23 6 20 2 13 26 37 4 22 0 7 1 12 33
25 7 20 27 6 19 35 11 29 0 37 3 39 9 13 31 26 28 4 18 33 23 32 10 34 14 17 22 16 2 15 38 30 1 21 12 5 8 24
27 29 3 25 39 12 36 32 11 31 20 21 1 17 24 13 34 8 14 22 28 23 4 0 18 16 15 38 7 19 9 5 35 6 2 26 33 30 10
23 27 25 17 14 3 0 31 2 28 9 4 34 39 26 7 15 32 29 13 35 5 21 20 37 22 33 16 11 1 10 36 19 18 12 24 30 8 6
35 12 6 7 19 37 24 36 2 29 34 20 14 38 1 0 10 30 31 11 4 15 23 28 8 25 33 21 22 9 5 32 18 27 13 3 16 26 17
