6 29 32 5 10 1 19 23 33 4 7 25 39
38 22 9 13 15 24 17 0 8 7 5 39 2 12 29 18 10 25
24 6 23 11 7 1 29 31 28 38 34
4 9 24 17 28 29 25 8 38 10 27 23
3 25 37 19 5 14 21 18 6 29 26 38 15 23 0 12
28 22 4 0 38 18 26 10 1 25 31 39 13 36
0 2 21 31 15 4 29 7 38 16 36 30
15 23 24 32 18 26 12 1 34 8 6 2 37 28 0 39 29
15 12 18 33 36 19 37 26 11 1 16 7 14 30 3 20 39 23
3 29 32 1 13 16 38 24 31 20 22 17 18
19 30 25 0 36 33 35 34 5 13 26 12 3 31 39 1
23 19 28 17 8 33 36 2 24 31 27
8 27 25 21 33 26 31 39 7 29 37 10 38 32 30 1 4 16
14 33 9 1 29 20 35 10 30 36 37 22 5 15 17 19 16 18 28 27
13 22 23 32 20 4 35 38 26 8 24 39
32 8 38 7 16 24 25 1 28 21 20 26 6 33 39 4 13 22 19 37
15 29 34 9 28 17 8 33 22 36 26 19 6 18 13 27 12
23 22 11 3 31 1 35 33 16 18 34 39 21 13 9
28 24 8 37 34 5 7 17 21 4 20 23 19 35 26 1 36 16 13 9
30 29 10 11 4 25 8 0 16 18 23 26 13 15 39 32
30 31 37 14 15 34 32 13 18 38 22 8 9 26 23
35 26 37 12 15 6 22 27 29 39 4 32 18 34 25 28 17 36
35 1 14 17 5 21 27 25 37 30 33 16 23 20 39 13 15 34 9
17 11 14 7 32 2 36 18 22 27 26 4 0 19 3 8 20
18 2 15 39 3 7 1 32 31 34 38 9 35 11 30 14
4 15 19 12 34 36 10 30 29 3 22 28 35 5 21 26 33 0 38 1
28 21 35 38 36 12 8 5 15 7 14 4 16 39 23 10 25 19 27 18 20
12 22 21 23 33 38 3 26 11 34 16 36 13
18 26 38 5 11 15 16 3 25 32 37 29 7 21 2 35 13
9 19 16 35 30 0 13 38 37 3 25 21 4 6 12 34 2 28 39 33 1 7
20 19 10 29 25 22 39 13 8 12 24 6
20 38 17 6 24 12 11 5 9 2 10 36
15 9 0 14 24 23 36 20 7 39 21 28 12 19 33
8 13 12 17 10 11 16 15 37 22 36 27 0 29 25 32
16 25 18 24 20 10 21 7 17 29 37 22 27 2
21 22 36 26 29 17 38 25 14 10 13 24 18 28
35 8 25 26 10 32 37 23 11 16 33 13 31 6 18 5 21 27
4 21 18 8 20 29 36 22 33 28 12 7 13 34 15
1 15 28 26 31 29 5 35 14 9 24 20 4 6 27 3 12 2 25
24 32 21 12 30 1 15 26 5 17 22 29 8 7 19 10 0 14
