19 35 17 31 23 18 9 14 8 25 32 29 38 4 22 36 11 34 24 13 30 33 26 12 28 6 2 39 3 27 7 5 10 1 16 20 37 21 15
25 34 33 31 12 35 37 6 39 16 4 23 21 38 9 19 24 7 2 36 29 18 26 15 17 27 10 5 28 20 0 14 13 8 11 32 30 22 3
20 36 13 11 37 12 9 17 7 10 30 21 33 34 19 28 22 24 4 32 1 29 14 5 39 16 0 38 8 27 18 25 35 26 15 31 6 3 23
36 27 18 9 14 26 31 7 13 6 25 37 19 38 4 35 24 33 11 22 5 21 15 23 16 10 30 0 8 29 17 32 28 34 2 20 39 12 1
35 29 6 14 7 22 8 20 28 9 36 25 34 23 0 30 13 3 39 17 1 38 31 27 18 2 5 10 16 26 32 15 37 19 33 21 11 12 24
17 9 26 19 12 10 36 27 31 14 3 6 33 23 15 35 34 28 39 2 29 11 4 21 1 37 25 0 16 13 30 20 24 22 8 32 18 7 38
10 33 18 4 34 11 16 32 14 3 1 23 38 9 37 29 5 39 17 24 35 0 8 13 12 22 30 15 7 25 2 20 21 19 36 28 27 26 31
27 15 25 39 4 31 3 33 9 2 13 22 20 34 23 21 28 11 24 32 38 1 30 12 16 37 29 17 0 14 26 18 36 6 35 10 19 5 8
20 11 21 22 0 35 19 36 4 38 9 17 12 37 34 32 26 27 39 24 30 13 6 23 3 15 10 1 2 5 14 31 28 18 29 16 25 33 7
5 38 31 3 13 36 0 37 2 19 17 4 7 29 15 8 23 11 30 14 6 33 16 26 1 35 39 12 18 25 28 22 20 34 21 32 10 27 24
32 31 6 23 33 37 28 11 5 20 34 2 30 35 19 21 18 38 15 26 3 17 1 4 22 8 0 16 24 27 29 14 25 36 9 39 7 13 12
27 36 37 21 38 8 6 20 2 10 16 30 17 35 9 0 28 31 18 32 14 3 7 29 26 15 19 5 12 23 34 22 25 24 1 4 13 33 39
5 22 21 27 36 1 32 2 26 15 31 13 8 34 29 17 19 39 24 38 16 25 23 9 0 7 20 11 18 6 30 37 28 33 14 35 10 4 3
16 9 15 34 32 2 17 14 3 37 35 24 7 4 12 18 0 33 19 21 27 25 38 26 23 8 6 36 5 29 1 39 22 20 11 28 10 31 30
34 26 3 22 4 29 0 20 38 13 6 19 24 35 28 25 9 15 11 5 37 17 30 2 21 27 31 39 1 23 7 16 12 32 8 10 18 33 36
7 31 23 13 39 32 22 12 26 16 9 37 33 25 14 21 17 29 3 5 11 10 1 8 38 27 18 6 19 4 34 30 35 2 24 0 28 20 36
13 25 22 6 27 33 39 11 15 1 30 17 36 26 19 9 24 28 12 3 23 34 7 2 20 4 5 18 38 0 21 10 14 32 29 37 31 8 35
5 33 0 26 13 29 9 2 20 11 8 31 32 4 16 24 25 12 14 35 22 15 6 38 34 10 30 1 7 18 23 3 39 19 21 36 27 28 37
19 6 3 0 26 21 29 22 35 34 37 13 11 30 32 39 4 10 38 25 9 27 1 23 31 33 12 17 16 15 7 20 2 5 8 14 28 24 36
18 0 5 20 23 26 8 9 14 3 33 39 12 16 2 10 13 1 36 37 11 32 31 30 22 15 34 29 24 38 35 25 4 17 28 21 7 6 27
8 33 2 19 11 21 14 37 29 26 34 4 10 17 32 7 38 22 24 31 12 25 9 23 16 1 5 18 28 30 27 0 13 36 6 15 35 39 3
11 8 27 30 20 24 18 12 39 31 37 32 2 28 34 38 23 7 1 22 15 13 3 10 25 14 5 29 16 35 9 4 19 17 0 33 6 26 36
33 37 14 8 16 32 12 4 18 15 27 7 0 23 28 20 29 30 3 2 21 17 34 26 9 35 11 38 10 24 31 36 19 6 39 5 13 1 25
10 0 15 34 33 19 28 36 4 9 6 7 22 21 1 27 38 31 35 26 5 3 12 16 30 18 13 11 24 8 20 14 32 17 25 29 37 2 39
32 39 21 33 30 31 26 28 13 14 35 3 25 17 38 0 36 16 20 7 12 2 1 6 8 23 22 37 5 11 29 10 19 27 15 18 34 4 9
7 1 16 0 36 30 32 3 4 38 14 24 35 17 33 15 39 34 27 12 18 13 9 21 20 31 11 5 37 26 23 2 10 19 6 28 22 29 8
31 5 14 17 27 35 3 18 20 19 30 37 24 12 15 34 33 16 9 8 0 23 28 29 36 11 32 13 1 22 10 4 7 38 25 2 21 6 39
11 7 3 21 26 32 31 16 12 28 5 35 22 33 23 30 4 25 34 13 18 8 39 14 1 37 0 36 15 10 2 20 24 9 29 17 6 19 38
29 38 35 39 10 23 27 4 24 32 21 14 11 22 7 2 16 34 26 5 9 30 0 1 12 20 8 3 19 18 25 15 6 13 31 33 17 37 36
4 37 28 14 39 20 18 32 17 36 0 9 33 12 22 6 30 11 15 26 38 31 2 1 5 7 21 34 3 13 24 19 10 23 27 16 8 35 25
21 32 39 24 26 25 11 10 2 4 9 16 18 22 27 0 29 14 38 37 7 23 8 28 3 17 19 12 6 35 5 31 15 20 33 34 1 36 13
26 10 9 0 15 35 1 3 7 27 21 24 36 38 12 33 17 5 11 4 23 29 32 20 18 39 25 34 19 14 22 37 30 8 2 16 28 13 6
10 27 24 13 22 30 29 6 12 37 0 15 21 25 28 20 17 11 18 8 36 38 7 35 2 31 26 39 34 19 23 4 14 5 9 1 3 16 33
20 22 17 6 10 1 23 24 39 16 7 38 34 31 19 29 15 3 26 27 9 25 2 13 0 5 37 18 35 36 12 4 30 21 14 32 11 28 8
14 6 1 23 13 36 20 37 10 4 18 33 26 12 7 21 0 38 8 25 2 27 28 22 5 16 17 32 11 31 29 39 9 19 15 30 24 3 35
4 0 28 31 26 8 18 1 13 14 27 11 3 24 10 25 36 17 23 9 32 5 6 22 30 38 21 39 33 37 19 15 2 7 29 12 20 34 16
3 11 37 9 39 2 25 34 8 12 29 4 31 5 23 0 16 35 24 19 32 26 1 13 22 27 38 33 7 10 20 17 30 6 21 14 18 28 15
36 11 29 22 9 20 10 2 32 26 34 13 21 1 3 18 15 8 6 38 14 30 19 33 39 7 5 27 24 25 12 31 4 35 23 0 16 28 17
9 11 28 14 39 8 31 25 0 33 3 20 6 21 24 4 34 37 1 23 12 32 30 18 10 17 7 29 13 22 15 2 16 36 35 26 19 27 5
36 7 24 29 28 30 38 15 21 33 16 1 4 25 19 12 6 18 9 37 8 5 27 32 2 31 0 34 14 35 22 17 13 10 11 26 20 23 3
