34 33 6 9 3 23 8 11 35 13 29 38 12 27 16 1 28 37 5 19 26
23 9 2 18 36 15 20 39 35 22 26 10 3 28 0 32 24 25 14 38 21 5 6 33 16 7
18 32 16 1 24 11 20 26 38 25 29 31 12 21 4 28 8 19 23 6 9
21 0 19 39 25 35 37 31 4 20 17 18 27 22 38 6 1 12 28 29 11 34 33 10
36 14 30 5 8 15 24 17 3 10 20 35 19 22 32 12 39 2 29 33
26 29 22 4 12 16 23 17 27 37 33 30 39 19 31 28 1 18 14 0
8 28 10 32 17 0 21 12 9 37 3 20 31 30 36 1 23 33 2 16
30 35 15 8 38 31 24 10 28 27 12 37 26 16 20 23 32 21 19 13 1
6 28 4 7 17 21 20 9 10 0 32 19 35 15 33 13 14 30 31 27 26 2
21 19 1 0 33 17 8 6 32 13 30 23 18 34 20 14 39 16 2
6 29 12 18 21 32 13 31 8 28 16 4 7 1 36 11 14 34 35 23 39 26 27 19 17 3
19 30 2 22 32 35 0 25 33 14 21 37 31 23 10 16 3 27 39
36 10 32 5 22 21 19 6 15 13 37 29 7 24 0 26 3 17 39 4 2 28 33 34
28 10 21 24 12 17 9 0 36 19 37 32 8 22 35 16 15 26 7
18 25 4 31 38 36 35 23 28 11 17 27 33 10 1 8 16 22 15 9 26 5 34 20
7 33 4 16 12 1 38 34 30 8 17 27 37 14 24 28 13 31 18
2 20 33 5 17 15 36 10 26 37 21 7 27 0 11 24 14 32 13 1 9 6
39 27 29 38 6 20 8 9 5 16 30 35 4 13 21 31 25 3 28 14 15 12 36 26 10
14 30 24 2 10 1 26 22 19 3 29 28 27 37 34 9 25 5 20 15
9 11 26 3 12 18 8 25 5 13 38 4 22 20 27 31 32 30 7 2 36 21 0 10
31 17 16 34 2 8 29 30 1 22 33 21 3 4 26 6 35 7 19 9 36 18 28 23 38 14
9 3 10 12 23 8 6 24 13 30 33 38 17 20 35 22 16 27 11 37 2 29 1 7 39 25 19
23 5 26 12 11 34 36 18 20 39 21 1 3 4 19 27 38 14 13 29 28 30
1 22 5 21 25 0 14 31 33 37 26 11 30 9 29 34 7 10 2 6 27 20
18 2 21 7 13 4 35 34 12 31 37 36 30 1 16 32 15 29 27 25 39
35 14 39 3 23 2 27 33 19 17 11 29 1 18 21 26 24 34
5 19 22 18 2 39 16 20 35 1 38 7 12 23 33 8 37 14 10 34 28 13 25 17 0
32 17 28 30 37 34 5 39 38 25 36 33 3 7 18 21 0 14 22 16 15 35 19 8 31 29 24 23 10 11
13 30 6 8 27 31 37 10 7 18 14 17 3 1 12 0 5 35 2 39 15 36 26 22 20
5 10 17 32 20 12 31 18 0 37 2 25 3 23 33 21 4 27 22 24
7 18 28 4 34 27 37 11 35 17 21 20 5 15 9 24 23 8 6 19 31 22
20 34 14 33 7 28 10 3 17 23 29 37 2 24 6 11 38 5 8 19 27 30 15
27 6 12 29 2 10 11 8 9 36 4 13 1 7 24 16 19
15 0 38 9 31 16 21 5 20 25 23 27 11 8 14 29 35 12 26 37 1 4 6 3
37 35 31 0 30 20 27 22 24 38 15 18 23 9 12 10 14 26 3 25
25 34 7 30 17 14 24 11 1 3 0 21 4 26 8 20 38 27 33 28 13 10 37
12 4 38 14 1 22 16 27 13 32 10 24 17 6 20 28 19
34 39 30 27 5 28 12 3 16 29 6 31 7 23 24 13 11 21 18 15 0 26 33 35
36 17 33 7 14 34 27 2 21 15 0 19 26 3 35 22 31 1 39 20
17 25 37 3 26 27 1 5 22 12 4 28 21 38 9 10 11 24
