22 27 13 37 16 32 19 33 26 38 14 9 12 5 24 1 20 25 21 2 18 34 3 11 35 39 7 8 23 15 4 6 30 29 17 31 10 28 36
31 29 8 14 7 23 24 3 26 11 20 17 36 35 0 5 38 12 19 16 9 10 22 2 18 13 30 33 39 6 4 37 15 21 28 25 34 32 27
17 5 4 13 30 7 34 35 22 21 9 15 18 39 12 6 11 37 3 0 36 1 32 24 27 26 23 29 31 33 10 38 19 28 16 8 25 14 20
4 16 13 25 20 21 39 5 28 1 18 24 22 35 26 38 9 19 27 12 2 17 23 0 8 15 36 6 33 32 29 37 30 11 31 10 34 14 7
39 3 2 31 6 19 15 7 37 29 14 8 34 38 24 28 30 22 20 17 12 11 23 10 33 35 0 1 32 25 18 9 36 27 21 26 5 13 16
32 2 14 35 13 24 23 34 8 3 16 6 30 17 25 11 38 29 12 18 0 27 1 36 37 33 19 39 20 7 10 9 22 21 28 4 31 26 15
7 8 4 33 24 26 37 38 27 5 34 10 30 9 23 12 11 22 18 32 28 14 20 2 29 35 21 17 3 13 1 0 25 15 39 19 36 16 31
6 8 14 30 32 27 28 2 37 29 1 4 22 15 18 19 25 39 20 16 21 11 38 33 36 35 0 31 23 5 9 10 3 17 12 24 26 34 13
9 1 16 26 23 7 6 32 10 38 27 39 35 5 12 18 20 4 19 17 22 24 15 3 28 33 34 0 30 25 14 37 29 21 31 13 36 11 2
29 8 28 27 17 23 31 19 14 39 22 26 13 6 2 0 21 18 3 10 15 33 30 38 1 24 12 34 16 35 25 4 37 20 7 36 5 32 11
29 16 19 14 21 11 20 8 35 33 24 6 27 9 36 1 15 31 37 4 32 38 39 2 34 26 18 30 3 23 12 7 5 13 22 17 25 0 28
37 17 34 20 25 10 19 18 16 26 14 1 5 13 23 6 21 35 36 2 7 4 27 0 12 33 22 39 3 30 29 38 15 28 31 24 32 8 9
39 15 24 28 8 6 20 5 0 33 2 1 36 21 3 4 26 14 9 32 11 37 23 38 30 19 35 29 17 13 34 31 10 18 7 25 27 22 16
2 18 5 3 37 14 0 28 35 9 17 11 34 27 20 39 24 16 15 32 25 36 26 30 1 21 19 33 31 6 12 23 38 10 8 22 4 7 29
30 22 1 5 7 37 10 16 13 25 36 9 11 39 31 17 4 29 19 35 0 33 38 6 24 26 32 12 28 20 8 21 15 3 18 27 2 34 23
12 33 28 17 23 34 29 16 4 19 7 2 21 13 25 9 18 32 8 31 10 3 20 35 0 30 1 39 24 11 6 26 14 38 36 37 22 27 5
10 38 8 3 17 18 14 39 11 15 21 0 36 5 24 37 35 33 34 13 20 26 7 31 23 28 1 30 25 19 9 22 29 6 2 27 32 4 12
18 23 2 24 11 33 39 15 32 16 9 35 25 34 14 5 20 13 38 1 26 8 36 4 37 3 6 21 30 31 12 28 27 19 22 29 7 10 0
27 17 13 23 38 11 16 30 22 3 29 8 21 7 5 6 2 9 34 15 0 1 37 24 33 35 10 26 4 19 20 14 12 25 36 32 28 39 31
20 38 29 10 30 11 26 4 22 9 28 27 15 0 31 24 14 7 37 8 3 21 1 23 36 35 39 32 5 16 13 12 2 33 18 34 25 6 17
19 32 26 11 38 3 10 23 37 28 25 21 8 17 1 36 12 13 16 7 27 0 30 34 6 4 29 15 31 35 39 14 5 9 18 33 24 22 2
10 38 3 16 32 34 28 33 2 20 22 25 18 37 11 9 15 7 19 0 39 12 6 17 13 27 23 24 14 35 30 8 1 4 31 26 5 29 36
14 0 36 23 30 2 39 19 26 29 7 9 34 18 21 3 6 4 24 8 1 28 11 37 25 16 27 35 32 17 10 38 13 5 15 12 20 31 33
17 31 28 8 18 15 9 33 22 25 5 20 24 1 37 32 35 6 11 39 16 19 36 3 4 30 27 29 12 2 7 38 0 21 34 26 13 10 14
17 30 12 5 6 34 23 1 25 10 26 16 3 19 13 0 4 29 36 14 32 22 39 37 8 9 2 33 18 31 28 21 38 15 35 27 11 20 7
38 30 27 11 3 23 35 14 39 24 17 20 26 34 5 21 7 28 33 15 13 0 32 16 29 22 8 6 9 4 19 37 1 18 31 12 2 36 10
32 20 35 8 30 19 34 28 6 22 27 11 33 24 25 9 1 0 3 16 17 14 13 36 12 2 10 23 18 38 37 15 31 21 39 4 7 29 5
18 36 9 25 7 38 0 19 8 26 31 6 33 34 13 29 10 5 28 20 3 37 11 23 2 21 22 39 35 17 4 24 30 14 12 16 1 32 15
31 15 23 9 7 13 37 26 19 21 12 20 3 39 33 25 6 27 30 4 38 16 22 8 36 14 24 2 17 34 11 1 29 18 5 32 10 0
10 9 1 19 32 7 15 37 22 31 4 18 33 35 14 5 34 38 27 24 30 6 20 25 23 3 2 12 11 36 8 16 17 0 28 39 13 26 21
14 25 2 34 26 24 39 7 19 22 18 5 31 6 37 28 20 29 4 9 35 23 38 16 13 1 17 8 12 3 15 11 33 10 32 21 36 27 0
28 1 23 4 9 35 29 27 32 30 19 14 39 37 16 15 10 38 33 7 24 2 20 13 17 3 12 34 11 8 26 36 21 25 5 0 18 6 22
20 5 26 35 17 7 29 8 21 0 31 23 6 13 34 24 14 15 2 25 19 12 37 3 10 4 30 38 22 39 11 33 1 36 18 28 27 16 9
15 17 23 39 6 10 26 21 27 0 28 36 29 16 25 12 14 9 35 37 34 7 5 3 1 24 31 11 8 4 18 2 38 13 19 30 20 32 22
11 30 15 2 26 5 24 21 22 17 6 27 25 4 13 37 16 29 32 20 18 39 33 0 8 9 10 23 38 35 12 31 28 3 36 19 1 7 14
37 32 26 5 25 2 31 10 38 8 17 23 13 29 14 16 3 36 1 11 33 19 30 6 0 7 15 12 20 18 4 9 34 21 22 27 24 39
27 22 14 16 37 33 20 35 1 24 10 11 39 13 12 5 19 17 23 26 2 7 3 38 28 29 4 34 8 30 31 9 18 15 6 32 25 0 21
35 11 14 7 13 38 29 28 0 20 6 23 36 4 16 34 21 19 31 30 27 33 24 2 17 5 18 32 10 12 3 22 1 39 9 26 8 25 15
19 25 16 20 27 21 18 37 39 8 35 6 0 5 17 4 29 3 14 1 9 28 7 30 36 31 10 23 12 2 33 34 24 11 26 32 13 15 22
4 12 17 30 33 16 38 25 22 3 8 9 28 14 7 13 31 2 36 21 24 23 34 19 0 1 5 10 11 20 27 15 37 32 6 35 26 29 18
