12 20 38 14 22 7 39 28 34 6 3 16 31 30 26 29 15 1 36 21 2 18 10 17 33 13 5 9 25 24 8 37 23 11 27 19 32 35 4
15 27 13 18 10 39 3 36 9 2 30 38 37 14 5 12 0 23 25 35 26 24 31 16 33 17 20 34 8 7 19 29 28 4 22 11 21 32 6
17 5 16 9 12 1 26 33 10 18 35 28 7 14 23 11 27 29 6 37 3 13 36 24 20 34 30 0 25 38 39 4 22 31 8 19 15 32 21
12 25 34 7 10 1 14 24 0 27 23 38 16 13 18 39 22 5 36 2 8 28 11 33 20 30 37 31 26 19 6 35 32 17 15 29 9 21 4
19 34 8 27 29 14 38 35 13 6 31 10 17 15 12 25 22 21 23 30 18 16 2 9 5 33 11 37 36 32 1 28 7 3 39 20 26 0 24
7 2 39 32 25 33 19 6 12 8 37 11 36 26 10 3 38 17 29 15 1 21 20 22 24 16 18 28 30 34 4 0 31 9 13 23 14 27 35
9 23 5 38 32 8 16 36 17 25 0 30 10 4 2 28 21 31 7 34 26 24 12 27 13 19 15 33 35 20 14 11 3 18 39 29 37 22 1
35 5 3 34 11 20 17 38 0 22 2 24 10 27 32 23 30 6 39 33 31 28 13 25 14 16 18 19 26 36 15 1 37 29 9 4 21 8 12
22 13 19 4 17 5 20 6 37 25 16 18 10 28 12 35 33 3 38 31 32 23 36 1 26 15 9 24 2 30 39 34 0 27 11 29 7 21 14
11 6 2 19 31 12 17 1 22 18 14 37 15 33 20 10 13 28 16 21 30 34 32 24 29 23 25 4 0 35 8 36 5 3 7 27 26 38 39
20 3 29 32 1 17 31 35 33 22 14 25 2 18 6 27 7 9 5 8 4 11 34 19 36 0 24 21 26 37 28 23 39 38 15 30 16 13 12
15 9 39 22 31 20 37 7 35 33 24 5 38 2 30 12 17 23 16 13 10 36 3 14 25 26 34 6 4 1 28 32 21 29 0 8 18 27 19
0 3 38 27 5 15 9 2 25 37 19 39 21 36 14 11 18 13 8 31 23 35 34 1 4 6 26 33 16 17 24 32 28 29 30 20 22 7 10
32 1 8 17 30 21 20 27 4 38 24 29 37 9 16 3 35 39 34 2 12 19 11 22 6 7 36 18 15 33 31 0 28 5 23 14 10 26 25
18 24 0 35 34 4 10 15 36 3 20 9 2 12 39 16 1 32 27 33 26 11 23 30 7 19 17 6 21 38 25 28 5 29 13 31 22 37 8
11 1 26 37 12 36 14 28 9 35 29 33 25 32 5 4 38 19 0 39 6 18 27 23 13 30 7 17 20 8 3 34 24 21 2 16 10 22 31
26 37 2 17 6 32 8 38 0 27 36 34 21 19 13 3 9 14 28 11 31 12 35 23 5 1 7 18 25 24 4 20 22 33 30 15 10 29 39
2 18 13 16 31 10 8 24 9 7 38 23 6 21 28 29 30 27 4 11 5 36 39 20 33 12 32 34 1 19 14 0 37 15 22 26 3 35 25
24 14 19 17 29 1 26 30 23 9 10 20 28 2 35 8 3 12 33 0 21 15 39 5 13 16 36 7 32 31 4 22 6 38 27 34 37 25 11
4 18 32 20 8 9 24 5 29 28 38 31 33 22 34 12 16 21 13 15 27 10 37 6 7 14 17 35 36 3 23 1 30 39 2 26 25 0 11
35 0 38 30 11 19 13 10 28 7 8 14 31 18 32 24 9 25 34 2 5 37 17 26 21 36 3 33 6 1 22 16 15 29 23 12 27 4 39
28 25 26 13 36 29 30 34 17 35 33 16 12 9 19 6 5 38 22 32 39 0 18 20 31 4 37 27 10 14 23 15 11 24 3 7 1 2 8
8 32 11 35 24 0 10 9 25 7 19 31 3 33 34 38 36 5 21 13 4 23 26 27 20 17 18 16 2 29 1 28 39 14 30 15 37 12 6
6 31 17 24 18 32 2 35 3 7 11 26 33 12 38 25 37 1 30 22 16 14 27 15 29 8 4 9 28 34 19 10 36 39 21 5 13 20 0
32 18 28 14 22 19 17 29 23 11 3 31 34 13 30 7 20 25 38 39 2 6 5 9 1 12 36 16 10 35 33 8 15 0 27 21 37 26 4
21 3 37 32 5 29 35 10 36 8 6 22 12 27 24 20 30 15 31 23 4 1 38 26 2 7 11 34 9 16 33 39 28 17 14 0 19 18 13
16 35 15 21 18 2 37 31 5 0 23 6 12 1 14 29 20 25 22 11 7 39 3 10 17 34 38 8 27 32 28 33 19 36 9 30 4 13 24
1 12 4 36 35 13 16 31 3 32 10 25 7 38 2 17 33 19 14 6 34 23 15 21 22 30 39 37 26 18 24 5 9 28 8 29 20 0 11
21 24 30 33 20 35 31 19 39 37 0 15 18 2 17 9 29 32 6 8 16 7 3 5 23 25 10 13 12 1 26 4 22 14 11 36 27 38 34
18 10 21 4 25 19 24 13 15 28 17 2 34 31 37 35 0 5 32 26 39 9 23 33 36 30 1 38 22 3 7 20 12 6 14 11 27 8 16
13 28 20 21 37 18 1 6 39 24 25 11 17 0 7 34 9 23 32 2 3 36 14 5 33 4 15 27 19 29 38 16 8 12 10 35 22 26 31
34 11 17 23 10 9 28 33 19 20 24 27 26 39 38 0 22 4 6 29 37 12 25 16 7 32 8 21 1 13 3 18 2 5 35 36 14 30 15
24 13 22 19 5 25 10 6 16 23 35 27 20 15 28 7 14 31 30 29 9 21 34 33 8 17 36 38 18 12 3 26 4 11 37 2 39 1 0
38 28 5 31 10 37 11 35 2 19 21 9 15 39 22 8 7 23 27 18 34 14 12 32 17 3 6 1 20 13 29 30 25 0 4 24 26 16 36
31 3 4 7 39 14 21 0 19 24 16 36 20 13 29 37 22 6 30 12 10 33 2 9 32 27 17 11 25 5 1 23 26 35 15 38 8 18 28
7 26 20 22 28 14 11 10 25 27 4 33 21 18 2 32 15 23 13 29 8 37 12 38 16 1 6 36 19 24 3 34 17 9 31 39 5 30 0
38 21 27 1 15 14 6 25 39 16 5 34 12 3 2 22 17 11 0 10 20 13 30 32 18 35 7 37 24 29 19 8 23 4 9 28 26 33 31
16 15 25 11 5 30 33 28 8 26 12 9 38 13 1 2 34 29 31 35 20 23 19 3 21 17 36 10 39 4 27 7 32 24 0 18 6 22 14
36 12 20 33 0 6 4 19 7 17 16 13 1 11 37 3 24 31 27 5 22 23 15 8 21 35 25 2 32 26 39 14 30 29 18 10 34 28 9
5 11 1 34 28 0 36 30 12 31 13 14 3 33 24 7 17 21 15 29 18 25 2 26 27 38 10 6 37 19 23 22 8 35 32 4 9 20 16
