22 19 10 27 25 33 9 4 16 1 28 38 20 7 5 11 14 26 15 34 30 8 17 23 36 31 3 29 35 39 18 6 32 37 2 24 21 13 12
15 19 28 13 3 21 29 33 25 18 7 0 27 10 16 20 4 36 6 2 22 30 14 9 23 38 26 24 34 12 39 31 17 8 37 35 11 5 32
38 18 28 5 29 27 32 7 8 35 11 3 14 36 30 23 20 21 33 1 22 12 37 9 31 24 6 10 17 4 39 25 15 16 13 0 26 34 19
36 15 22 1 19 29 34 16 9 14 2 12 11 21 26 7 23 35 27 33 37 10 18 30 32 24 0 8 17 38 39 13 28 5 6 20 25 4 31
26 12 20 15 19 32 8 6 29 16 33 25 0 36 35 11 5 28 1 10 22 30 37 7 13 14 9 39 23 17 38 2 21 24 31 27 3 34 18
24 2 33 30 23 21 10 39 38 11 14 16 8 13 29 6 4 25 36 12 17 0 15 7 34 20 19 35 26 22 32 31 37 18 9 3 28 27 1
30 34 31 15 11 4 8 25 27 38 12 18 5 36 24 23 35 33 1 7 28 29 37 10 26 20 17 2 14 9 39 13 16 19 0 32 22 3 21
9 29 24 2 33 8 15 19 38 18 30 1 35 31 0 20 3 13 25 37 5 16 39 21 27 12 6 11 28 14 4 17 32 34 26 10 23 22 36
10 25 14 12 24 17 19 18 4 6 39 7 2 5 15 11 20 38 28 36 31 16 26 33 21 0 27 35 3 13 22 30 37 1 9 23 32 29 34
12 7 16 27 28 33 32 14 3 36 0 10 35 11 38 26 18 19 2 21 1 37 20 29 24 6 4 31 17 34 22 13 8 25 15 5 30 39 23
15 8 27 5 30 0 16 34 17 33 29 28 36 18 39 35 12 9 26 1 14 21 22 4 19 25 20 31 6 3 32 2 24 37 38 7 13 23 11
16 36 22 25 5 28 19 35 6 2 27 20 24 15 12 39 31 37 8 4 3 9 18 32 0 14 33 7 17 29 23 38 21 26 30 34 13 1 10
9 38 39 8 4 31 34 15 27 14 35 6 3 16 10 11 18 25 26 33 20 5 21 37 36 7 32 2 17 28 13 22 1 23 19 29 30 24 0
32 38 1 28 36 20 5 22 18 7 21 34 17 14 24 19 12 37 39 4 16 15 33 31 8 6 25 26 11 9 35 3 23 2 29 27 10 30 0
17 8 16 5 22 20 34 12 9 38 3 21 31 33 2 23 10 24 0 11 25 13 15 1 36 7 26 30 32 18 6 4 27 28 19 29 35 39 37
10 3 1 4 24 26 12 6 23 21 27 7 33 32 20 29 11 8 39 19 5 37 36 0 14 35 18 28 16 22 13 31 17 25 34 2 9 30 38
9 11 37 25 39 14 10 32 34 26 4 3 38 5 36 0 20 12 19 1 8 35 29 17 7 21 22 15 13 27 23 6 33 2 24 28 31 18 30
35 23 14 22 21 20 8 18 25 37 38 10 32 19 29 5 31 36 16 39 34 13 33 11 12 0 6 3 9 28 27 24 15 7 2 1 4 26 30
38 2 19 26 37 33 17 8 35 30 31 1 10 39 7 24 23 6 36 12 13 11 9 28 15 21 3 25 14 20 22 5 0 34 29 27 32 4 16
33 28 22 37 38 18 24 30 0 1 8 23 4 3 36 11 27 7 34 16 17 20 15 29 31 25 32 10 5 9 13 26 21 14 6 12 39 2 35
36 28 17 4 38 14 39 29 13 27 15 11 16 25 33 19 31 8 0 12 7 30 1 24 2 5 10 32 34 22 26 6 9 37 18 3 23 35 21
17 30 31 23 39 5 32 1 15 34 22 24 37 36 38 14 3 26 35 10 12 8 13 7 16 2 27 18 9 25 11 19 4 29 33 28 0 6 20
19 34 17 23 3 37 11 0 24 14 21 13 38 25 26 32 36 10 29 33 31 4 16 1 20 2 15 5 12 8 18 28 39 9 35 27 6 30 7
17 34 22 21 35 5 19 32 15 27 28 18 38 36 14 3 37 2 26 6 33 25 30 29 1 0 11 4 16 39 13 12 8 7 31 24 10 9 20
26 5 25 19 8 27 15 39 7 30 22 28 38 21 34 18 11 32 6 14 20 13 36 2 35 3 9 1 31 10 17 29 4 33 16 12 0 23 37
30 24 32 8 16 11 26 17 0 31 6 1 4 27 20 12 38 22 5 19 7 10 14 28 23 29 18 39 21 34 36 13 15 2 9 3 35 37 33
24 4 18 25 15 38 31 16 34 32 10 22 21 12 3 39 27 8 23 0 9 29 20 6 14 5 1 19 11 36 28 13 17 7 2 33 35 37 30
9 10 24 2 0 12 23 19 38 15 20 36 6 11 25 37 31 1 33 26 32 3 7 35 21 8 28 30 14 16 17 34 39 4 22 18 13 29 5
20 19 2 9 32 36 1 11 34 24 13 23 10 0 33 8 4 18 6 25 7 39 27 12 15 35 17 22 26 14 38 29 3 21 16 5 30 31 37
31 7 35 2 3 1 10 4 20 34 15 5 33 39 17 19 22 16 36 32 37 6 26 30 25 23 11 9 0 24 14 28 21 18 13 12 27 38 8
25 6 32 5 21 19 34 10 24 18 38 7 35 20 2 0 4 33 36 1 29 23 27 3 14 37 8 11 17 9 22 31 12 15 28 13 39 16 26
39 29 21 12 6 26 25 18 36 11 27 14 7 20 19 35 8 17 22 32 10 33 38 2 0 24 5 13 9 15 37 1 4 34 30 23 16 3 28
30 33 25 13 28 2 21 23 4 16 38 9 39 15 35 26 24 36 17 22 11 19 29 27 37 12 31 20 10 14 3 5 7 6 0 34 8 18 1
19 32 5 18 9 10 1 7 0 4 15 29 20 14 27 28 12 8 22 11 35 6 2 3 34 17 30 31 23 38 37 13 36 39 16 21 24 26 25
22 37 23 12 6 30 28 10 21 16 3 14 24 26 29 19 5 17 13 0 33 20 38 35 39 1 25 9 11 36 7 27 18 15 31 32 2 8 4
17 37 23 29 36 18 11 2 12 10 32 30 7 4 9 39 21 31 16 3 6 33 27 15 38 34 8 5 24 0 28 22 13 1 14 25 19 26 20
20 3 11 35 28 19 13 10 27 21 9 16 18 31 32 6 4 23 5 37 22 2 8 17 29 1 15 12 38 24 30 14 0 33 25 26 34 39 7
19 34 35 22 16 18 17 38 21 39 27 11 36 23 7 12 29 15 32 4 6 3 2 9 13 33 30 20 31 5 8 10 1 0 25 24 14 26 28
2 18 12 19 39 13 5 20 26 17 32 27 37 16 24 14 30 7 6 21 0 23 25 22 8 9 36 35 34 31 33 1 11 3 28 4 10 29 15
31 12 21 38 16 5 24 8 20 32 18 10 37 11 29 15 35 26 17 7 28 13 34 25 4 0 6 3 33 22 1 23 2 27 36 19 9 14 30
