12 22 15 8 21 28
5 7 10 16 13 27
30 4 15 13 21 17
5 14 6 24 31 19
10 20 2 29 25 9
1 25 28 13 3 8
15 23 16 17 3 28
9 23 1 24 17 31
18 0 9 26 22 5
11 7 8 16 19 4
22 4 26 11 19 1
9 15 19 10 18 12
15 0 31 17 30 11
24 5 27 2 14 1
20 30 3 31 13 21
6 18 12 0 2 11
19 6 27 22 9 1
21 12 6 23 2 7
25 15 8 27 11 23
27 16 11 10 3 9
4 14 29 30 23 26
17 2 28 0 14 25
10 29 0 16 26 8
30 7 6 20 17 18
13 31 27 26 7 3
18 5 31 4 21 29
29 10 24 20 8 22
19 24 13 16 18 1
30 5 29 21 0 6
22 26 20 4 28 25
23 28 2 14 20 12
24 12 14 25 3 7
