8 19 5 4 9 31
9 20 29 28 6 27
14 30 27 17 31 20
27 15 14 28 19 5
7 18 10 0 20 23
22 0 6 3 10 9
18 12 30 25 5 1
24 4 11 17 28 22
23 10 0 15 20 25
1 25 13 21 0 5
8 4 31 15 16 5
24 22 21 7 20 12
28 6 24 23 16 11
25 9 30 23 22 29
17 2 19 23 26 3
8 3 10 18 24 20
27 28 10 19 31 12
14 21 30 18 7 2
4 6 22 17 15 26
14 26 0 3 27 16
1 8 4 11 15 2
27 11 17 9 31 29
11 5 26 18 13 7
14 8 12 13 29 4
7 11 12 29 25 15
30 9 13 6 24 8
14 19 28 22 30 18
3 21 16 2 19 1
12 26 3 16 1 7
1 31 24 21 23 13
25 2 17 26 6 13
10 21 29 0 16 2
