26 27 20 11 28 22
22 10 11 30 7 12
23 27 17 26 6 24
19 18 13 5 17 24
13 14 6 18 19 27
29 16 3 9 15 21
31 4 25 10 2 13
14 27 16 15 21 1
29 21 20 25 15 18
31 16 25 19 12 5
1 20 29 31 11 6
28 1 17 10 0 27
30 9 26 14 29 1
30 4 3 23 28 6
7 4 12 28 22 19
17 26 8 5 23 7
30 5 9 31 7 22
2 15 11 3 24 25
3 4 29 19 30 8
3 29 9 4 18 14
10 25 0 8 28 24
22 8 27 23 5 7
21 1 16 14 31 0
2 13 30 24 21 15
26 23 17 3 20 2
6 9 20 28 8 17
24 0 15 2 31 12
2 0 21 7 4 11
11 25 20 0 13 14
5 8 10 19 18 12
13 16 23 12 1 18
6 9 10 26 16 22
