29 27 9 22 6 3
8 24 7 20 15 2
12 30 9 22 14 1
31 28 23 25 0 24
9 28 31 29 8 13
27 17 14 7 23 18
30 27 19 12 0 13
17 1 12 5 8 24
1 30 4 15 7 17
4 20 2 0 15 16
19 11 15 22 21 30
24 10 18 26 27 30
16 2 21 6 7 26
29 15 23 6 4 16
31 29 23 15 5 2
13 10 9 14 8 1
20 12 27 30 9 13
25 28 7 5 19 8
19 26 11 25 5 20
10 18 6 17 27 21
16 9 26 25 1 18
31 12 26 10 19 22
24 0 10 2 29 21
28 14 13 25 3 5
11 22 1 28 7 3
17 23 28 20 3 18
21 18 20 11 12 31
16 5 0 6 11 19
23 17 4 25 3 24
13 0 14 31 4 22
8 6 2 16 11 10
14 21 3 29 4 26
