18 5 28 15 17 19
24 25 29 23 3 17
12 8 18 7 28 25
10 25 11 6 1 17
17 16 11 28 9 22
20 10 30 14 0 31
15 13 22 3 27 12
12 19 2 8 22 18
2 10 28 7 11 26
27 14 4 23 21 19
5 25 22 8 3 14
18 25 4 8 3 26
2 7 30 20 29 6
22 30 6 29 27 16
5 23 9 26 16 10
6 19 30 0 25 21
21 4 24 13 14 19
4 31 1 0 23 3
2 0 11 23 28 7
7 15 20 9 0 16
5 30 12 22 19 27
16 29 24 9 26 15
13 10 20 6 7 4
18 31 14 1 9 17
1 26 16 31 27 21
10 1 11 3 2 15
24 29 8 14 11 21
20 13 24 9 6 30
8 4 0 2 18 31
21 1 13 26 31 12
5 20 12 13 15 27
23 17 5 24 29 28
