6 15 3 8 27 29
24 31 8 22 9 17
17 4 3 7 15 23
0 12 2 17 8 16
19 2 23 14 11 18
13 27 26 31 30 18
0 29 23 21 15 22
18 28 29 23 2 30
25 0 28 1 26 3
13 19 20 31 11 1
16 20 12 28 31 14
12 18 30 9 4 14
3 22 23 11 10 16
29 5 9 19 21 25
27 25 4 20 10 11
22 0 25 2 24 6
10 24 21 27 12 3
20 30 19 2 3 1
7 27 28 11 4 5
26 4 17 9 21 13
17 22 10 9 14 21
16 6 19 26 13 20
15 28 20 12 1 6
6 4 12 25 7 2
28 1 16 29 30 15
8 15 14 23 31 13
19 31 21 8 5 30
14 18 0 16 29 5
24 22 7 18 8 10
13 6 7 24 0 27
17 24 11 5 7 26
26 1 9 25 10 5
