3 15 20 31 19
36 35 33 12 34
13 6 34 24 18
0 20 11 26 21
14 11 29 12 21
23 39 28 18 21
38 2 25 8 10
20 28 19 12 27
13 25 6 23 17
28 10 11 14 17
14 9 13 6 35
9 4 3 26 21
21 18 4 7 1
36 2 8 27 10
31 16 4 10 9
27 0 23 29 22
26 14 23 36 34
29 30 9 8 24
33 12 19 5 2
24 38 7 18 0
7 25 3 32 0
12 5 11 4 3
38 37 32 27 15
5 39 15 16 8
19 2 33 26 17
8 20 37 6 38
16 36 3 11 24
33 15 13 22 7
9 7 5 32 37
17 30 32 15 4
35 17 29 37 36
14 35 38 33 0
29 20 22 28 39
27 18 1 24 31
35 2 39 16 1
30 1 34 31 10
1 13 26 16 30
39 25 22 30 28
6 22 19 25 31
23 37 5 34 32
