18 37 24 39 11 8
35 27 12 8 6 31
24 33 27 36 14 30
30 22 33 29 27 24
39 34 6 20 25 27
13 39 12 29 30 19
33 16 23 4 17 1
13 20 14 11 22 15
23 21 26 37 1 0
38 17 25 19 14 21
31 32 26 37 36 38
39 18 7 37 20 0
23 29 5 34 1 22
7 5 23 28 15 18
7 30 9 25 2 33
25 36 32 28 13 7
30 6 29 34 31 32
9 31 29 35 6 30
21 0 39 11 26 13
20 9 31 24 33 5
19 21 7 4 11 26
20 18 32 8 9 37
3 34 12 7 35 26
12 8 33 6 13 24
2 38 23 0 3 19
9 38 15 26 4 14
25 8 10 20 18 22
2 32 1 3 4 29
32 13 15 34 35 39
12 16 3 17 5 27
16 3 14 17 5 2
17 10 16 36 19 1
21 10 28 15 27 16
6 3 23 2 19 14
16 12 4 28 38 22
36 1 37 17 28 22
38 15 35 31 2 10
0 35 8 11 10 21
9 25 36 24 34 10
4 11 18 5 0 28
