20 24 13 23 9
3 34 27 14 23
30 11 38 6 22
1 26 14 37 10
6 15 17 34 9
21 36 26 38 33
16 4 37 2 26
16 29 19 28 23
28 12 17 15 21
4 13 15 39 0
16 38 15 24 3
2 22 32 14 24
13 8 33 35 36
23 12 36 0 9
35 3 11 1 36
4 10 8 9 29
10 7 6 31 34
30 8 4 37 25
22 29 27 32 39
35 37 29 7 39
39 30 0 25 21
5 25 33 20 8
18 31 35 11 2
13 0 32 7 1
37 0 34 10 11
26 20 21 32 17
3 25 6 5 33
29 1 18 31 32
8 31 33 7 30
18 27 7 19 15
20 17 2 35 28
34 22 28 27 16
11 27 18 25 23
12 28 21 5 26
31 1 24 4 16
19 22 14 12 30
13 12 38 5 14
24 19 6 17 3
2 10 36 5 39
20 18 19 9 38
