39 3 33 23 22
29 17 34 21 36
6 20 29 26 33
38 0 8 39 13
24 34 38 37 19
6 20 7 19 27
5 2 21 31 32
14 30 5 33 36
24 10 3 9 34
32 35 18 8 12
33 8 36 21 27
22 30 12 15 31
14 11 26 9 20
29 38 23 31 3
7 20 12 30 15
16 39 36 14 11
28 15 17 32 34
1 16 32 29 38
25 29 24 9 30
23 27 26 5 4
5 2 14 38 12
33 25 1 10 6
11 35 25 37 0
19 37 0 26 13
37 8 4 18 39
18 21 31 30 22
27 19 23 12 2
28 26 19 5 10
31 16 27 35 32
1 13 18 17 2
11 7 14 25 18
28 25 11 6 13
9 16 17 6 28
10 21 0 7 2
4 1 39 8 16
9 37 36 22 28
15 35 10 1 7
24 35 4 23 22
3 4 13 20 17
15 0 24 34 3
