2 26 27 20 8
23 27 6 26 22
0 37 16 24 3
27 29 15 17 2
16 8 11 18 33
17 29 10 26 19
9 10 22 31 1
12 17 35 14 36
4 0 25 24 34
6 39 33 16 28
13 6 11 5 16
28 10 26 4 21
21 7 19 38 30
10 35 32 22 38
31 34 25 7 35
24 29 3 27 33
4 2 35 9 10
36 5 7 30 3
22 4 24 36 38
12 29 38 5 31
28 30 0 23 26
12 11 25 30 29
18 6 37 13 1
33 1 37 39 20
15 18 25 8 2
37 21 14 8 24
0 11 1 20 5
3 0 15 1 39
34 20 11 36 9
3 15 5 21 19
17 20 21 32 12
34 14 6 32 19
36 37 13 30 31
4 9 23 39 15
31 28 14 39 8
13 7 16 14 38
32 17 28 18 7
2 25 32 22 23
18 13 12 35 19
9 23 33 34 27
