14 1 38 2 35
36 8 0 3 29
24 10 31 12 0
14 37 18 30 1
30 8 38 20 22
27 7 33 6 13
20 12 5 39 34
36 28 5 18 27
4 16 24 1 31
17 20 31 16 27
13 37 21 2 19
39 16 30 33 19
28 6 31 2 14
10 26 5 33 37
3 0 35 19 12
22 39 34 23 37
8 9 11 33 38
30 21 9 25 26
3 34 23 7 36
27 39 14 10 11
6 9 38 34 4
17 29 10 39 25
15 32 31 4 23
33 18 15 35 22
29 2 34 8 28
32 28 17 30 21
29 38 13 35 17
5 19 9 37 7
7 32 12 25 24
24 26 21 36 1
17 4 25 11 3
9 12 2 22 8
25 35 28 36 22
23 5 16 11 13
18 24 15 20 6
32 26 14 23 0
7 1 32 29 18
3 10 15 27 13
26 4 20 0 16
11 15 19 6 21
