32 27 29 24 15 6
25 3 36 34 11 5
13 32 18 20 23 12
1 25 37 23 26 9
33 34 26 24 31 13
37 16 26 22 1 28
21 9 30 10 13 0
14 27 16 28 36 38
33 23 31 21 22 26
35 6 39 28 22 3
12 6 15 36 35 19
39 16 1 32 17 18
10 17 23 2 20 34
27 2 34 6 17 4
39 31 7 32 18 19
25 24 35 20 10 0
11 7 5 17 37 33
22 33 12 16 13 11
21 2 29 14 25 11
38 23 21 14 10 39
22 38 15 28 2 12
18 6 8 19 35 30
20 17 5 36 8 9
19 3 8 12 2 25
32 15 31 29 0 4
15 1 3 39 18 23
27 5 4 30 3 8
0 26 7 13 38 30
37 9 7 20 29 5
0 24 30 35 18 28
6 29 26 31 27 21
14 24 8 32 30 4
0 24 2 31 14 11
4 37 8 17 34 16
13 4 33 1 39 12
9 36 15 29 21 10
35 10 38 1 7 22
5 33 28 38 3 16
19 20 27 37 36 7
11 14 9 25 34 19
