27 33 22 30 36
23 37 15 4 14
38 12 16 4 31
28 4 6 15 32
10 39 3 2 1
29 37 25 31 35
39 18 25 8 3
10 31 16 13 21
19 28 31 10 6
14 25 30 12 23
4 7 8 35 27
37 20 21 34 32
2 9 33 34 35
14 15 7 24 37
9 13 38 36 1
20 17 13 1 3
7 38 2 18 17
15 26 37 16 18
20 23 6 16 17
8 29 28 39 34
15 11 18 21 26
33 11 7 31 20
34 28 26 0 27
32 1 33 18 9
39 33 35 13 25
9 5 36 24 6
22 17 29 27 20
0 22 32 26 10
34 22 8 3 19
39 5 26 30 19
38 36 0 9 29
8 7 5 21 2
23 27 35 11 3
0 21 24 23 12
28 22 11 12 19
24 10 5 32 12
30 38 25 14 0
11 5 1 17 13
14 2 30 16 36
24 29 4 6 19
