13 2 19 18 30 6
20 10 24 3 4 17
0 14 27 13 4 25
14 13 4 39 1 22
39 21 3 1 2 7
6 25 26 37 17 32
5 15 0 12 16 11
25 15 8 30 4 36
27 7 9 38 11 34
14 38 35 18 10 8
37 1 9 25 28 30
21 12 22 39 8 6
11 21 37 6 32 20
0 3 2 34 14 22
3 9 2 36 13 19
36 34 19 6 7 26
18 37 30 33 6 21
29 28 1 31 5 24
30 0 16 9 33 22
39 0 15 31 35 14
35 1 38 29 33 12
11 4 12 27 31 16
11 35 38 18 3 13
26 35 28 33 24 27
34 25 1 23 33 17
7 24 34 10 5 2
23 34 38 15 5 36
2 8 21 32 31 23
17 23 30 29 32 10
33 36 20 17 35 28
18 0 16 7 28 10
39 19 21 37 27 17
39 12 27 5 28 38
29 20 16 18 23 24
24 15 26 13 25 8
20 23 22 9 29 19
15 37 29 14 7 26
10 36 12 16 31 5
9 20 22 26 8 32
4 31 19 32 11 3
