15 27 7 8 28 30
21 13 4 6 37 5
35 27 34 22 30 11
23 20 32 8 29 33
32 37 1 38 29 27
9 23 16 10 1 12
33 25 1 7 15 19
38 0 13 35 6 32
38 0 18 17 3 21
30 25 20 5 26 32
36 39 12 5 16 14
26 13 2 15 23 39
10 21 22 5 19 39
7 19 1 14 22 11
27 33 13 19 10 28
0 27 11 39 6 24
33 37 18 25 5 10
25 30 33 31 8 29
38 8 16 37 36 24
13 34 14 6 12 35
33 38 9 3 39 26
1 12 28 35 36 8
35 28 12 29 13 2
3 34 27 5 26 11
35 39 32 26 18 15
17 31 9 36 6 16
11 9 24 23 20 28
0 14 2 23 15 4
22 21 0 29 26 14
22 28 31 4 17 3
9 34 17 2 31 0
25 34 17 29 37 30
4 34 24 3 7 9
20 16 14 6 17 3
23 30 32 2 19 31
2 24 22 7 21 19
10 38 25 37 18 21
16 4 36 18 1 31
7 8 20 36 18 4
10 24 20 15 11 12
