20 22 13 24 1 28
23 0 38 8 16 21
26 16 39 23 27 3
19 35 34 16 7 2
38 30 37 31 29 5
33 19 28 8 14 4
23 20 7 28 30 38
13 25 6 9 3 14
25 12 1 29 26 5
17 26 29 7 11 10
34 25 12 30 24 9
36 31 15 21 9 34
15 20 8 30 14 10
16 0 31 7 37 35
22 12 18 29 5 7
12 35 26 39 11 20
27 13 2 19 1 3
9 34 24 29 18 36
32 31 14 28 17 26
3 37 5 23 16 27
0 12 32 6 15 27
25 38 30 11 36 1
14 0 24 27 32 38
6 1 39 19 2 38
0 33 22 17 35 10
8 21 35 7 10 33
2 9 15 8 32 18
16 34 19 22 2 20
37 5 0 6 34 18
9 8 14 30 4 17
4 21 12 29 6 10
36 13 39 11 18 4
18 20 37 36 26 22
5 35 24 39 25 36
3 10 27 17 28 11
33 3 15 25 24 13
31 11 32 33 21 17
19 39 28 32 4 13
4 1 21 23 22 6
23 37 31 2 33 15
