33 32 30 23 4 34
11 32 8 12 33 14
3 34 26 18 15 21
6 2 5 14 33 17
39 15 12 25 9 0
26 34 3 39 37 31
20 3 28 35 23 21
35 20 16 31 8 11
1 28 34 16 18 7
11 16 17 18 4 22
11 34 22 27 30 16
10 1 9 22 23 7
29 14 28 1 36 4
31 37 23 32 17 28
12 37 3 36 33 1
27 19 4 35 36 2
7 38 8 9 26 10
38 13 3 39 9 29
19 2 9 22 8 38
29 15 36 18 31 37
6 36 24 25 7 21
23 20 38 25 6 2
10 39 27 18 11 9
13 21 6 27 0 11
20 28 38 35 30 25
20 4 21 33 39 24
5 2 16 30 35 29
15 22 32 10 37 23
38 6 8 12 24 13
12 19 31 39 17 26
34 10 35 0 26 24
13 37 29 7 19 5
13 1 33 0 27 36
0 32 3 14 1 25
30 10 5 2 8 0
7 6 15 30 26 24
20 12 19 14 15 32
31 13 14 27 5 19
28 17 16 24 21 18
4 22 5 29 17 25
