29 11 24 44 25 40
37 20 31 21 17 34
19 7 34 16 22 30
21 16 39 24 46 15
39 43 37 28 5 7
40 21 20 32 4 28
43 35 28 19 8 37
30 11 2 16 19 4
40 45 25 38 46 6
35 43 11 30 20 13
38 44 32 12 42 17
0 42 28 7 9 47
19 21 20 10 44 41
34 14 37 31 9 47
41 22 13 23 33 43
18 33 29 34 3 41
29 23 31 3 7 2
25 47 40 26 1 10
33 15 21 22 34 35
25 2 12 7 6 24
36 1 5 12 42 9
18 5 3 12 44 1
45 14 29 31 18 2
24 16 14 44 32 26
23 39 0 3 26 19
19 17 26 45 8 0
25 24 35 23 30 17
35 47 36 38 32 45
11 31 6 4 39 5
16 47 22 0 15 40
7 46 35 9 26 2
16 22 28 13 1 45
10 46 5 23 27 42
36 18 46 15 37 14
13 36 2 15 18 1
9 27 6 26 30 18
20 33 34 39 40 27
1 4 33 13 41 6
41 10 43 8 27 47
4 42 24 3 36 28
5 8 29 36 17 0
14 38 46 37 15 12
39 11 44 20 32 10
6 4 38 45 9 14
10 42 21 23 0 12
22 8 43 25 31 27
33 30 32 41 3 8
29 27 17 38 13 11
