17 13 38 10 18
4 29 9 47 25
34 33 16 10 7
40 20 32 9 8
1 9 46 22 47
43 17 25 30 23
18 40 14 19 8
18 13 31 2 38
45 23 3 16 6
4 36 3 1 12
31 22 34 2 0
37 44 26 35 21
42 24 9 39 44
42 7 34 46 0
17 6 42 21 16
28 36 43 18 22
19 2 26 8 14
14 23 0 5 43
7 6 15 0 36
16 45 31 6 23
35 46 3 23 37
33 30 38 14 11
10 4 36 38 15
17 20 8 19 5
30 27 12 33 45
38 40 5 1 45
46 42 11 16 39
39 32 24 44 34
15 30 46 35 44
30 35 39 1 41
24 28 29 21 5
10 33 7 19 41
27 37 34 3 40
2 42 21 31 24
2 13 32 27 10
40 20 29 28 11
37 9 22 15 18
11 45 32 36 20
25 21 0 22 7
27 29 12 26 47
35 3 6 25 32
43 31 29 44 47
13 33 26 12 14
47 5 41 15 17
11 27 41 12 28
37 8 19 24 25
20 26 28 4 13
43 1 4 39 41
