33 40 42 32 23 43
24 20 19 36 21 38
12 37 25 3 27 46
10 43 29 11 40 2
33 9 16 34 23 13
45 8 29 34 40 7
25 35 21 26 37 23
29 28 11 20 5 16
37 25 5 18 41 17
15 23 4 34 10 45
13 3 46 22 43 9
15 3 7 26 41 39
2 31 42 47 36 44
10 22 38 20 45 4
44 42 35 31 17 23
9 25 11 33 34 32
35 29 38 4 7 31
31 42 27 18 14 8
43 28 17 30 21 8
28 41 24 32 1 30
28 1 32 7 13 40
34 6 27 1 18 45
30 13 44 10 36 47
9 0 47 4 14 6
37 1 30 19 36 40
15 32 6 8 37 2
30 46 6 11 42 43
33 31 17 21 32 2
19 7 18 20 46 42
7 3 16 40 5 41
46 24 22 26 18 19
17 27 14 12 39 16
25 0 19 20 27 15
4 44 47 0 27 15
21 9 15 4 5 35
16 14 41 6 45 34
22 24 1 38 39 12
24 47 8 25 2 6
39 16 13 43 36 1
38 45 36 44 11 31
0 29 3 20 5 24
35 19 47 11 8 29
14 0 17 28 12 26
18 3 0 38 10 26
33 14 22 46 39 12
39 5 35 9 13 21
30 10 26 44 28 2
33 37 41 23 12 22
