24 37 23 31 19 32
9 43 34 20 39 29
7 19 35 27 44 11
28 20 16 26 24 12
16 9 25 26 40 18
14 40 33 36 39 6
30 42 45 5 33 10
21 34 46 2 25 47
39 22 25 34 21 10
1 10 21 4 18 41
9 46 23 31 8 6
22 25 16 45 37 2
38 40 15 24 37 3
17 35 45 33 43 15
5 47 39 16 17 21
41 12 13 46 45 17
4 21 14 11 3 33
13 14 42 18 15 44
19 20 17 42 9 4
36 24 18 2 0 44
21 3 18 1 30 24
20 7 16 9 8 14
36 11 8 47 46 31
47 28 0 10 30 25
19 0 28 12 3 20
41 11 8 4 7 23
41 3 4 38 34 42
38 2 28 45 43 42
41 3 23 24 27 32
38 44 40 1 32 37
6 47 32 40 20 23
22 0 47 10 36 32
30 29 31 44 0 28
5 13 16 37 39 6
7 40 8 1 35 26
41 13 46 2 34 42
19 22 43 38 5 31
0 12 11 33 38 29
29 27 12 36 37 26
8 14 1 5 33 43
5 34 12 30 29 4
25 35 28 15 26 9
6 17 18 35 27 26
1 46 36 13 39 27
29 45 19 2 32 17
13 44 11 15 6 27
43 7 10 22 35 15
30 14 23 22 31 7
