34 18 15 31 24
19 11 41 20 13
12 32 15 23 25
10 7 27 41 42
17 19 16 11 14
25 45 44 21 37
36 27 29 47 34
43 32 3 21 33
37 22 28 27 23
31 42 25 19 18
11 3 40 29 24
10 43 1 4 26
15 2 30 33 22
20 42 40 17 1
46 37 4 45 22
12 45 2 39 0
35 20 4 39 18
46 4 24 23 13
42 0 35 16 9
1 4 45 28 9
13 16 37 1 21
37 7 45 20 5
8 41 33 14 12
40 2 25 8 17
44 17 38 0 10
9 5 23 2 27
40 47 11 36 44
33 6 8 3 25
38 47 8 19 42
6 10 38 43 33
39 41 31 12 32
9 30 0 36 35
47 2 7 34 30
27 7 22 29 12
46 0 38 32 6
16 18 31 46 39
43 6 38 31 26
21 8 20 14 5
28 34 36 29 24
30 15 16 35 43
26 41 23 10 13
40 30 22 1 3
9 18 13 3 28
7 36 11 29 39
47 46 24 5 26
15 5 19 14 21
34 17 44 14 35
32 44 28 26 6
