30 8 32 28 2
47 30 17 20 23
20 12 42 40 0
44 13 15 43 16
5 28 26 13 17
4 25 18 15 39
38 42 10 29 24
44 36 47 42 32
31 0 35 34 22
30 19 39 23 46
33 6 13 20 25
45 23 19 35 47
44 40 19 2 16
3 4 47 10 22
38 20 16 17 36
41 33 3 5 26
37 12 14 21 3
26 1 14 4 28
27 25 36 5 34
27 9 11 12 39
34 2 14 1 10
41 37 44 16 35
30 29 46 13 8
40 11 46 9 1
32 35 29 45 6
18 30 44 5 10
17 41 4 27 15
19 18 37 31 26
4 40 0 38 17
47 6 22 24 34
22 9 0 25 1
8 27 43 32 33
24 43 0 31 7
10 45 15 31 37
20 46 18 8 29
8 24 43 11 21
39 41 7 18 14
16 27 21 38 33
6 40 14 37 28
36 9 43 5 19
23 38 28 12 2
26 21 36 15 45
6 2 7 45 46
3 32 31 39 35
3 12 7 21 25
33 11 41 24 42
23 34 22 42 9
29 1 7 13 11
