17 34 30 9 32
36 12 40 47 5
40 20 14 28 6
38 33 34 44 10
23 15 44 16 14
26 8 27 31 1
45 13 19 36 2
45 36 47 9 32
43 20 5 17 9
27 21 8 7 0
46 35 31 32 3
12 40 25 29 35
29 11 47 1 43
28 23 6 42 33
2 40 28 19 4
20 4 30 26 44
24 35 18 27 4
24 43 0 8 30
25 37 16 35 34
39 6 21 36 14
8 15 2 24 45
41 22 9 39 19
29 43 21 39 45
29 13 4 47 40
17 34 16 20 31
42 18 28 11 27
37 5 38 15 41
9 25 5 16 28
13 2 25 14 27
23 22 12 11 46
37 46 0 17 15
39 10 42 24 5
39 10 38 7 0
41 46 3 42 13
24 0 3 37 18
16 47 10 11 18
42 1 7 6 19
26 30 18 44 34
45 3 26 44 32
31 32 19 22 21
2 11 14 1 23
33 43 21 46 26
25 36 13 31 33
8 17 41 22 12
37 38 3 4 15
7 6 38 20 22
10 33 30 41 29
12 35 7 23 1
