38 37 35 25 41
47 15 26 41 4
25 8 16 18 33
15 13 20 12 45
1 6 35 17 46
24 36 11 29 20
20 4 37 33 35
39 30 26 34 21
35 32 2 25 16
43 29 32 36 28
29 46 44 34 28
28 29 5 30 18
41 3 23 32 40
36 24 3 39 16
35 47 32 31 46
1 3 39 45 20
38 31 2 8 13
19 26 45 44 4
28 44 39 2 11
17 29 22 33 31
6 3 5 15 27
43 40 39 37 7
30 41 23 47 19
33 22 44 12 45
5 13 43 38 26
46 2 27 8 0
34 1 7 17 24
25 33 37 40 20
11 18 41 10 9
9 11 10 5 19
45 22 7 42 11
16 42 14 38 19
8 9 14 40 12
23 27 19 6 2
26 42 7 10 47
8 14 0 4 6
13 43 5 9 44
21 0 6 27 46
16 43 0 24 31
7 21 15 13 18
42 21 32 12 27
22 1 28 12 0
40 34 30 31 47
9 36 21 24 38
18 10 17 23 36
30 15 17 3 23
25 10 37 4 14
1 22 34 42 14
