14 19 3 23 2 17
26 38 2 9 4 5
1 29 47 0 4 43
39 22 42 43 46 0
44 19 2 12 1 20
21 27 33 1 40 22
17 33 30 38 13 24
12 25 10 34 8 46
20 26 45 44 12 7
39 29 1 19 21 14
16 21 7 35 15 34
12 13 18 22 44 29
11 7 33 44 4 8
11 28 40 6 47 32
0 31 42 25 34 9
30 26 32 18 10 35
10 17 28 37 23 41
30 16 6 28 46 0
46 40 11 24 47 15
4 0 23 9 45 33
8 36 26 27 4 39
5 10 34 31 24 9
3 26 11 45 5 30
35 45 0 40 19 16
28 18 30 21 29 6
7 33 44 37 14 43
1 15 8 20 32 22
5 46 42 20 29 31
24 13 16 36 37 17
2 9 40 27 24 11
15 17 6 45 24 22
21 36 14 41 27 34
43 26 38 15 45 13
39 6 25 12 5 19
21 47 7 31 14 10
46 23 37 10 40 15
20 41 31 28 39 42
35 28 38 25 16 41
39 1 42 6 37 32
3 38 33 9 36 20
18 13 23 29 35 5
47 43 36 31 37 16
3 38 14 27 44 36
41 3 32 47 2 25
4 25 12 42 8 11
23 8 30 22 32 19
35 18 3 17 27 7
41 2 43 18 34 13
