42 8 40 33 19
22 5 41 34 16
4 27 6 29 25
9 47 7 28 37
45 2 34 5 20
29 1 4 37 43
32 47 2 36 42
3 36 16 27 28
27 0 32 35 15
3 39 14 27 25
33 16 37 12 29
19 22 29 16 31
23 18 46 10 42
36 30 47 37 17
25 9 37 34 20
35 8 36 31 19
28 11 10 7 1
39 43 26 13 29
12 44 21 41 31
11 39 25 0 15
31 35 21 4 14
44 20 18 46 45
11 1 34 23 31
12 24 22 45 40
26 23 34 43 45
44 14 19 2 9
24 40 44 17 38
8 2 9 7 40
16 3 32 7 38
5 11 2 10 17
13 32 35 41 39
20 11 15 22 18
6 45 8 30 28
10 46 0 35 43
22 24 4 1 14
15 20 8 33 30
13 38 7 15 6
14 10 3 5 13
41 36 46 26 28
9 17 19 42 30
47 0 26 23 27
38 47 1 18 30
0 43 39 12 6
42 17 24 33 5
25 18 46 21 26
32 4 24 23 21
33 12 44 21 38
3 40 41 6 13
