39 25 29 1 4 24
9 19 0 23 5 32
21 42 33 38 34 43
39 16 47 45 43 6
10 32 35 33 0 14
30 11 44 41 1 14
11 41 22 3 23 28
40 14 20 12 46 13
36 22 13 16 44 27
1 31 37 43 45 39
20 38 4 46 47 34
47 6 5 38 34 22
21 15 7 24 33 41
30 44 39 7 8 24
7 33 27 30 4 5
12 37 29 25 40 35
26 43 3 40 36 8
36 21 44 32 38 46
29 40 39 44 35 41
20 30 1 34 25 29
10 7 19 37 21 25
2 12 17 40 20 35
31 24 38 8 6 11
25 32 27 1 26 6
22 30 12 0 13 43
28 23 0 15 19 20
16 35 33 34 23 42
40 14 42 23 32 8
25 42 37 39 29 6
42 15 18 0 19 28
5 13 36 19 24 14
22 36 34 9 45 32
4 17 31 23 27 1
14 26 2 12 4 46
31 19 2 11 10 26
47 26 4 18 21 15
17 30 31 8 37 16
20 15 36 9 28 42
10 22 46 2 11 17
0 3 13 18 28 9
7 21 27 16 18 15
45 47 6 12 5 18
29 28 2 27 37 26
16 9 47 2 3 24
17 13 45 5 18 8
41 46 31 44 3 9
45 7 10 38 33 17
35 11 41 10 3 43
