41 8 35 10 18 46
8 45 46 37 18 11
19 24 14 39 20 5
26 34 33 43 8 13
12 21 25 5 9 38
37 46 32 45 4 2
32 43 21 24 30 33
42 47 28 11 23 12
1 30 0 20 25 3
19 47 22 17 15 4
37 0 15 13 17 42
39 43 7 22 1 18
39 25 4 19 30 7
44 32 47 16 10 3
28 20 2 21 29 18
25 41 30 9 10 24
26 27 41 18 36 13
31 44 22 9 27 10
16 1 38 0 11 14
2 9 12 45 44 41
14 8 29 2 30 34
37 32 4 23 14 6
38 34 39 17 9 11
24 46 21 27 40 7
23 2 35 6 33 15
12 15 4 32 8 45
16 3 29 34 36 35
16 40 34 23 17 42
14 47 41 33 7 36
38 26 20 14 31 36
8 15 6 12 20 31
17 38 46 40 29 30
6 5 21 25 13 39
28 35 43 3 6 24
22 27 42 3 26 20
0 33 24 40 45 26
47 45 16 28 26 29
5 21 1 44 10 39
22 43 29 31 18 4
12 11 22 2 32 37
27 46 31 35 44 23
16 28 15 0 42 19
7 34 41 27 44 10
6 38 11 33 47 3
13 37 17 19 40 42
36 1 5 19 25 35
5 1 23 40 31 0
36 28 7 9 43 13
