33 1 14 5 4 21
39 0 55 52 7 38
36 50 26 10 5 44
42 17 6 54 52 41
9 14 52 0 36 42
13 2 0 32 48 49
12 37 15 31 3 9
13 31 55 1 48 21
23 35 9 46 24 51
17 4 8 27 43 6
47 36 12 39 2 35
34 49 37 27 48 50
6 10 51 40 50 45
5 33 7 38 32 29
28 0 50 4 18 20
39 6 51 35 25 19
33 25 49 52 28 47
19 40 29 9 3 35
25 33 14 50 22 41
17 25 23 39 51 15
49 23 25 31 14 27
43 27 34 41 0 7
45 48 42 51 18 28
8 46 47 19 20 43
44 8 25 35 49 46
19 18 16 20 24 15
37 2 34 32 29 50
43 33 9 21 11 20
14 44 32 16 34 22
17 38 37 36 26 13
40 37 44 47 42 31
20 55 6 48 7 30
54 28 26 46 13 5
0 16 27 13 18 40
11 41 26 21 28 55
8 15 38 17 24 10
2 10 29 43 4 49
29 6 11 26 30 53
29 43 13 35 54 1
15 1 10 19 47 46
17 54 55 30 12 33
45 53 34 21 18 3
3 22 44 30 45 4
27 21 23 36 9 38
28 52 24 30 42 2
22 41 48 12 42 53
23 8 39 32 54 24
10 23 39 53 30 16
22 45 31 11 5 7
20 11 16 5 24 36
14 2 12 18 26 11
15 53 19 12 22 8
44 55 16 1 4 3
41 54 51 47 37 45
32 53 40 38 3 46
40 52 31 1 7 34
