45 27 52 6 3 41
19 24 21 30 16 27
50 39 11 26 10 16
54 17 13 0 30 44
43 32 29 38 31 54
50 42 23 17 44 46
19 41 44 0 33 11
15 21 40 22 48 24
19 43 32 49 10 18
40 46 18 38 36 31
33 22 8 2 31 39
40 55 2 46 6 20
17 37 48 25 35 27
26 41 3 55 18 45
48 54 28 37 53 35
36 7 43 34 41 22
55 23 51 2 27 1
53 12 27 3 5 51
52 53 9 30 8 13
6 1 8 25 47 43
38 34 40 11 25 43
7 28 49 1 42 24
10 26 7 15 29 45
31 29 35 16 50 5
35 49 1 29 7 21
50 19 45 12 48 20
42 13 2 22 47 53
0 17 28 12 16 1
21 27 14 35 41 37
33 23 4 24 47 22
18 42 3 51 1 40
23 53 4 32 10 9
48 47 34 4 8 31
10 29 6 47 39 37
54 20 45 32 15 37
24 23 41 12 28 14
15 44 9 37 39 51
12 14 36 34 33 28
20 43 9 49 4 50
2 40 36 33 55 10
9 11 20 7 39 30
6 13 35 15 28 0
52 47 5 26 30 21
4 38 19 15 8 20
52 36 6 5 46 3
0 34 25 46 13 22
9 54 45 11 44 5
42 19 32 33 29 26
14 54 32 12 25 7
24 21 38 52 8 51
2 25 5 55 23 38
16 30 36 17 49 53
18 42 0 44 49 55
17 18 14 31 51 26
14 48 3 34 46 4
16 11 50 13 39 52
