51 38 7 9 4
27 37 13 7 41
39 16 3 55 51
50 28 2 13 11
47 51 14 26 0
40 35 23 29 13
54 25 43 49 42
0 1 55 42 52
32 47 31 30 54
11 24 27 22 0
36 45 55 52 53
22 40 9 3 44
15 37 54 30 18
42 3 1 5 47
46 17 29 4 18
44 23 12 34 18
50 42 2 31 53
46 19 35 14 27
52 34 15 12 14
17 32 29 21 48
30 34 40 23 37
26 55 46 19 50
11 33 9 26 47
15 36 50 5 20
40 43 39 9 38
35 6 36 26 37
21 25 22 34 4
1 40 17 9 28
55 37 3 31 27
34 14 19 49 5
20 12 36 8 38
48 28 54 8 16
8 19 47 38 33
53 43 22 32 48
29 15 20 18 26
45 25 5 17 44
10 23 25 30 39
12 28 1 25 20
45 32 0 24 30
2 24 54 46 36
24 5 11 20 27
48 49 43 44 1
13 16 6 52 7
24 33 6 41 51
15 48 35 41 11
35 46 38 49 10
17 45 14 39 21
4 8 32 22 13
31 44 41 33 19
53 45 41 29 6
3 53 16 23 21
4 0 43 52 2
18 42 10 51 7
50 49 33 16 10
6 31 39 12 8
28 10 21 7 2
