11 2 6 41 49
11 47 12 52 25
0 17 26 19 15
52 49 46 37 39
9 20 43 22 17
31 38 47 48 53
41 49 0 17 55
43 10 38 17 50
30 53 41 36 24
4 21 33 29 50
7 30 52 24 33
0 1 42 31 22
1 20 45 35 34
26 45 18 30 34
20 32 40 42 16
26 34 28 35 2
48 55 14 52 21
2 7 6 4 23
45 13 29 22 21
34 44 32 2 22
14 4 12 51 36
9 30 33 18 16
38 4 19 11 18
43 55 53 37 17
51 10 8 28 33
29 36 1 37 34
13 15 37 2 51
39 28 54 55 47
29 15 36 27 24
25 28 18 9 44
8 10 44 21 13
5 11 45 48 47
53 14 19 38 44
40 9 24 21 10
19 15 12 13 25
47 15 54 38 12
25 42 28 8 20
26 46 23 3 25
22 7 5 32 35
54 52 27 48 3
51 33 14 43 50
42 6 54 0 8
41 46 11 36 14
7 23 4 50 40
54 19 30 29 32
13 31 18 12 55
42 37 3 53 49
1 35 5 31 27
16 31 39 49 5
6 0 3 48 46
51 43 7 9 40
40 50 24 20 26
3 39 10 1 16
32 23 8 46 5
39 41 44 35 27
23 16 45 27 6
