27 53 40 49 31 41
22 29 33 38 32 35
24 36 5 48 40 7
15 55 6 11 4 54
5 45 3 19 29 18
4 16 50 2 42 26
3 50 33 29 24 41
49 51 52 18 35 2
14 53 40 29 9 23
14 13 12 8 49 45
48 35 16 27 50 18
51 54 14 27 3 35
15 26 9 30 39 16
9 49 23 32 20 43
8 9 37 11 49 55
52 3 12 47 21 46
5 10 46 32 44 12
52 31 20 33 50 30
37 7 44 10 4 45
35 21 22 48 4 23
21 28 42 51 13 17
20 37 19 43 15 45
24 1 19 42 38 23
13 48 54 8 19 22
2 22 43 6 47 54
26 47 45 46 53 28
25 30 31 12 37 5
0 32 11 10 53 55
20 42 54 39 36 25
8 6 40 1 4 36
39 26 44 12 32 17
53 26 17 46 47 0
13 27 16 1 39 30
52 38 35 6 1 17
51 42 46 52 44 53
10 33 19 7 1 11
2 45 55 47 29 28
18 14 26 21 47 38
48 33 55 1 22 37
30 50 12 32 42 28
8 29 41 0 48 2
44 49 6 40 51 0
34 28 20 5 22 39
24 50 21 55 13 52
41 30 34 18 51 16
4 25 36 21 18 9
34 16 25 54 31 15
25 24 37 15 36 31
10 38 23 19 2 40
7 13 14 41 0 9
6 5 39 43 10 17
34 7 11 20 41 44
33 15 17 34 7 43
31 8 0 25 34 27
28 11 3 46 24 23
3 38 43 14 36 27
