7 42 40 50 6 51
2 54 45 49 40 37
1 29 31 51 15 55
16 29 13 28 11 5
7 42 8 12 52 35
55 33 26 37 48 3
36 53 21 0 13 42
25 0 38 13 4 17
33 4 45 44 21 31
48 15 41 53 40 52
55 27 16 28 39 30
22 45 19 38 3 47
40 48 50 26 4 41
44 7 3 38 31 6
55 27 36 44 42 18
24 30 9 21 49 2
3 44 10 18 31 53
39 41 47 25 7 20
30 28 44 26 16 14
48 11 34 35 22 31
52 21 54 49 22 17
51 20 33 15 6 8
11 19 25 46 20 28
51 38 37 50 47 36
15 29 27 52 45 43
7 29 30 22 17 51
35 43 5 18 12 40
10 24 42 14 43 46
39 10 54 18 22 3
25 2 24 3 44 53
25 15 39 18 33 10
2 46 13 8 19 16
33 43 48 54 37 36
38 8 32 21 5 30
46 42 19 50 35 52
26 19 34 41 55 4
6 50 32 48 14 23
32 23 41 53 5 1
33 7 23 11 13 39
30 47 28 17 10 38
12 0 53 26 1 9
46 9 17 37 12 35
27 0 34 4 14 6
26 45 32 55 27 24
13 16 29 18 8 14
43 11 1 47 8 24
34 49 31 41 22 27
39 54 45 17 23 11
19 9 32 12 36 5
46 20 15 1 50 54
36 12 0 23 34 49
21 52 23 2 25 0
20 51 24 34 4 9
6 40 29 37 16 9
1 20 47 32 28 49
10 5 14 43 35 2
