22 1 52 5 12
0 18 55 26 6
34 17 19 32 9
6 7 41 26 28
36 50 29 19 47
40 38 49 0 52
3 46 1 45 34
50 30 3 49 39
40 14 39 46 13
10 16 2 37 50
35 9 40 24 11
36 25 21 23 10
46 0 44 29 23
17 20 52 35 8
53 8 32 48 33
20 37 22 30 35
29 17 9 31 22
16 13 25 26 2
26 27 45 1 36
45 44 2 4 48
13 35 15 43 27
49 43 38 37 11
0 51 48 15 16
28 53 12 11 52
10 30 54 38 31
17 39 11 55 53
18 34 17 3 1
47 42 18 20 43
23 41 52 3 51
16 43 4 12 53
35 7 24 15 41
32 55 42 16 24
31 53 14 2 55
38 14 46 40 37
2 26 6 49 44
10 20 30 13 15
42 4 11 45 18
15 21 42 33 9
5 21 33 47 24
25 50 8 45 7
8 5 41 10 33
40 54 28 3 30
54 36 27 31 37
46 29 21 20 27
19 47 12 48 34
19 18 36 6 39
43 12 6 8 33
50 27 44 38 4
14 51 22 44 19
21 5 7 51 34
47 4 39 7 9
22 48 28 49 54
13 0 5 28 23
32 14 23 29 25
42 41 55 24 51
31 54 1 25 32
