46 2 44 31 5 36
54 9 20 49 48 5
36 33 0 14 10 40
4 53 30 22 19 35
3 8 25 15 46 20
48 47 0 26 49 1
32 36 47 17 30 55
23 47 24 27 18 13
22 16 53 4 11 55
26 44 1 23 19 17
2 15 50 17 28 43
8 34 52 12 19 48
55 41 26 51 11 50
27 40 14 31 18 7
2 13 32 42 38 41
10 44 45 24 37 4
8 51 47 27 45 53
31 6 50 41 10 9
41 7 13 24 30 21
47 9 3 51 31 11
55 1 33 28 52 4
26 46 50 34 27 18
46 35 8 33 3 55
7 9 42 24 50 45
23 7 28 29 18 15
39 37 40 41 4 34
9 32 21 30 5 12
13 7 16 46 21 40
29 24 38 10 20 54
37 28 44 24 36 40
33 52 3 6 26 18
17 52 39 13 0 19
6 26 54 49 14 33
30 22 2 20 32 54
51 53 52 11 25 21
22 38 49 39 42 3
44 6 2 46 29 0
41 29 42 25 39 15
35 45 53 39 28 14
25 35 38 31 45 37
13 25 43 2 29 27
37 25 18 17 12 14
48 37 23 14 52 35
44 51 49 40 48 10
36 43 9 15 0 29
38 53 16 15 39 23
0 22 36 21 27 4
19 6 7 5 16 50
42 43 54 5 1 11
43 35 32 54 1 5
10 23 21 17 47 12
43 34 19 16 55 12
30 31 34 42 20 11
3 8 38 34 45 16
1 32 48 49 28 33
20 12 51 22 8 6
