21 8 55 12 6
33 40 48 52 4
12 3 34 14 6
18 2 43 25 22
22 1 42 44 16
17 29 31 54 27
23 11 37 0 2
13 55 28 43 49
42 12 29 40 0
32 30 37 38 51
51 36 17 34 26
30 15 6 47 49
2 39 25 8 0
48 7 18 41 52
47 40 28 15 2
11 53 29 14 24
36 38 20 48 4
5 54 22 24 10
37 3 27 13 35
44 32 41 26 34
16 30 51 39 23
0 37 39 31 44
4 17 43 46 3
6 27 50 24 20
33 17 23 15 52
49 12 3 28 43
33 45 19 49 10
23 18 36 5 32
35 48 25 7 14
5 35 15 8 46
11 33 9 20 45
44 5 21 38 46
9 49 19 38 27
1 26 24 40 30
38 36 2 19 10
55 29 28 48 18
16 27 34 10 53
18 21 6 9 51
16 34 32 9 31
21 12 52 54 20
33 1 14 8 42
42 53 19 13 44
8 4 41 47 40
3 54 7 25 22
19 31 4 21 41
26 50 47 46 30
50 45 29 22 31
54 45 14 11 42
13 1 35 28 16
25 32 11 7 26
45 46 23 52 55
53 37 10 20 9
1 39 50 13 24
15 51 55 41 36
47 17 43 5 39
35 53 7 0 50
