54 29 49 7 1
39 27 0 50 18
14 45 54 24 41
19 13 34 10 44
44 20 39 53 14
46 45 52 28 38
38 33 52 21 15
28 40 23 41 0
15 9 24 21 37
36 47 8 31 38
51 49 42 3 28
34 40 49 36 22
48 35 36 54 28
3 29 37 30 34
2 26 45 39 4
8 20 55 44 6
20 40 48 53 22
45 51 35 25 37
53 32 29 45 1
36 3 38 40 47
15 4 16 27 37
27 23 43 6 8
52 43 11 35 16
21 30 31 7 34
30 39 8 32 2
27 43 17 36 47
14 50 31 32 35
21 25 50 1 20
7 29 5 10 12
43 28 0 13 18
24 23 48 13 55
52 23 9 54 26
43 18 24 26 42
42 53 6 50 51
11 3 53 23 13
17 12 22 49 26
9 19 25 12 11
47 17 13 8 20
6 19 54 9 5
1 24 4 48 14
7 47 11 16 19
44 50 51 7 2
33 55 10 32 52
22 29 25 32 21
41 4 15 55 3
17 5 2 14 18
5 55 48 49 51
9 40 37 19 25
12 46 39 16 30
10 46 11 0 35
27 33 41 26 1
17 10 41 33 46
22 31 6 5 42
33 18 4 34 16
0 31 38 2 12
46 42 15 44 30
