32 52 12 51 22 54
28 16 15 22 46 40
54 46 49 15 40 50
46 52 43 50 39 30
27 47 25 26 40 52
30 13 54 17 19 51
35 7 22 37 17 55
6 22 45 15 17 8
33 16 53 20 38 7
34 42 25 31 37 54
44 29 35 14 54 36
24 20 12 53 41 49
26 16 0 18 11 45
39 5 24 15 29 18
28 24 41 27 10 45
28 1 2 13 38 7
12 1 32 47 8 31
49 43 20 7 6 5
24 12 41 32 13 31
45 21 34 25 46 5
39 36 11 17 8 44
28 19 24 50 51 29
36 53 1 0 6 7
54 27 51 43 32 53
14 21 11 18 41 13
30 26 4 9 19 53
12 48 25 4 43 47
4 23 14 31 55 50
14 21 1 36 15 40
47 10 13 55 39 21
25 38 5 32 3 44
47 27 42 9 16 18
0 16 35 30 18 23
48 8 55 38 42 34
40 9 19 36 33 52
36 6 32 10 46 39
35 20 28 22 34 10
49 46 50 6 43 9
48 30 43 33 15 8
20 41 13 3 29 35
34 49 2 4 28 1
39 14 24 44 18 11
55 9 48 31 51 33
3 38 17 23 26 37
10 53 41 45 30 20
19 52 12 7 44 14
2 3 37 35 1 19
4 29 31 16 49 26
38 33 26 55 51 42
40 2 37 17 47 11
21 52 37 3 27 2
0 48 21 23 42 5
0 45 3 50 4 34
22 44 11 8 25 23
2 23 5 0 10 9
42 48 33 27 29 6
