4 40 27 54 22
54 17 34 26 18
50 48 32 3 17
38 6 9 2 50
50 42 47 0 30
50 25 22 18 51
3 28 18 16 7
53 38 44 23 6
29 15 40 55 53
41 30 3 39 47
15 35 37 16 45
18 34 19 14 38
52 43 48 26 22
31 20 27 42 26
47 55 31 11 25
23 10 8 39 45
49 6 23 10 19
1 20 33 2 24
11 21 6 5 1
39 11 27 29 16
24 13 17 29 52
54 52 18 25 28
46 5 43 12 0
15 16 28 7 35
36 20 40 31 17
50 5 21 14 53
42 1 12 32 13
0 32 48 13 19
54 6 40 23 21
8 34 20 55 19
41 33 37 9 4
13 24 14 32 51
27 31 2 26 37
30 51 42 41 17
11 1 29 45 46
49 53 10 38 23
24 44 47 51 46
30 43 51 10 32
3 7 53 11 35
19 9 15 55 49
0 24 28 8 43
46 9 30 44 33
4 26 33 44 13
48 37 12 22 40
36 7 42 52 41
49 34 52 15 10
41 22 48 36 34
4 14 49 36 9
43 27 2 46 12
35 45 47 16 39
4 5 2 25 3
33 37 36 31 5
44 12 21 45 20
35 7 38 25 8
28 1 0 21 55
14 39 29 54 8
