59 52 24 63 12
40 18 29 59 35
15 38 44 58 59
22 43 17 41 34
9 22 24 48 43
8 20 48 30 50
19 45 18 16 27
39 57 10 19 55
33 5 31 21 15
4 12 53 27 28
28 62 7 51 35
30 40 56 54 46
9 21 61 29 0
59 45 41 58 60
20 47 40 19 26
2 46 33 8 61
24 50 20 17 6
3 16 47 32 36
26 1 58 6 60
44 6 7 14 37
5 16 14 43 48
57 35 26 12 8
3 4 60 36 30
34 53 42 44 41
16 4 63 0 36
33 46 27 42 38
18 50 47 21 14
39 63 9 25 6
56 10 33 34 9
55 59 1 50 12
11 31 5 22 39
40 8 30 45 44
38 17 61 54 40
8 28 25 15 55
23 35 28 3 51
53 21 34 1 10
60 41 22 24 17
63 61 58 51 19
32 60 45 2 25
7 27 62 41 30
31 1 11 14 32
13 39 36 3 23
49 55 23 25 53
3 53 20 52 4
19 57 2 31 23
13 38 51 31 6
48 15 25 11 49
54 56 26 14 17
46 4 5 49 20
54 42 46 48 62
16 26 29 5 52
45 10 54 37 34
0 63 43 50 56
35 9 43 23 42
47 49 11 51 32
29 56 33 42 7
28 11 47 55 52
62 21 7 44 58
18 2 13 57 37
13 29 1 0 2
36 38 22 13 18
37 12 15 32 62
57 10 39 49 61
37 27 24 52 0
