40 8 55 47 25
26 23 25 17 58
28 52 51 35 41
26 14 61 33 58
55 21 45 7 16
63 7 13 23 50
52 56 36 13 43
42 5 35 4 41
30 24 0 32 63
49 30 12 39 45
41 22 51 29 24
61 62 38 32 27
21 9 53 18 57
5 6 44 27 24
3 26 59 15 56
46 19 57 40 14
26 59 62 4 19
56 1 36 59 52
43 52 12 34 29
15 54 22 16 40
37 43 48 53 33
4 12 53 37 35
10 45 19 54 32
30 1 5 35 61
8 49 29 10 13
47 61 1 0 26
3 1 14 16 25
34 30 31 13 11
56 2 62 48 57
31 10 55 24 18
23 8 9 35 27
37 44 29 27 57
48 11 8 22 42
49 48 3 40 20
50 63 27 55 18
7 23 30 21 2
63 43 6 17 60
31 20 39 21 59
49 57 11 44 56
60 37 51 42 9
0 46 15 33 19
10 44 7 43 2
60 7 39 45 32
18 36 20 6 41
31 41 38 13 51
4 22 9 42 61
15 63 54 40 47
25 0 50 46 51
33 32 58 20 28
9 33 38 24 62
34 55 59 47 5
39 10 2 47 44
6 18 2 60 17
58 21 54 12 20
46 58 19 53 22
4 50 0 34 29
28 6 17 14 38
38 15 31 28 12
53 54 48 3 1
50 14 16 37 17
39 42 62 52 36
25 11 3 23 45
11 28 60 16 49
5 36 46 34 8
