58 22 48 28 47
8 57 12 60 11
3 15 47 27 37
2 53 50 26 46
37 8 36 13 5
18 47 28 36 4
19 11 28 44 33
34 36 17 46 20
14 39 4 1 59
61 62 51 26 49
49 37 17 41 55
62 40 6 19 1
19 58 18 1 36
39 38 4 52 24
8 43 58 32 35
2 56 20 63 27
19 25 57 26 49
22 33 7 10 52
5 34 36 12 32
52 6 16 11 12
15 27 23 49 7
39 23 24 62 60
17 56 0 42 50
21 38 63 33 20
61 21 56 46 13
44 40 16 32 38
9 3 45 16 55
53 15 31 20 2
6 0 5 44 51
61 48 63 50 34
55 60 31 47 50
42 54 62 27 30
42 46 18 25 14
53 17 62 23 6
56 58 7 18 29
45 40 44 14 48
7 4 18 12 5
43 4 10 2 38
23 13 58 37 25
21 57 13 8 51
41 25 43 11 35
54 40 53 57 10
32 31 54 45 22
40 37 14 59 54
25 6 35 52 28
50 35 26 42 53
32 57 3 24 7
5 0 51 2 30
0 60 29 59 35
10 9 63 20 16
45 3 29 30 22
9 47 39 55 28
19 13 55 44 17
27 33 3 41 45
41 56 31 42 43
30 52 26 51 10
22 34 54 15 24
39 46 16 1 41
0 34 14 12 38
61 43 48 8 60
48 30 21 1 59
9 24 63 29 59
9 11 21 33 31
61 15 49 23 29
