33 34 3 55 27 63
24 40 27 20 8 46
28 26 60 5 21 16
14 18 56 0 35 52
49 52 38 5 31 42
10 51 2 47 4 49
38 43 13 56 15 50
54 11 57 19 16 32
37 54 53 1 14 50
34 21 55 11 27 54
57 5 19 30 26 48
45 7 9 14 22 16
47 27 34 61 21 53
46 40 6 47 58 49
3 42 22 8 11 29
56 59 38 6 63 62
25 41 21 7 11 2
29 54 46 52 57 50
44 58 3 28 35 50
36 10 7 25 63 24
42 53 45 51 1 24
9 62 50 16 2 12
53 14 58 48 29 11
34 49 26 41 35 31
1 33 61 20 19 28
16 29 57 32 48 19
57 23 10 2 62 33
42 32 1 9 12 0
61 2 33 18 30 24
17 25 52 57 22 14
35 37 10 45 56 28
58 45 37 51 23 4
27 51 25 60 38 7
0 24 55 28 26 36
9 23 45 48 0 12
30 58 3 23 18 37
19 47 61 37 44 33
8 39 30 31 36 35
6 4 60 15 32 52
44 37 60 42 62 55
13 1 63 53 44 56
23 16 47 62 59 61
46 20 27 14 39 4
50 6 48 62 49 52
39 18 59 40 45 36
11 20 34 31 30 44
42 13 17 48 54 1
36 12 13 5 41 59
46 43 34 25 22 10
4 23 43 59 13 5
43 21 17 8 18 6
53 58 5 32 20 31
4 17 29 3 43 38
51 20 22 8 40 12
55 7 17 8 46 9
54 9 33 0 39 59
15 6 60 3 30 40
10 26 7 17 25 29
31 51 18 22 35 13
15 44 49 47 55 41
38 56 39 2 32 63
63 28 36 24 12 41
21 43 26 39 41 15
61 40 0 19 15 60
