26 45 24 46 7 57
49 47 20 58 53 59
62 48 23 44 55 45
30 56 10 14 20 57
15 36 33 48 13 58
7 58 53 31 54 59
15 22 62 18 43 26
5 27 47 12 0 13
60 37 30 9 56 29
58 8 17 36 31 22
28 32 16 3 25 52
25 34 18 40 53 50
62 42 51 37 7 17
22 4 51 38 36 7
38 45 3 28 63 59
23 6 22 4 56 44
54 10 44 47 62 38
37 9 35 25 49 12
25 19 30 26 6 11
59 24 48 31 18 57
35 1 21 3 34 37
30 41 35 20 24 60
13 15 52 63 6 9
15 44 53 41 2 30
19 29 0 21 27 31
18 11 29 10 55 17
0 54 52 18 41 6
7 51 59 60 24 55
10 14 34 51 62 40
47 24 25 55 8 31
21 51 8 3 18 23
19 5 9 24 43 29
10 45 39 63 56 35
58 52 4 60 48 38
50 39 61 20 11 28
20 53 21 36 17 32
56 4 35 9 13 61
50 17 8 12 56 20
14 53 43 13 16 33
59 49 32 34 61 42
46 41 43 11 28 63
63 42 21 40 23 26
12 48 60 47 41 39
57 48 38 40 31 6
23 16 58 2 50 15
51 0 57 32 14 2
40 0 63 61 47 54
29 1 7 42 16 46
42 19 4 43 2 33
1 61 39 60 55 17
37 52 62 34 44 11
45 30 12 27 13 28
50 22 61 33 26 10
35 23 5 38 1 11
16 26 5 57 55 46
29 27 54 25 49 2
36 3 15 32 37 8
45 43 3 54 0 19
9 33 5 1 44 4
39 19 27 1 5 14
8 42 49 27 33 21
52 49 34 39 46 36
12 50 2 6 16 28
41 22 32 46 14 40
