37 27 54 38 49 17
9 26 31 14 43 38
29 30 26 16 33 27
17 28 38 7 35 26
52 34 32 40 6 5
36 15 33 10 60 4
34 39 48 4 33 46
19 13 30 3 45 44
11 29 46 16 26 19
1 21 50 49 39 51
63 35 19 5 39 56
42 8 25 14 37 38
40 23 38 48 27 59
59 7 15 16 32 18
61 40 11 1 31 45
13 58 5 46 50 57
52 8 13 2 44 48
3 41 24 18 20 0
36 42 17 34 13 55
7 21 10 47 36 8
49 17 58 51 61 46
54 19 22 9 59 40
43 21 52 44 46 31
28 56 63 27 12 24
28 42 59 17 31 23
37 11 50 54 30 53
51 1 2 8 37 3
23 39 0 12 63 2
23 24 3 60 36 42
53 8 2 49 38 40
47 49 2 7 48 25
41 1 24 55 14 22
47 35 34 4 13 37
56 62 5 45 6 2
35 4 32 6 18 57
10 63 34 32 41 3
18 47 5 37 28 19
0 25 11 36 26 32
3 11 29 0 12 1
27 60 6 10 9 51
12 14 53 4 21 29
44 17 31 35 61 58
11 24 18 28 43 52
22 45 56 1 62 42
41 61 22 16 54 7
60 43 7 59 33 14
58 8 22 15 6 20
32 30 36 19 61 50
60 30 12 55 6 16
30 20 29 9 0 57
57 25 51 9 15 47
26 50 57 39 9 20
4 16 56 22 62 42
54 29 55 40 58 25
53 21 62 0 44 25
53 48 31 63 57 18
23 33 63 43 52 10
50 55 34 15 49 51
46 15 62 41 20 53
13 24 21 45 12 60
45 39 48 28 5 59
44 14 62 41 47 20
61 58 33 54 43 52
10 23 35 56 55 27
