5 19 34 63 48
15 53 30 48 5
62 22 59 37 15
58 21 61 31 27
56 8 13 58 36
0 28 19 1 23
18 29 34 40 22
54 45 37 48 42
60 11 29 18 4
13 42 20 41 27
17 61 22 31 59
8 29 39 56 20
49 50 51 16 63
9 44 60 4 49
45 62 39 56 55
1 38 16 28 2
54 15 43 12 59
10 63 51 50 60
37 6 8 54 42
33 0 48 52 5
9 24 26 25 11
31 3 28 24 26
10 26 2 6 58
49 61 51 46 5
33 20 50 21 42
52 57 47 55 20
32 22 20 55 21
54 57 9 38 3
47 5 21 44 15
8 6 11 56 36
45 1 40 60 39
47 21 10 3 59
26 34 45 55 47
55 19 50 24 61
45 32 6 36 0
38 50 54 42 36
46 34 35 4 29
18 7 2 43 58
15 35 43 41 27
11 14 44 62 30
62 57 30 6 53
9 38 46 44 60
9 35 24 7 18
52 38 16 49 37
59 13 28 41 39
34 14 7 32 30
53 36 51 41 23
31 28 25 61 32
49 19 1 7 0
12 48 23 43 13
12 33 35 24 17
12 46 23 17 53
25 43 57 19 56
46 1 63 40 51
7 27 16 18 35
33 26 32 25 14
4 52 14 29 11
27 25 40 52 62
63 3 4 22 37
44 10 2 16 31
8 13 30 17 41
10 47 33 23 3
40 14 2 57 39
58 17 53 12 0
