29 31 55 26 47 37
10 53 17 25 43 9
34 20 4 41 50 36
9 47 6 20 38 60
2 41 49 63 5 8
32 11 19 16 4 28
25 3 36 31 61 37
53 15 29 24 44 13
62 37 25 39 4 63
3 27 40 46 1 30
1 40 62 60 57 14
61 5 18 16 31 49
15 13 55 27 17 53
12 42 22 46 38 7
32 18 10 38 26 22
12 33 7 47 41 30
33 28 19 11 5 29
51 35 1 52 12 57
29 48 55 11 14 56
27 5 24 16 47 33
2 61 54 26 3 53
43 49 35 36 59 40
31 13 63 51 45 14
35 57 52 55 43 48
27 42 40 19 7 53
59 39 6 1 8 26
28 20 0 25 58 14
50 19 24 9 12 47
34 62 26 16 46 5
31 0 18 7 16 49
31 60 52 15 9 49
29 30 22 0 11 6
58 5 50 14 39 52
46 15 16 53 51 19
2 28 38 44 63 42
23 17 51 21 52 43
45 2 6 21 37 48
61 8 51 36 0 6
58 34 3 13 14 56
59 50 25 32 8 41
50 10 24 9 45 21
4 2 57 15 39 55
60 13 24 54 45 34
21 44 23 1 54 35
48 43 62 34 7 58
36 60 40 22 42 57
33 28 13 9 62 48
3 60 19 15 27 0
56 18 44 23 46 36
21 4 59 29 11 30
27 40 39 32 2 56
17 58 35 33 37 22
23 17 30 59 35 32
1 7 33 12 24 20
59 20 62 42 56 43
12 18 0 23 63 41
48 50 57 54 18 38
23 41 10 56 17 45
32 51 38 61 44 26
39 54 25 21 49 52
47 30 42 10 45 3
11 37 20 58 63 6
28 8 54 10 44 46
22 4 61 34 55 8
