13 59 55 63 28
7 31 18 34 39
37 10 26 22 38
44 15 58 8 25
6 55 13 12 22
46 52 31 63 36
44 4 34 36 27
53 26 1 18 12
60 37 3 21 42
31 17 51 44 63
28 14 2 56 53
43 24 29 50 62
51 46 4 7 23
28 0 4 29 33
10 20 27 53 23
52 40 3 62 38
49 37 23 62 28
53 9 21 57 43
20 31 1 7 33
24 59 58 30 51
43 14 18 52 33
47 17 61 62 8
28 2 40 49 4
42 34 16 12 14
45 11 19 33 36
61 29 57 3 50
7 55 30 2 61
49 57 14 42 6
10 13 22 16 0
49 25 11 43 13
39 26 32 19 42
9 1 5 18 37
30 58 35 46 54
34 24 13 18 20
23 6 39 33 1
48 32 45 47 44
6 45 5 60 24
2 8 16 31 46
47 57 41 15 2
30 34 41 56 1
50 15 43 56 22
55 39 38 51 42
23 27 30 41 8
11 20 40 29 17
60 6 3 9 35
24 36 47 35 54
58 5 12 37 32
38 21 58 45 35
53 35 50 52 49
27 29 16 22 48
54 40 48 11 25
12 9 61 41 19
15 5 60 48 20
7 17 48 14 10
50 63 55 32 45
41 26 4 54 0
10 40 59 61 39
27 62 38 25 17
46 47 19 32 3
19 63 56 0 60
44 8 52 59 36
25 51 21 56 26
57 21 16 15 11
54 59 5 0 9
