13 63 48 44 35 9
63 62 7 42 59 44
52 32 11 12 63 30
54 30 57 28 24 44
53 29 49 37 35 9
45 14 52 34 8 25
47 10 46 29 31 30
16 1 29 56 62 63
47 21 50 5 60 10
12 14 38 58 0 4
47 11 48 31 6 8
2 10 28 36 38 61
9 2 28 13 52 60
32 0 27 54 39 12
59 49 5 61 9 35
20 33 28 50 18 47
7 32 24 38 55 39
58 23 60 42 36 34
19 57 37 24 15 36
18 55 52 62 25 49
45 15 24 58 63 21
48 8 50 26 53 20
37 45 52 60 46 56
60 17 39 51 54 52
42 40 16 18 20 3
34 35 47 19 32 5
53 51 29 21 31 39
13 33 34 62 47 29
53 11 12 15 61 3
34 4 7 26 27 6
43 3 53 54 2 6
40 55 10 57 26 6
59 2 16 13 38 25
15 53 27 54 43 59
25 29 5 27 51 17
36 25 56 4 14 0
42 35 40 11 18 17
22 18 4 46 56 41
49 41 32 9 11 16
23 13 51 50 16 26
24 45 31 36 43 60
38 56 49 48 37 50
24 36 1 45 17 58
54 30 55 40 33 62
50 62 61 0 1 3
20 40 5 22 42 61
51 56 22 37 6 63
8 10 6 25 15 27
21 10 55 0 41 57
38 14 4 41 59 19
44 8 15 21 39 41
57 46 23 39 26 34
2 19 5 22 12 23
28 4 26 33 30 21
3 43 13 23 30 33
19 59 48 31 43 16
7 46 41 35 37 22
58 18 51 3 31 48
57 17 9 20 61 42
32 55 14 1 49 33
23 17 22 8 12 40
14 44 11 28 45 58
1 19 44 27 7 43
1 0 2 20 7 46
