53 43 1 33 31 41
25 28 47 0 50 34
43 58 44 33 16 52
11 10 32 39 48 28
40 41 29 8 15 17
45 49 8 48 22 47
8 57 60 9 29 48
58 10 59 41 34 13
6 5 20 4 23 17
25 52 12 6 57 17
22 3 7 36 56 27
3 28 40 16 45 63
15 50 53 9 51 14
53 49 56 41 34 7
32 20 55 28 12 17
12 50 28 30 46 4
54 11 2 17 52 36
56 16 8 14 4 9
36 19 47 31 60 24
31 38 18 48 21 61
56 14 8 60 62 29
58 28 43 45 49 19
10 47 57 5 42 38
57 44 39 62 8 27
39 61 46 18 37 51
1 9 46 41 35 33
34 56 43 40 36 58
48 36 10 35 39 23
11 1 21 15 14 3
31 54 4 53 20 6
42 38 61 50 15 35
19 29 46 0 57 18
49 3 63 61 14 37
38 0 2 63 60 25
45 26 13 1 7 42
51 58 47 27 30 25
18 10 27 26 59 16
32 45 40 46 57 24
19 30 33 58 22 41
24 3 49 23 52 27
11 4 26 37 43 62
13 4 25 7 0 38
30 55 51 34 59 22
21 0 2 26 44 40
59 23 2 55 43 50
55 34 5 21 37 11
63 25 31 15 37 24
22 1 35 18 54 5
54 27 5 3 19 6
32 5 13 39 21 60
15 54 12 30 1 44
35 61 53 12 42 24
9 62 55 39 16 2
0 13 51 12 63 29
48 50 29 55 16 47
45 54 14 44 52 42
20 26 17 13 10 61
23 6 22 31 37 9
21 7 38 2 35 26
44 7 63 36 42 62
6 20 49 18 62 33
51 30 32 56 19 24
52 20 23 60 40 59
46 32 53 59 11 33
