37 57 15 56 28
39 38 19 55 8
13 43 10 33 56
48 4 28 59 41
3 6 52 27 32
32 33 62 34 40
4 45 7 24 50
6 47 23 20 31
35 11 1 32 59
36 58 25 43 54
33 2 63 34 45
42 12 8 61 63
30 47 23 11 20
61 50 2 30 24
50 43 18 48 60
29 17 0 27 31
60 57 51 44 54
22 15 55 37 51
29 52 23 14 42
29 1 32 22 27
34 49 21 12 7
36 44 45 20 63
17 26 56 53 19
18 12 7 46 47
35 48 13 6 42
59 44 9 62 57
22 47 38 30 52
28 15 4 41 19
27 40 3 58 0
19 18 15 36 51
12 13 58 26 61
34 15 53 58 7
5 4 19 8 42
10 50 5 35 2
43 20 31 10 5
8 24 38 39 33
49 9 21 29 62
0 54 17 57 41
35 26 1 40 55
1 35 46 53 43
60 45 28 38 5
47 45 27 37 3
49 11 24 18 32
34 14 2 9 39
21 25 52 49 16
40 6 41 21 10
59 55 61 39 23
41 12 26 7 23
3 62 24 14 56
36 50 42 20 44
14 49 13 33 6
56 16 17 29 61
18 53 4 44 26
63 52 31 22 39
37 60 58 9 16
17 46 1 59 38
0 51 22 2 48
0 16 37 63 25
30 9 28 31 54
25 46 3 8 55
40 62 54 16 14
13 46 11 30 51
60 48 5 36 25
53 57 10 11 21
