15 2 1 10 11 13 9 7 4 8 14 6 5 12 3
15 0 3 10 11 12 14 4 6 7 8 9 2 13 5
0 12 15 6 5 10 9 8 7 3 1 13 14 4 11
8 11 1 13 15 4 5 9 14 10 12 2 6 7 0
11 3 14 7 5 0 10 1 9 15 13 12 2 6 8
7 3 13 14 2 6 4 8 11 10 15 0 1 12 9
11 2 12 5 13 9 10 1 15 0 8 3 14 4 7
10 12 11 5 4 0 15 1 8 13 2 9 14 3 6
3 5 0 13 14 7 11 2 1 15 6 12 9 10 4
12 15 0 3 6 13 2 11 4 1 7 14 8 10 5
7 0 13 14 11 1 12 4 6 3 2 5 8 15 9
13 3 4 7 6 10 0 1 12 5 8 9 14 15 2
9 7 2 10 11 1 6 13 3 15 4 0 8 5 14
11 3 10 14 0 5 6 12 8 9 7 2 15 1 4
10 13 4 5 1 3 0 8 15 9 11 2 6 7 12
0 9 1 3 2 7 12 6 4 14 5 13 8 11 10
