10 6 3 13 11 4 1 9 14 2 15 7 8 5 12
15 12 13 11 8 4 2 9 0 5 3 14 10 7 6
5 6 4 10 13 8 11 1 9 3 14 0 7 15 12
9 0 15 11 12 8 2 4 1 7 6 10 13 5 14
2 6 10 14 5 1 0 11 3 9 15 7 12 8 13
2 4 6 11 7 1 15 3 12 14 13 8 9 0 10
0 2 4 8 7 5 10 13 3 12 11 1 14 9 15
9 15 6 11 13 5 10 3 12 4 0 2 1 14 8
6 1 2 12 11 14 3 15 13 9 0 4 5 7 10
7 3 11 15 1 2 0 4 12 8 5 13 10 6 14
0 2 4 14 6 7 15 13 3 1 12 9 11 5 8
1 9 14 0 3 15 12 2 7 8 5 13 4 6 10
1 15 11 3 8 13 9 5 7 14 6 4 10 0 2
2 1 0 11 7 12 14 6 10 8 3 5 9 15 4
11 4 10 8 13 0 2 1 5 12 15 6 3 7 9
1 3 7 11 12 9 8 10 4 5 0 14 2 13 6
