8 1 10 15 7 11 14 12 13 4 9 3 5 6 2
3 2 0 8 11 9 7 6 12 4 13 5 15 10 14
1 13 11 10 8 15 9 5 4 7 14 12 0 3 6
1 10 11 14 9 7 6 8 5 4 0 12 2 15 13
7 11 15 5 9 12 3 1 2 0 10 14 13 8 6
7 6 15 13 4 10 9 2 3 8 14 11 1 0 12
5 13 3 10 1 15 14 8 7 0 12 9 2 4 11
5 4 10 12 14 3 0 1 13 11 2 6 8 15 9
11 0 1 15 14 2 3 13 5 9 6 4 10 7 12
3 13 1 5 2 4 10 8 11 0 14 12 6 15 7
3 7 0 15 2 5 6 9 11 4 14 8 12 13 1
8 4 13 3 2 1 0 15 10 7 9 5 12 14 6
14 7 4 13 15 0 1 11 9 6 3 10 2 5 8
14 11 6 2 5 9 15 12 7 8 0 1 4 10 3
13 12 3 7 8 15 0 6 5 2 10 9 4 11 1
5 0 4 8 10 13 14 2 11 12 6 1 3 7 9
