4 6 8 11 1 7 10 12 3 13 2 9 15 14 5
14 11 10 9 0 7 3 4 8 13 12 5 6 2 15
4 14 7 10 9 0 6 12 8 15 3 11 13 5 1
7 10 1 4 5 0 9 13 6 2 14 15 12 8 11
0 13 2 7 15 10 8 9 5 3 1 12 11 14 6
4 6 15 3 12 10 14 11 8 9 13 7 1 2 0
12 0 10 15 7 13 5 11 8 14 2 3 1 4 9
12 4 11 6 3 9 15 1 2 14 0 8 13 5 10
15 0 14 4 9 1 7 5 11 6 2 10 12 3 13
7 15 1 4 8 10 2 13 0 3 5 11 14 6 12
15 14 6 4 3 1 13 12 0 11 9 2 5 8 7
7 13 1 14 0 10 6 4 5 8 9 15 2 3 12
6 7 10 14 5 4 0 2 15 1 13 3 8 9 11
4 11 10 6 14 9 0 1 7 5 3 12 2 8 15
1 10 8 11 2 13 7 15 12 5 4 6 3 9 0
10 8 4 6 9 7 14 5 12 0 11 2 3 13 1
