11 8 12 6 9 1 7 10 14 5 15 4 13 2 3
12 3 13 10 0 9 15 7 2 4 6 11 8 5 14
14 6 12 13 4 9 11 15 1 3 5 10 8 7 0
1 5 11 10 4 9 6 13 12 15 2 8 14 7 0
14 5 12 3 11 2 6 10 15 9 13 1 0 8 7
3 4 6 11 15 9 12 14 7 0 2 8 13 10 1
2 15 5 0 3 14 11 7 4 13 1 12 8 9 10
8 9 13 12 0 11 6 1 15 14 5 3 10 2 4
15 11 7 0 10 12 14 9 13 3 5 6 4 2 1
14 12 7 13 0 3 2 1 5 4 8 11 15 10 6
13 3 8 1 11 12 0 15 4 2 7 9 5 14 6
15 0 13 8 3 4 14 5 7 10 6 2 1 9 12
1 9 2 14 0 4 7 8 3 10 5 13 6 15 11
1 11 10 15 14 7 2 9 3 6 12 4 8 5 0
4 9 2 12 13 11 6 0 8 15 5 7 3 10 1
11 8 13 6 5 1 10 2 4 3 14 7 0 9 12
