13 8 3 15 6 10 4 5 14 7 11 1 12 2 9
5 2 9 4 13 3 12 8 11 0 7 6 10 15 14
10 9 7 1 12 3 4 11 14 8 15 13 5 6 0
0 1 2 9 13 5 11 12 7 4 15 10 14 6 8
1 12 11 0 6 9 10 14 7 2 8 3 15 5 13
10 13 1 14 11 8 0 3 9 7 6 12 15 2 4
9 13 0 10 4 14 11 5 1 15 7 3 2 12 8
2 12 0 4 8 5 14 9 10 3 1 11 15 6 13
0 15 5 9 10 1 7 12 11 14 2 4 13 6 3
13 2 10 15 1 6 3 12 4 8 5 7 11 14 0
2 5 9 11 0 6 4 8 12 14 15 7 13 1 3
10 4 5 14 13 1 0 8 2 3 15 6 7 9 12
4 2 7 9 1 8 10 3 5 14 0 6 11 13 15
9 5 0 6 1 3 11 15 14 10 8 2 4 7 12
5 11 15 0 4 6 7 2 10 8 13 12 3 9 1
9 8 0 14 13 11 10 4 2 3 6 1 7 5 12
