2 13 6 1 15 3 9 14 5 20 21 19 18 4 11 7 22 8 12 17 23 16 10
8 10 0 4 17 22 18 5 6 7 23 20 13 11 2 16 19 21 14 12 15 9 3
0 11 9 3 6 8 18 7 19 21 4 1 22 17 20 23 10 12 14 16 13 5 15
11 16 19 4 23 14 18 2 0 7 13 21 10 20 5 22 6 12 9 15 17 8 1
21 14 3 22 15 7 1 18 6 11 12 19 8 9 2 13 17 10 0 20 16 5 23
8 17 18 11 12 9 6 23 14 1 3 15 16 19 0 10 22 13 21 4 20 2 7
8 5 0 10 21 2 14 12 4 1 15 18 13 17 9 3 20 7 11 16 23 22 19
21 20 8 14 4 3 2 15 9 1 17 16 13 19 10 6 12 0 11 18 23 22 5
5 6 1 15 7 16 9 2 20 21 11 4 13 19 18 3 12 23 0 10 14 17 22
20 22 2 5 8 12 0 7 15 6 18 4 19 14 17 13 11 3 23 16 10 21 1
19 14 1 6 13 23 11 3 12 17 16 5 7 21 4 18 2 22 15 8 20 9 0
2 3 16 23 5 10 14 4 8 12 13 17 18 20 9 1 6 22 0 15 7 21 19
5 18 9 22 6 17 20 4 10 11 3 16 13 19 21 7 8 0 2 14 1 23 15
0 18 16 22 10 23 3 15 6 21 20 11 1 7 8 12 9 19 4 17 5 14 2
4 10 3 7 6 5 11 0 9 18 21 20 17 19 12 1 2 23 13 8 22 15 16
21 8 4 0 17 7 9 22 6 13 5 23 3 19 16 11 20 10 18 1 14 12 2
11 3 8 13 23 7 5 20 12 10 17 1 22 6 15 4 9 21 18 2 0 19 14
5 15 1 21 12 7 6 10 18 11 9 16 4 13 2 3 14 22 23 19 0 8 20
5 13 3 12 2 4 1 23 6 21 17 9 11 0 14 8 19 20 10 7 15 16 22
10 3 20 21 2 5 4 23 9 8 0 7 13 12 18 22 15 1 14 17 11 16 6
9 23 7 19 21 8 3 12 1 13 22 16 0 11 6 18 2 14 15 4 10 5 17
4 15 7 20 6 19 17 8 3 2 13 18 0 10 12 14 23 22 1 5 16 9 11
9 4 13 12 1 15 20 3 23 5 11 19 2 16 21 0 17 10 7 18 8 14 6
20 11 3 5 10 13 16 18 1 15 22 19 2 9 21 8 17 14 7 0 6 12 4
