23 13 11 4 16 21 5 17 8 22 12 10 18 15 6 14 1 2 7 19 3 20 9
21 22 6 4 16 7 9 14 12 23 19 13 0 18 20 5 10 8 11 15 3 2 17
7 9 13 8 21 12 14 11 4 16 15 0 20 19 3 23 17 5 1 10 22 6 18
18 13 16 9 21 22 10 8 7 4 2 23 5 1 17 20 15 0 14 6 19 12 11
11 16 0 22 1 6 13 19 21 2 12 3 15 18 7 10 14 8 23 9 5 20 17
6 21 8 7 9 0 17 14 22 10 15 1 23 13 3 16 12 20 2 11 19 4 18
5 7 14 12 16 11 1 4 17 22 19 21 9 0 20 18 10 23 13 8 15 3 2
15 6 2 10 5 16 19 13 12 1 9 20 17 18 23 3 8 4 14 0 11 22 21
12 20 14 5 23 10 21 18 2 15 9 0 13 3 7 19 17 4 1 16 6 22 11
12 20 15 2 5 13 3 19 10 8 1 7 14 16 6 23 11 18 17 21 22 0 4
7 23 21 14 8 15 16 18 19 9 0 12 3 22 5 11 4 1 6 13 17 20 2
4 23 15 0 6 13 18 14 20 17 2 19 22 10 9 12 1 7 5 8 16 21 3
15 8 6 9 17 23 7 21 2 22 0 20 10 1 13 18 4 16 14 19 11 5 3
16 0 23 7 9 3 2 14 11 19 21 4 8 12 1 17 10 5 20 6 22 15 18
6 23 8 10 13 11 15 9 1 2 21 0 5 22 12 18 20 16 7 4 17 3 19
12 7 11 9 10 19 8 21 14 20 0 17 2 4 23 16 5 18 1 3 6 22 13
13 4 6 7 0 17 10 3 1 20 18 9 2 21 19 12 15 14 8 5 22 23 11
12 16 23 22 0 6 7 11 15 5 13 8 2 9 14 10 20 3 1 19 18 21 4
19 3 8 11 10 16 0 7 12 1 4 14 6 15 9 20 21 23 22 2 17 13 5
18 21 7 15 23 10 13 9 6 4 1 20 11 22 16 8 2 12 0 14 17 5 3
9 8 21 11 16 15 7 12 19 23 6 1 2 14 22 17 10 13 3 5 18 0 4
5 10 1 19 8 0 20 22 15 12 2 13 3 23 14 4 6 16 9 18 11 17 7
23 1 4 21 17 12 6 0 3 5 10 19 11 14 20 13 8 16 15 2 9 18 7
14 0 10 11 13 22 8 19 12 17 21 7 1 9 20 15 2 5 3 6 4 16 18
