16 5 10 15 19 4 1 18 21 9 20 8 23 14 13 11 2 7 3 22 12 17 6
15 3 7 19 16 4 23 17 2 0 6 8 20 9 22 11 10 5 13 21 18 14 12
3 17 15 8 20 1 23 12 13 18 11 22 7 9 10 0 6 16 19 14 5 4 21
21 2 1 18 12 8 6 16 20 13 14 10 17 7 11 9 22 0 4 15 19 23 5
5 1 18 0 22 17 8 14 10 12 7 11 16 13 3 9 19 20 2 21 6 15 23
20 0 12 15 4 6 16 13 14 10 11 8 18 7 9 22 21 1 17 23 2 3 19
5 15 9 21 3 13 1 16 19 17 11 7 12 8 2 20 10 23 22 4 18 14 0
9 1 19 14 20 15 16 11 5 23 6 2 8 21 13 3 0 4 22 17 12 10 18
13 14 2 3 20 19 1 5 0 22 6 4 7 16 12 23 11 15 9 21 10 18 17
7 11 12 15 16 23 13 20 6 17 19 0 1 5 21 2 18 3 4 10 8 22 14
0 16 11 5 21 15 20 13 3 23 2 1 19 4 12 6 22 18 14 9 17 7 8
9 17 19 10 5 7 23 6 2 16 20 12 0 14 1 13 18 3 4 22 15 8 21
5 9 3 18 14 2 17 6 23 15 11 22 20 8 4 10 21 13 7 0 16 19 1
8 18 9 17 21 5 2 6 16 3 10 20 23 0 19 7 11 14 1 4 22 12 15
8 7 5 12 19 3 0 23 11 4 16 13 17 22 20 10 21 2 18 1 15 9 6
22 1 9 0 19 2 5 23 6 20 7 16 10 17 12 18 11 3 8 14 4 21 13
0 9 1 5 20 10 17 3 15 6 7 13 11 18 14 8 22 2 4 19 21 23 12
23 2 13 9 11 1 16 21 12 6 15 4 19 3 22 14 5 18 7 20 10 0 8
13 3 12 4 0 21 20 22 2 5 16 15 9 11 23 17 10 1 19 14 6 8 7
1 15 7 0 9 11 14 8 6 21 17 13 10 22 16 23 3 2 18 4 20 5 12
5 21 9 15 8 2 7 16 3 18 0 23 1 10 11 13 12 14 6 17 4 19 22
3 23 20 13 22 6 17 0 18 10 19 9 7 5 12 16 1 11 14 8 4 15 2
15 21 4 18 2 1 8 5 12 23 17 19 16 14 7 11 3 10 13 0 9 6 20
21 17 9 15 1 2 7 11 20 0 12 13 14 10 22 18 8 19 6 5 3 16 4
