19 5 12 14 16 13 10 9 4 21 18 20 17 22 1 2 7 6 15 8 3 23 11
13 7 16 6 10 19 11 14 9 8 3 0 15 23 21 4 5 17 12 22 18 2 20
3 12 8 14 13 4 21 19 18 15 23 10 6 17 22 0 16 9 11 7 1 5 20
9 22 10 14 19 2 11 15 18 5 16 4 1 17 13 23 21 7 8 0 20 12 6
13 21 5 2 16 17 0 19 11 3 18 9 14 12 20 6 1 10 23 8 7 22 15
14 0 7 4 8 13 19 18 22 3 21 10 6 15 20 17 16 23 1 12 11 2 9
16 20 17 9 14 1 7 11 22 19 2 8 5 21 23 12 18 15 0 4 10 3 13
1 11 5 22 20 21 10 16 6 8 23 9 19 13 18 0 17 3 14 15 2 4 12
21 14 2 5 18 13 7 10 23 20 17 1 16 6 15 9 19 0 3 11 4 22 12
3 6 15 13 17 23 16 0 7 20 1 12 4 8 21 10 2 19 11 18 5 22 14
15 3 11 1 12 7 20 0 8 2 5 13 14 18 19 21 9 16 4 17 6 22 23
7 10 16 3 19 1 6 4 20 14 23 12 22 21 18 17 8 5 15 2 9 13 0
23 0 2 20 18 10 14 17 22 9 13 11 16 6 4 21 5 3 1 15 19 8 7
17 1 4 19 15 9 5 2 0 8 20 21 18 16 10 12 7 3 14 23 22 11 6
20 17 3 8 5 6 19 0 21 2 12 23 1 18 11 10 4 16 13 15 7 22 9
10 13 9 16 3 2 18 22 17 20 8 5 23 6 1 14 0 7 11 12 21 19 4
6 20 1 19 0 15 18 9 11 7 4 13 3 8 12 5 2 14 17 21 10 23 22
13 14 6 19 9 12 4 18 20 21 15 8 2 0 3 5 22 7 16 11 23 10 1
12 16 5 8 21 20 3 17 2 13 0 15 14 4 23 19 10 7 11 6 1 22 9
0 13 3 17 14 16 5 11 1 2 4 6 7 18 21 23 10 8 22 20 9 12 15
14 6 16 12 7 10 23 18 13 17 9 15 8 0 11 21 22 5 4 19 3 2 1
8 4 14 7 18 13 2 0 17 5 20 6 23 11 19 9 10 3 12 1 16 15 22
3 23 7 5 12 6 15 2 0 20 11 17 19 8 16 1 10 13 18 9 21 14 4
12 22 9 14 20 7 2 8 11 18 6 21 15 19 3 1 13 5 17 4 16 10 0
