23 9 3 13 16 8 17 19 22 11 2 15 10 21 20 6 4 1 5 18 14 12 7
3 15 11 22 23 10 18 19 8 13 17 14 20 2 9 5 7 4 6 16 12 0 21
3 23 7 22 6 8 13 0 17 1 21 14 15 12 9 4 20 16 11 18 5 10 19
1 4 0 8 15 2 5 18 10 6 11 9 23 16 19 21 20 22 12 14 17 13 7
3 9 16 19 21 11 14 13 6 8 22 1 10 15 18 0 2 12 7 20 23 17 5
15 9 3 7 18 8 6 19 13 20 22 1 16 17 11 12 23 0 2 4 10 14 21
2 15 5 3 10 11 23 12 21 4 1 22 0 7 17 20 19 16 14 18 8 13 9
20 8 13 23 2 5 11 21 18 17 9 14 1 15 16 22 6 19 4 10 12 0 3
17 7 21 3 16 0 11 1 13 2 10 5 23 15 18 12 14 4 20 19 22 9 6
0 4 5 20 15 10 16 3 7 1 17 12 18 19 22 2 11 13 8 23 21 14 6
18 1 8 3 9 17 21 20 6 23 0 4 12 19 15 14 11 16 7 22 5 13 2
1 8 7 4 14 3 18 20 0 21 6 22 23 12 17 16 5 9 10 15 2 19 13
13 21 18 8 6 22 14 9 11 19 2 3 10 1 23 15 5 4 20 16 7 0 17
12 20 15 7 0 22 1 8 18 5 2 21 19 23 4 16 14 9 17 3 6 11 10
18 19 11 21 17 1 4 20 7 8 22 2 12 13 3 10 6 16 15 23 0 5 9
1 13 5 3 9 6 21 8 23 17 0 20 2 7 4 12 10 11 14 18 22 16 19
8 17 4 0 18 20 22 9 3 5 13 11 1 7 23 6 10 14 19 2 12 21 15
8 16 22 20 0 10 1 14 7 23 21 18 19 2 15 5 9 11 3 6 13 4 12
14 10 1 16 21 20 7 5 3 13 12 8 11 17 19 9 22 4 0 6 2 15 23
20 14 1 21 4 5 0 17 18 13 3 9 12 8 23 22 10 6 7 16 11 15 2
13 7 19 9 16 17 18 5 21 1 11 14 10 15 3 8 0 2 6 4 12 23 22
8 19 12 4 18 15 7 14 20 10 17 11 13 2 6 3 0 23 22 1 16 9 5
1 17 2 13 23 16 0 11 12 14 5 3 4 18 6 9 8 7 19 21 10 15 20
0 1 7 2 22 8 17 15 3 6 13 11 10 19 12 5 21 16 4 9 14 20 18
