16 3 1 18 20 22 14 9 4 2 13 12 15 5 11 19 23 17 6 7 21 10 8
3 2 15 5 21 20 0 4 9 23 8 16 12 10 7 6 19 18 14 11 13 22 17
1 14 21 17 18 19 8 11 23 20 0 9 4 13 22 7 16 12 6 3 5 15 10
1 17 0 12 10 21 5 18 20 15 23 16 6 22 14 8 19 9 2 7 13 4 11
11 7 6 1 16 20 22 21 0 14 8 2 5 18 9 12 17 19 23 13 15 10 3
17 10 1 11 15 6 8 3 12 21 9 7 23 13 0 22 4 2 14 20 19 18 16
8 18 4 20 13 5 7 16 9 15 23 3 1 2 17 21 19 0 12 14 10 11 22
12 15 18 4 14 6 21 5 1 9 13 2 16 3 23 19 11 17 0 22 8 10 20
15 6 14 22 17 18 5 1 11 2 4 10 16 12 9 13 23 3 21 20 19 7 0
16 15 23 14 17 20 1 21 19 12 0 5 6 22 2 7 8 10 18 4 3 13 11
11 5 16 23 21 15 22 12 3 14 8 20 1 18 17 19 9 6 2 13 7 4 0
10 22 23 5 4 15 17 8 2 20 16 0 12 18 13 14 21 7 6 19 1 9 3
7 20 3 10 19 21 9 5 1 8 13 17 0 15 23 16 11 2 18 6 4 14 22
6 21 17 12 18 0 5 2 7 8 20 11 16 23 15 9 4 1 10 3 19 22 14
8 2 16 15 9 7 17 0 22 4 10 18 11 3 1 5 6 21 12 19 23 13 20
8 1 7 9 5 10 14 20 18 11 22 16 23 6 3 21 12 0 2 19 13 4 17
0 9 10 18 14 4 6 1 15 21 8 11 3 20 19 12 23 2 7 13 17 22 5
5 21 3 20 23 8 22 2 9 11 14 18 13 12 10 6 16 0 4 7 15 19 1
20 19 16 0 23 8 7 6 15 22 2 17 3 13 14 10 21 11 9 4 1 12 5
18 23 21 22 12 9 2 20 16 0 10 1 3 6 8 7 15 11 4 14 5 17 13
18 17 1 12 6 15 0 9 23 4 21 22 3 19 11 2 10 16 13 8 5 7 14
17 1 10 19 2 23 9 13 12 3 4 20 5 7 16 15 22 18 6 8 11 14 0
8 11 10 17 19 23 18 0 4 20 15 14 9 21 2 5 3 7 12 1 6 13 16
17 10 11 19 18 9 21 22 20 1 2 15 5 12 3 6 16 8 0 13 7 4 14
