10 16 13 4 29 25 14 22 6 11 17 15 23 24 1 19 27 5 28 12 26 2 8 7 21 30 18 31 3 9 20
13 3 15 17 5 14 2 28 0 12 30 7 24 27 31 10 6 16 25 29 9 18 8 4 26 22 19 23 20 21 11
6 15 8 23 30 13 20 21 19 3 1 26 12 25 0 14 24 31 29 28 11 10 4 27 18 17 22 5 7 9 16
24 22 20 25 14 16 1 9 5 13 10 17 23 2 29 7 12 11 21 28 30 6 4 18 26 19 31 0 27 15 8
7 21 5 12 29 13 0 22 14 15 11 19 27 24 26 3 28 8 6 20 18 25 2 1 9 17 30 23 31 10 16
18 25 16 23 14 22 4 3 8 1 11 26 15 9 21 0 30 7 20 29 19 17 28 10 6 31 24 13 2 27 12
15 26 2 17 11 27 16 23 0 12 13 14 18 29 24 9 31 1 19 3 25 4 22 30 5 21 28 20 8 10 7
17 4 14 13 29 3 9 20 26 1 5 8 22 16 12 10 0 30 15 25 21 11 28 24 23 19 2 27 18 6 31
21 2 5 26 13 22 15 14 23 30 27 31 20 19 28 7 18 0 29 17 4 16 1 24 25 10 12 6 3 11 9
20 3 30 13 24 21 5 6 7 31 25 14 29 26 19 15 12 16 1 28 10 11 4 27 18 22 23 0 2 17 8
0 28 19 3 18 27 14 26 11 22 29 30 24 1 23 7 25 12 2 31 15 17 5 9 8 6 16 20 13 21 4
14 23 13 6 5 21 10 0 12 20 27 29 18 25 4 28 15 3 17 30 24 19 2 26 7 9 22 16 31 1 8
19 4 11 20 6 31 3 2 1 21 0 16 29 13 7 30 14 18 9 25 22 17 23 15 10 24 28 8 26 5 27
15 23 1 11 9 19 2 3 0 4 17 30 21 8 18 7 6 27 16 20 12 26 31 24 22 29 5 14 10 25 28
11 3 5 30 20 26 25 1 0 10 4 7 8 6 21 9 17 2 22 12 15 29 28 19 27 18 16 13 24 23 31
6 13 2 1 25 27 8 19 4 31 5 0 24 17 11 30 28 26 21 16 9 14 18 22 12 7 10 29 3 23 20
5 3 0 26 30 6 28 20 13 7 12 25 15 18 1 27 9 23 24 8 21 29 14 17 11 19 31 10 22 4 2
7 21 18 1 6 28 13 3 19 0 27 26 31 20 15 14 11 8 24 29 12 10 30 5 23 22 4 16 2 25 9
5 17 31 22 30 24 10 20 13 6 21 11 28 8 16 29 12 3 27 15 0 4 1 19 23 14 2 26 9 25 7
12 21 29 13 10 20 2 17 27 15 31 25 28 24 22 4 0 8 26 9 6 5 11 3 14 18 1 16 23 7 30
9 3 22 27 31 23 21 19 14 2 18 29 11 12 25 17 16 7 8 5 28 13 30 4 26 24 6 1 10 0 15
8 17 19 20 4 2 11 13 18 9 29 31 14 12 5 15 3 26 24 28 0 23 25 16 22 7 6 27 10 1 30
3 30 20 28 27 5 18 31 4 0 8 10 19 7 25 14 23 15 6 12 24 26 21 13 17 11 1 2 9 16 29
24 26 11 5 13 20 2 6 3 27 29 25 31 8 0 28 10 22 16 21 12 17 18 4 1 15 19 7 9 14 30
3 23 29 18 27 9 30 19 0 6 15 1 10 4 2 21 11 17 25 16 28 22 12 8 13 5 20 31 7 14 26
5 3 26 15 30 14 0 29 23 19 20 11 2 9 16 22 27 28 1 6 12 10 24 21 7 4 8 31 17 18 13
6 23 25 31 14 16 8 5 10 2 29 17 7 0 15 19 9 4 21 13 3 20 11 22 30 1 18 27 12 24 28
20 22 24 6 10 15 19 17 23 11 28 8 0 13 4 1 29 31 25 16 18 2 14 3 9 26 30 21 5 7 12
22 10 29 31 17 16 1 19 27 18 0 20 8 11 23 15 3 2 21 25 4 14 24 12 5 9 7 6 30 13 26
30 19 24 28 4 0 20 25 3 7 23 6 26 21 11 10 5 27 9 12 2 18 8 14 17 1 31 16 15 13 22
29 22 2 9 14 18 25 16 13 24 8 1 5 31 10 15 20 3 12 11 0 7 6 17 26 4 27 28 23 19 21
20 18 26 22 28 15 19 23 12 21 17 9 8 30 1 27 2 6 10 29 0 3 13 5 24 25 16 4 11 14 7
