28 29 22 21 4 6 14 3 10 8 9 19 16 5 25 23 27 20 15 31 7 13 18 17 24 2 11 30 12 26 1
9 28 6 27 19 4 5 15 24 8 17 14 16 3 2 13 18 30 12 11 23 26 21 20 31 10 7 22 29 0 25
24 9 5 30 8 26 17 4 10 21 25 11 29 1 20 31 18 19 28 15 27 12 13 16 22 0 23 3 6 7 14
10 13 26 5 0 24 11 31 14 7 16 28 1 17 25 23 12 29 6 20 9 27 18 22 8 21 2 30 19 4 15
10 19 0 21 1 20 28 24 31 11 2 22 18 5 14 12 8 30 6 26 29 9 13 27 23 16 17 15 3 7 25
9 12 16 3 19 25 21 2 1 18 31 13 26 7 15 6 0 10 23 28 30 4 22 27 8 29 14 20 17 24 11
20 1 30 26 16 0 12 27 24 14 8 5 15 31 18 11 13 4 28 29 23 25 3 21 9 19 17 7 10 22 2
28 24 18 11 31 15 27 5 9 14 25 3 8 21 23 26 22 19 29 0 16 17 10 6 13 20 12 1 30 4 2
16 20 23 27 9 11 31 2 0 26 22 6 19 1 7 28 4 30 29 12 5 15 14 17 24 25 21 3 13 18 10
1 5 29 10 8 23 11 24 2 25 14 0 26 21 7 12 17 30 19 27 22 20 13 18 31 4 3 6 28 16 15
18 3 4 14 9 20 30 26 0 25 19 12 2 5 21 29 16 13 28 11 23 7 27 22 6 15 1 24 31 17 8
22 9 24 13 7 8 26 3 27 4 29 31 2 20 6 15 10 19 28 17 1 18 14 16 0 12 25 30 21 23 5
29 5 30 15 24 6 17 28 23 10 21 9 16 20 19 25 4 26 22 8 3 1 13 18 14 2 27 11 0 7 31
3 19 21 15 11 30 16 26 5 17 29 1 6 24 23 20 10 25 31 9 0 28 14 12 27 2 4 22 18 8 7
10 0 31 9 6 29 3 17 7 15 1 4 24 26 28 16 22 13 18 30 12 8 5 23 27 21 11 25 20 19 2
12 13 31 17 25 22 7 30 16 26 18 1 5 28 6 14 23 11 0 29 21 24 2 19 8 9 20 10 4 27 3
20 23 8 5 6 13 15 24 30 12 0 3 26 25 1 29 17 14 27 21 22 10 31 18 7 2 9 28 4 11 19
21 31 15 12 23 30 20 2 28 14 13 9 24 26 1 22 19 3 27 16 11 25 8 7 29 6 0 5 18 4 10
10 22 21 7 5 26 15 4 24 6 1 27 29 28 2 25 30 9 14 12 23 16 19 0 3 11 20 31 13 17 8
13 4 5 1 24 25 28 30 20 10 21 8 0 12 17 9 29 7 2 22 15 11 26 18 6 31 3 23 14 16 27
16 21 6 8 27 10 28 4 25 19 17 30 31 12 29 11 26 2 13 0 9 24 3 1 22 18 5 15 7 14 23
20 0 13 18 17 5 4 25 19 9 12 2 29 28 7 22 10 16 31 15 24 6 1 14 23 8 27 26 3 30 11
0 18 11 31 15 27 8 4 17 26 7 30 9 21 23 25 24 5 16 29 19 12 28 14 3 20 13 2 10 1 6
26 16 8 9 24 17 12 30 27 5 31 28 7 0 15 22 13 6 29 3 10 25 1 18 14 21 4 2 19 20 11
2 7 9 11 23 12 19 3 6 4 27 26 16 1 17 18 14 13 25 22 31 29 15 20 21 8 0 10 28 5 30
31 5 9 15 30 19 21 10 20 27 7 2 16 12 28 0 3 24 22 18 13 23 17 6 8 29 14 26 11 1 4
23 3 27 6 10 11 13 15 30 2 18 24 8 9 5 28 17 16 22 20 7 14 4 12 19 1 21 25 29 0 31
20 8 26 1 6 7 11 24 22 31 25 23 9 17 0 18 16 29 5 30 28 2 13 12 3 14 4 10 21 19 15
1 0 7 20 30 12 4 19 29 17 26 15 5 21 8 3 23 25 14 31 6 18 10 2 22 11 27 13 9 16 24
0 9 12 28 14 11 20 21 13 16 2 19 8 18 10 24 6 27 22 23 15 7 4 5 3 17 25 26 31 30 1
12 6 28 10 2 25 13 15 26 19 17 20 23 16 9 5 22 31 4 8 27 18 1 14 0 3 21 29 7 11 24
25 17 15 22 7 14 8 5 4 3 27 11 20 6 23 30 2 21 24 28 0 13 16 9 1 18 19 12 29 10 26
