10 23 9 8 16 20 19 30 14 6 11 1 18 28 17 24 27 2 7 4 3 22 12 26 25 15 13 31 29 21 5
19 26 12 24 10 25 14 7 11 0 27 29 21 6 2 28 17 31 5 22 23 3 8 30 4 15 18 9 16 13 20
15 8 16 3 6 29 21 18 23 4 26 12 28 24 13 22 30 0 31 7 1 17 25 20 27 10 19 9 14 11 5
10 2 20 27 25 30 8 5 15 6 31 18 24 17 12 16 0 11 29 7 1 9 21 14 22 26 23 4 13 19 28
23 5 17 9 18 25 24 6 2 20 26 13 14 28 19 21 22 31 0 10 29 8 1 27 16 12 15 3 11 7 30
4 6 29 12 24 31 3 21 8 28 11 14 30 13 15 18 7 9 27 1 25 20 16 10 23 26 0 19 2 22 17
7 9 28 25 5 26 2 18 21 13 0 11 4 17 3 20 1 16 24 23 14 31 19 10 30 27 12 22 15 8 29
15 26 6 29 8 12 23 9 28 1 19 18 16 24 21 14 17 25 2 5 0 13 31 10 11 30 3 27 20 4 22
2 0 27 7 29 19 14 3 18 5 17 16 25 28 22 15 11 21 23 13 30 4 1 10 9 12 6 20 26 31 24
25 28 6 0 15 10 26 23 4 16 7 14 24 19 31 22 30 27 5 3 20 8 13 21 18 17 1 12 2 29 11
14 0 3 28 17 12 19 22 9 13 23 15 24 1 26 21 20 11 4 7 18 6 30 8 2 27 25 5 29 16 31
31 22 29 30 16 27 23 12 15 6 0 5 1 17 26 13 25 21 10 18 8 20 3 7 19 14 28 2 9 4 24
15 10 5 1 14 7 11 20 27 17 2 3 18 28 23 30 21 0 25 24 19 8 22 6 29 13 31 26 4 9 16
15 17 28 23 10 6 20 18 21 4 27 22 11 5 24 2 14 29 25 19 7 26 8 9 16 0 12 31 1 30 3
25 10 29 16 15 30 17 12 28 0 20 8 1 26 5 9 27 4 13 7 23 21 6 24 22 19 3 18 11 2 31
13 12 7 2 31 14 9 20 16 10 28 11 24 25 3 21 22 5 8 26 19 18 27 29 23 17 0 1 6 30 4
21 14 2 23 11 0 26 17 18 15 24 9 27 8 7 6 3 29 30 31 13 4 19 5 22 28 1 20 10 25 12
13 10 14 16 4 20 12 29 6 8 27 11 19 3 21 0 7 18 2 1 26 24 22 9 15 28 31 25 23 30 5
6 16 20 31 27 2 28 4 29 8 24 21 13 3 0 7 11 12 19 17 5 25 15 30 10 9 22 23 14 1 26
28 30 21 1 27 10 0 8 22 23 17 7 31 9 20 18 4 26 15 13 6 29 11 24 14 12 16 2 5 25 3
0 3 15 18 24 14 17 12 13 4 6 23 10 19 28 11 21 29 26 2 31 22 5 30 9 27 16 7 1 8 25
19 16 6 2 18 5 13 26 24 15 10 17 1 29 7 11 4 28 20 8 22 14 12 3 27 9 31 30 25 23 0
11 10 23 19 31 30 13 27 25 2 15 8 9 4 21 24 0 20 1 14 12 29 17 6 18 28 3 16 26 5 7
4 28 0 16 22 27 11 31 13 9 10 2 7 19 20 26 12 29 14 8 6 24 30 1 15 18 21 5 3 17 25
5 20 1 16 15 10 18 4 21 3 9 2 13 0 7 25 28 6 22 23 29 14 12 19 27 17 31 26 11 30 8
9 14 6 3 15 4 1 30 28 8 11 22 24 26 13 7 18 2 31 12 5 0 29 27 10 21 17 19 23 20 16
7 31 6 29 16 1 30 9 28 10 14 2 21 4 11 23 25 19 15 20 13 0 17 27 24 5 3 12 18 22 8
19 11 23 8 3 31 18 28 30 12 16 17 13 22 1 14 0 9 5 2 15 24 21 26 6 25 4 7 20 10 29
19 9 6 10 23 13 14 26 27 15 18 7 5 25 2 0 8 29 4 24 20 21 12 1 31 22 30 17 16 11 3
14 11 26 5 7 30 2 8 18 17 1 21 28 13 23 3 20 4 24 16 19 25 15 22 12 0 27 6 9 10 31
19 11 14 26 29 0 3 27 25 22 5 2 9 12 18 23 8 7 10 20 16 6 1 21 28 15 17 13 31 24 4
11 15 26 23 18 27 5 22 3 19 9 2 4 25 20 7 1 6 28 16 24 21 0 12 17 13 30 8 14 10 29
