15 26 14 9 30 23 1 10 8 25 21 22 4 29 2 6 20 11 5 18 16 12 3 7 31 28 19 17 27 24 13
21 24 15 28 0 8 2 11 12 10 14 9 3 29 27 18 4 20 22 16 19 23 17 7 25 30 5 13 6 26 31
9 21 28 15 22 12 10 4 13 1 31 23 8 0 24 17 26 30 3 19 11 20 7 18 6 16 25 14 29 27 5
7 25 28 6 27 15 29 23 10 17 31 1 9 19 2 13 24 21 5 11 8 16 20 14 26 0 12 4 22 18 30
13 18 23 7 24 11 2 12 30 27 28 10 0 20 6 29 1 22 21 16 17 25 15 26 9 14 5 3 31 8 19
29 15 31 11 27 10 16 20 19 30 22 7 23 13 17 0 6 3 14 12 8 4 9 25 24 1 28 21 26 2 18
9 26 15 3 14 23 22 24 19 4 0 16 12 5 7 28 17 2 31 10 18 27 20 21 30 8 1 29 11 25 13
3 20 12 13 4 18 21 30 25 5 28 29 26 11 6 23 8 2 9 31 24 17 1 16 14 19 0 22 15 10 27
15 30 17 26 13 27 21 10 31 1 0 24 2 18 20 11 29 14 28 9 7 3 22 23 19 12 5 16 6 4 25
18 2 12 0 6 27 19 17 30 14 1 22 3 15 26 11 24 4 8 31 10 16 7 20 13 25 5 23 21 28 29
13 29 11 20 5 23 2 0 3 8 21 4 1 28 19 22 25 17 30 9 27 24 6 26 12 14 16 31 15 7 18
10 24 5 17 26 12 4 22 28 18 1 14 29 20 31 15 13 0 8 9 7 2 3 23 16 21 30 25 27 19 6
25 9 24 27 16 7 2 11 31 26 4 28 21 1 18 13 6 29 14 30 23 5 17 8 20 0 3 15 10 22 19
4 10 24 8 7 25 2 18 17 30 26 23 22 20 5 11 3 12 31 16 29 9 21 28 1 19 27 15 14 6 0
15 0 26 25 29 6 31 17 9 23 11 19 1 21 16 8 5 28 30 12 3 18 24 2 4 7 10 27 22 13 20
0 31 8 14 1 5 6 2 24 3 30 20 28 29 11 9 22 17 23 4 21 26 12 19 18 16 25 10 13 7 27
27 12 23 5 28 29 21 30 17 22 31 6 4 24 19 14 18 13 26 3 1 9 2 0 11 7 15 10 8 20 25
21 8 31 29 30 11 9 18 3 14 13 24 25 16 27 2 5 15 4 28 10 6 12 20 7 1 23 19 26 0 22
4 9 22 26 17 7 13 27 20 29 11 12 1 8 16 25 0 2 14 6 23 15 19 31 3 24 21 30 28 10 5
21 29 30 27 9 20 23 5 28 6 14 26 3 10 16 2 22 25 1 24 8 15 18 7 17 13 0 4 11 12 31
29 23 7 10 19 26 5 15 30 18 11 4 13 1 0 8 22 2 3 17 9 12 25 31 6 24 28 21 27 16 14
29 2 19 1 17 8 7 24 16 10 31 12 0 28 14 4 3 26 15 25 11 23 30 6 22 13 9 27 20 18 5
18 2 6 23 30 11 5 29 0 9 16 28 25 13 4 31 20 15 10 26 24 19 8 1 12 21 7 27 3 14 17
27 20 30 4 29 6 16 10 22 0 3 19 28 14 2 13 5 24 15 7 11 12 8 25 26 1 31 18 21 17 9
1 27 13 11 12 31 4 15 6 17 21 8 29 2 23 3 16 25 22 9 26 28 30 19 14 10 7 5 20 18 0
12 3 14 30 13 0 17 26 7 22 31 4 18 24 10 19 28 21 23 2 9 29 1 20 15 11 5 8 27 16 6
30 0 31 8 29 6 18 14 11 20 12 13 25 19 2 9 7 22 4 24 21 16 15 28 3 23 10 17 1 27 5
23 24 16 9 19 12 5 8 3 18 4 17 1 28 10 6 22 2 11 14 13 21 31 20 15 26 7 25 0 29 30
29 3 2 1 16 15 19 23 11 12 30 4 21 22 10 27 7 17 8 6 14 24 25 26 0 13 20 5 9 18 31
21 20 5 28 19 17 10 23 26 14 3 18 16 22 11 0 1 24 15 4 12 7 8 13 31 30 25 2 6 27 9
26 23 31 8 0 19 17 25 9 22 15 20 5 16 4 7 13 28 2 10 14 12 24 29 21 1 11 6 18 3 27
15 30 17 26 5 24 14 12 8 21 3 2 16 11 22 25 13 9 29 6 7 23 20 4 10 0 18 1 27 28 19
