3 24 21 10 12 29 25 26 22 28 18 16 14 2 8 30 13 15 5 6 31 9 17 7 19 11 23 4 1 20 27
19 10 31 22 21 30 9 25 29 27 7 4 17 20 28 5 14 12 24 2 11 3 16 8 13 18 23 6 0 26 15
21 31 26 8 13 19 28 5 30 4 18 24 17 9 22 0 7 12 1 27 3 16 15 10 20 29 6 14 25 11 23
0 17 27 9 25 7 22 24 23 30 26 8 20 11 28 5 21 15 13 16 14 18 29 2 1 12 4 31 10 6 19
17 19 20 8 29 27 16 25 9 1 14 31 2 30 15 13 10 28 5 11 7 26 18 3 6 21 22 0 12 23 24
6 9 29 18 20 28 13 19 24 21 12 30 2 7 11 15 3 14 1 23 4 25 27 16 26 0 8 17 10 22 31
5 9 25 20 21 13 15 19 31 28 12 18 23 24 26 14 17 0 4 16 22 7 3 27 11 2 1 29 8 10 30
16 28 30 3 23 17 29 1 8 5 22 21 14 25 2 13 31 9 11 4 24 18 27 19 10 12 6 26 15 0 20
23 13 17 4 2 24 31 20 7 3 27 14 15 0 28 26 19 21 30 10 25 16 5 22 1 11 29 9 18 12 6
5 3 6 22 10 17 1 19 12 24 13 4 27 2 21 18 25 26 30 7 31 20 23 0 16 28 15 29 14 11 8
27 16 23 17 1 30 9 22 0 31 28 14 4 26 19 11 25 8 2 24 18 3 7 29 12 21 15 13 5 6 20
12 27 29 22 20 21 5 14 3 25 23 16 24 17 30 4 28 18 7 10 1 26 8 15 6 9 19 0 31 2 13
16 11 22 14 21 20 27 0 9 5 25 24 6 15 17 26 19 1 13 2 30 23 31 3 29 28 7 10 18 8 4
24 8 21 18 5 27 2 26 6 23 9 22 17 4 7 29 3 12 20 28 0 14 25 1 31 15 19 16 10 30 11
19 24 25 12 26 28 15 17 4 30 11 29 8 18 0 5 7 10 20 21 1 3 23 27 16 6 13 22 9 2 31
22 17 31 28 21 6 14 25 5 8 12 4 23 29 3 19 16 2 0 18 20 24 26 27 9 13 7 11 10 30 1
12 23 7 10 17 4 24 25 28 0 21 31 11 19 20 29 3 15 18 5 30 2 14 26 22 8 6 1 9 27 13
3 4 10 15 8 28 9 29 16 7 14 22 2 1 13 12 11 26 18 25 27 21 30 6 19 24 0 5 31 23 20
5 31 13 30 29 26 20 2 0 14 19 27 6 9 3 16 11 17 25 22 7 15 23 4 10 21 28 12 24 1 8
4 14 1 29 24 5 20 9 2 6 18 16 12 15 27 8 10 21 23 17 26 7 28 25 13 22 3 0 30 11 31
23 21 4 6 25 5 12 19 8 11 18 3 1 14 16 29 28 13 30 15 24 2 26 9 22 31 27 10 0 7 17
26 23 20 24 12 0 13 2 22 6 1 15 5 31 11 3 7 16 9 14 25 8 29 19 17 27 4 18 10 30 28
15 12 9 21 10 1 28 3 11 0 24 30 17 7 2 13 29 26 23 18 16 27 20 6 8 25 14 31 19 4 5
16 21 10 20 8 31 7 13 24 30 3 29 11 15 6 5 14 22 18 12 19 28 26 9 0 1 17 27 2 25 4
13 14 21 0 19 28 3 5 8 9 22 23 16 29 30 2 12 11 1 6 27 7 31 26 20 10 15 17 25 18 4
14 6 20 29 3 0 1 12 4 16 15 30 11 7 9 21 5 31 28 27 18 17 10 8 26 13 19 24 22 2 23
21 14 30 31 2 13 0 18 3 12 8 17 10 9 22 6 5 16 24 4 23 29 20 19 11 15 25 7 27 28 1
10 3 28 11 13 30 12 29 4 1 9 8 18 19 5 14 25 2 24 17 31 7 22 21 15 16 6 23 26 20 0
27 30 7 5 17 24 15 22 14 2 10 0 16 6 3 1 29 8 4 11 20 25 13 23 19 12 9 18 31 26 21
5 19 25 11 17 27 4 0 7 18 1 24 14 23 22 15 28 13 31 16 3 20 21 26 12 10 2 9 8 6 30
28 10 7 26 27 1 18 22 23 5 3 2 24 14 25 4 11 9 12 16 20 0 8 17 19 13 15 21 29 31 6
18 23 1 2 15 26 10 8 21 4 6 16 29 25 7 9 24 27 12 0 3 13 20 22 28 17 11 14 30 5 19
