24 6 25 14 17 12 9 16 20 8 22 29 21 27 3 10 18 26 13 2 31 7 23 5 28 4 11 15 19 1 30
31 19 18 21 20 24 25 26 15 3 8 16 12 27 14 11 9 2 29 22 5 17 30 4 6 28 10 13 23 0 7
21 18 20 30 9 5 27 22 4 3 24 12 28 14 26 10 7 1 19 31 17 23 0 13 16 8 25 15 11 29 6
11 13 26 12 19 23 18 24 20 2 15 1 9 8 7 30 22 17 21 0 10 6 28 27 14 31 29 5 16 25 4
11 23 31 5 25 20 22 21 2 14 18 30 17 8 9 24 10 15 13 29 6 28 1 0 7 27 12 3 26 16 19
26 25 12 4 22 2 16 11 17 29 28 18 10 31 23 21 13 27 24 1 0 7 20 30 19 8 6 14 15 3 9
16 28 0 26 23 19 11 18 8 27 30 20 21 17 22 29 14 24 31 4 3 13 25 12 1 15 5 2 7 10 9
11 18 27 14 24 20 26 13 3 30 12 15 2 16 25 19 9 10 0 17 28 5 22 31 21 4 29 8 6 1 23
14 31 19 20 1 18 6 22 4 3 26 27 28 0 12 9 23 30 29 25 24 2 11 5 13 15 7 17 16 21 10
30 20 2 0 3 13 14 18 19 24 17 27 10 29 4 15 23 8 25 26 1 12 11 7 31 21 22 28 5 16 6
11 31 28 17 18 30 20 23 22 13 14 9 5 29 4 2 0 3 26 15 7 16 27 19 24 21 25 1 12 6 8
10 3 18 7 4 22 6 25 5 31 1 17 16 28 15 9 29 19 20 26 13 14 24 8 21 27 30 12 2 23 0
5 14 3 19 26 13 21 0 2 20 1 31 7 15 8 16 30 18 17 24 9 23 29 22 28 6 11 4 10 27 25
29 17 3 23 16 21 12 18 28 10 9 19 30 7 5 14 4 0 31 2 22 26 11 27 6 24 8 20 1 15 25
8 12 27 19 28 30 0 17 18 15 26 7 4 24 2 9 25 10 1 31 20 13 6 22 11 23 3 5 29 16 21
17 29 14 25 19 1 20 3 22 21 27 23 9 26 31 12 7 11 4 18 10 16 24 6 28 2 8 5 0 13 30
23 17 6 19 13 5 1 0 22 20 18 27 12 11 24 25 7 29 30 31 10 15 2 26 21 28 3 9 8 4 14
16 13 10 28 24 15 29 14 23 20 0 26 30 31 4 22 9 5 11 3 25 6 12 27 2 7 1 18 19 8 21
11 1 2 10 30 7 28 14 27 3 23 19 13 29 6 22 4 8 9 16 24 5 21 12 0 31 26 15 20 17 25
1 14 3 12 16 8 6 15 18 24 30 9 13 26 23 21 2 27 11 7 25 10 28 20 5 31 22 17 0 4 29
9 1 2 31 3 17 4 10 15 8 12 0 7 16 6 24 25 27 14 29 21 11 18 5 22 30 19 28 26 13 23
2 1 4 13 26 12 15 30 31 6 3 18 19 25 5 0 20 22 28 27 16 11 10 7 9 23 17 8 24 29 14
31 5 4 2 11 10 18 15 8 16 17 28 3 25 0 23 6 27 1 13 14 12 21 29 20 7 24 26 30 9 19
28 16 24 13 4 6 3 17 29 18 25 10 30 27 15 31 19 9 5 8 22 2 12 0 14 11 20 1 21 26 7
0 23 17 1 3 2 14 29 7 19 9 18 26 4 20 27 12 16 28 25 6 8 5 15 31 11 30 13 10 22 21
5 0 1 26 4 15 23 14 11 22 20 17 21 9 16 24 7 8 27 19 29 6 2 30 10 18 3 28 12 13 31
5 3 6 31 1 25 12 14 29 21 17 28 8 7 27 24 15 19 2 9 0 18 10 11 13 16 22 20 30 4 23
14 31 7 18 2 29 6 28 1 9 15 8 23 26 16 20 24 17 0 22 19 5 25 13 21 10 3 30 11 4 12
30 23 10 6 17 14 18 13 2 27 26 8 22 5 31 11 24 4 7 29 3 21 12 0 19 1 20 15 9 16 25
13 17 23 15 26 18 24 27 31 5 9 10 0 1 8 6 20 11 4 16 12 25 28 22 3 30 7 2 14 21 19
28 9 18 14 2 10 17 23 4 31 19 21 13 6 7 3 12 8 16 1 24 20 5 27 25 22 26 29 11 15 0
10 22 1 27 26 20 4 8 30 17 12 29 11 14 23 21 15 28 5 2 18 6 13 0 16 24 9 7 3 19 25
