22 3 11 10 21 15 28 2
3 16 17 35 10 33 6 31
30 20 36 11 34 6
15 35 17 9 31 4
7 27 19 31 0
15 10 4 13
31 35 15 27 16
0 33 1 5 10
28 31 9 25
10 33 22 2 3 15
2 36 23 21 31 0 14 19
17 1 16 15
13 15 20 16 21 10 34
21 32 22
24 29 34 8 21 16 12 10
30 9 26
12 13 29
39 25 32 20
7 9 12 1 32 37
9 10 4 23 21
26 19 8 17 32 25 12
31 25 8 14
8 12 11 24
25 38
37 20
19 0 22
39 11 2
37 7 5 11
19 4 8 29 3 14 27 24
18 27 8 13
21 36 15 35 5 23
7 38 23 28 35 8
23 35 24 8 27 22 12 10
34 27 28 35 16 11
28 18 25 31 8 23 6 12 19
34 6 25
18
1 35 9 0 15
1 9 14 15
17 10 24
