7 38 24 6
11 4 28 3 24 2 12
5 30 14 34
28 1 0 29 19 35 18
11 12 33 35
37 23 19 6 17 1
39 24 9 31
33 36 20 38 2 0
4 6 24 34 3 0 21
36 33 34
5 11 17 34 33
21 7 13
14 20 31 33
29 17 25 18 32
16 1 34 35 3
20 38 37 39 11 18 16
33 13
32 7 24 25 4 27 21
9 26 0 20 11 5
5
32 15 21 0 3
33 30 3 11 14 35
27 17 37 34
27 39 21 19 13 14
2 13 18 1 14
33 12 36 6 2 14
20 0
1 9 6 30 15
9 24 5 25
17 6 35 34 30 20
36 8 14 9 11 16 26 27
32 2 1 7
4 29 39 0 13 9 38 20
10 23 14 39 17 18
36 10 29 14 17 31
4 30 20
18 32 7 20
20 23 18 30
11 32 31 29 12 14 20
5 7 25 20
