13 3 9 31 14 23 20 6 32 7 34 33 28 30 11 37 15 19 16 5 10 21 8 25 26 18 39 36 27 1 4 35 24 2 22 38 29 12 17
2 30 12 16 34 32 24 29 9 27 4 33 31 19 26 18 23 10 38 25 20 8 3 39 22 14 15 13 36 7 0 35 5 17 6 11 37 28 21
1 34 26 39 6 13 21 18 5 7 4 11 33 28 14 8 17 37 30 31 25 20 9 24 19 23 16 35 3 10 12 29 36 27 0 22 32 15 38
12 35 6 19 4 0 8 14 33 24 9 38 23 27 28 29 15 11 39 20 21 25 22 1 31 37 7 30 2 34 17 36 18 16 13 5 32 26 10
19 6 20 8 25 3 24 2 1 30 15 29 36 22 21 23 38 10 33 32 13 16 28 5 18 0 11 7 26 35 17 14 34 31 9 12 37 27 39
25 23 34 20 28 6 2 17 26 27 24 39 31 29 36 32 30 21 7 11 0 38 35 18 4 22 19 9 15 13 8 1 37 16 3 10 14 33 12
24 3 4 7 2 5 25 0 34 38 27 33 10 28 13 16 11 8 18 36 22 37 17 39 12 9 14 23 30 32 21 15 20 1 29 31 19 26 35
13 6 23 24 2 39 31 29 22 20 35 0 17 36 33 28 38 5 30 21 19 3 34 9 32 16 1 37 10 4 14 26 27 15 11 25 18 8 12
14 28 4 13 3 34 18 25 10 2 33 37 21 12 32 35 6 30 20 31 38 11 1 9 39 0 19 16 26 17 23 29 15 5 27 22 36 7 24
37 35 16 19 0 18 1 25 36 23 3 22 15 10 12 14 2 31 39 30 11 8 24 32 6 34 7 27 5 38 29 33 13 21 28 4 26 20 17
21 31 14 15 20 16 8 12 11 6 36 1 17 9 26 39 13 34 4 28 0 29 23 24 25 19 32 2 7 27 30 33 22 18 5 38 3 37 35
24 16 17 2 23 19 37 18 10 35 32 6 15 20 38 34 33 3 0 9 26 5 8 31 27 39 13 28 25 12 36 21 4 29 22 7 30 14 1
3 27 21 33 1 14 20 32 30 10 35 29 19 8 25 9 16 26 6 28 11 2 22 24 31 38 17 34 36 18 37 13 23 0 4 15 5 39 7
0 27 34 7 8 14 39 2 18 28 33 6 23 20 10 21 26 16 29 4 15 11 1 19 38 22 3 36 5 32 35 9 17 37 31 24 30 12 25
26 8 10 18 13 12 25 0 3 33 21 2 24 37 36 9 38 20 19 32 1 6 30 35 31 34 27 23 29 28 7 17 4 39 11 16 15 5 22
23 10 16 39 26 29 28 4 33 9 19 11 22 37 3 34 25 0 31 30 13 36 32 1 35 5 27 20 8 6 24 7 2 17 21 38 14 12 18
11 24 9 1 17 15 30 10 39 23 28 6 31 12 27 25 36 21 0 13 34 18 33 2 19 4 8 7 32 22 37 35 3 29 20 38 5 14 26
11 16 5 38 24 39 19 2 28 32 34 31 18 7 10 36 27 20 6 35 30 8 22 3 21 25 37 29 12 13 1 4 26 14 33 15 0 9 23
31 22 23 14 26 2 13 9 8 29 11 19 21 1 17 32 37 38 33 6 28 36 34 25 35 16 0 5 30 4 39 3 24 20 27 12 10 7 15
31 4 3 9 20 11 17 25 18 12 1 23 15 32 34 30 2 24 0 21 33 14 35 7 16 8 36 29 10 39 13 5 28 22 27 38 37 26 6
5 4 10 12 19 25 0 29 7 2 1 11 8 34 37 13 3 17 14 30 27 39 23 35 21 36 32 31 15 22 18 33 16 6 28 24 26 38 9
12 10 2 29 27 14 22 28 18 8 38 33 37 4 5 32 13 16 19 3 31 0 25 7 20 23 39 6 11 24 17 9 26 15 34 30 36 35 1
18 24 31 32 7 21 9 4 15 23 6 25 36 28 30 3 1 38 26 33 12 5 16 27 17 13 20 19 2 0 29 39 8 11 10 34 37 14 35
5 15 18 7 27 33 0 11 9 31 30 16 19 3 13 1 38 26 32 28 36 22 4 2 20 29 35 10 21 6 25 8 24 14 34 12 37 17 39
11 22 6 16 7 25 4 27 33 1 17 5 14 3 39 36 2 26 35 19 34 38 9 31 30 29 10 28 32 12 21 0 23 18 15 37 20 13 8
38 5 31 4 24 14 27 20 6 8 9 26 19 28 34 2 12 1 32 15 22 16 35 18 37 3 30 21 0 33 39 10 11 36 23 29 17 7 13
14 2 36 37 29 18 5 15 38 25 1 27 23 32 24 31 10 13 11 12 39 0 22 28 8 35 34 4 7 30 17 21 20 3 9 16 19 33 6
12 35 13 32 36 34 23 25 21 24 5 1 29 6 33 26 3 16 28 17 11 20 30 9 0 14 22 15 10 8 2 39 18 7 19 31 37 4 38
8 5 13 35 15 2 21 25 17 38 6 16 30 3 7 23 0 27 18 22 10 29 12 24 4 31 11 26 32 19 33 34 14 9 20 39 36 37 1
32 39 26 18 21 20 15 1 7 27 12 30 4 3 5 37 31 13 34 28 23 24 10 19 2 38 8 25 11 9 17 35 16 14 22 36 6 33 0
1 38 36 12 16 34 4 2 32 23 29 28 8 35 9 0 5 19 15 7 22 20 25 27 24 3 14 6 17 18 31 33 10 37 26 11 13 39 21
18 19 10 25 22 0 7 1 37 32 23 17 2 39 35 34 16 9 5 26 36 8 15 29 11 33 21 24 3 28 14 12 30 20 13 38 4 27 6
29 27 38 22 1 12 17 31 0 30 8 18 11 37 39 26 25 19 23 5 21 4 9 15 14 7 10 28 24 16 6 20 36 13 33 34 2 3 35
12 23 34 24 14 2 1 8 37 13 27 3 6 15 36 21 7 0 18 11 39 4 19 38 31 16 25 35 22 28 30 9 20 32 10 17 29 26 5
2 5 13 27 33 8 1 30 6 17 25 36 0 39 37 31 20 11 15 19 24 10 18 16 29 35 9 7 14 3 28 38 26 12 23 32 4 22 21
27 38 9 3 37 28 39 12 7 11 31 8 24 36 30 25 18 19 34 20 23 2 5 33 17 14 15 0 16 26 1 13 29 4 10 22 32 21 6
27 26 30 39 9 33 34 10 37 7 14 4 24 23 31 5 35 6 17 22 16 18 15 19 25 0 1 11 20 3 32 13 2 38 12 29 28 8 21
9 26 35 38 11 33 31 8 39 2 21 36 14 32 34 18 20 15 0 6 29 25 3 7 16 17 5 30 13 24 12 1 28 23 19 22 4 10 27
25 35 32 30 37 17 26 6 28 3 21 23 1 18 11 14 7 4 8 39 5 33 24 22 29 13 12 9 34 36 16 31 2 0 15 19 20 10 27
2 29 13 15 7 36 35 17 16 5 37 31 24 34 32 9 10 3 33 38 26 6 8 20 1 11 25 21 0 19 18 27 22 28 14 30 4 12 23
