6 9 13 4 26 14
24 16 34 12 15 9 29 19
28 37 30 0
21 37 12 14 28
2 6 26 3 14 13 20 23
15 23 1 3 17 22
9 3 13 37 10 16
24 19 12 13 10 26
33 27 23 16
25 38 1 32
6 8 19
24 36 20 39
25 21 14 36 37 0 7 4 20
32 3 30 0 7 17 4
30 2 25 35
0 10 12 28 36 24
38 5 15
20 0 33 13 29 34 15 21 7
5
37 3 1 29 9 25 34 26 12 14 15
2 4 25 38 3
28 27 35 16 1 2
7 5 15 6 20 12
8 21
39 32 35
7 38 2 12 16 17 29 35 18
13 38 18
36 37 38
27
36 39 31 26
15 4 17 11 26 8 18 32 29
28 10 15
16 15
20 31 38 4
0 18 23 14 33 20 36
22 3
29 17 13 5
27
11 5 2 25 26 18 8
10 19 14 18 24
