4 8
20 6 27 24 2
10 33 11
35 31
1 26 17 19 25 35
10 11 17 4 37
9 20
10 31 23 5 20 28 34
11 27 38 6 33 29
0 27
19 33 25 1 39 36 21 26
9 24 16 25 4 14 32 35
14 28 17 24 31 30 2 1 19
17 6 19 8 16
10 28 8 17
22 33 31 12 25 13 7 9
24 38 25 26
21
29 2 15 6
24 23
16 32 31 0
9 32 26 19
30 32 6 31
20 12 38 16 2 22 31 7 35 30
13 20 34 31 16
19
1 4 10 20 23 5
36 7 28 33 37 23 21 8 9
37 17 24 9 25
3 18 17 11 34 26 9 38
34 7 33
18 32 20 3 13
17 23 9 35 22 39
19 32 17 39 18
16 1 25 9 8
7 1 17 9 10 27 16 28 21 5 38 13
19 17 28
24 8 30
39 16
19 21 10 28 11 26 20
