10 33 38 35 30 3 13 21 18 5 27 22 37 9 16 14 26 39 25 8 4 20 23 34 31 24 2 29 32 7 15 28 11 19 17 6 12 36 1
22 16 32 8 38 31 6 12 9 20 5 13 29 33 35 19 17 2 27 39 14 28 23 30 34 10 7 37 36 4 15 3 21 25 24 26 18 0 11
27 28 36 33 31 5 30 13 25 10 21 8 39 34 24 37 1 20 17 23 19 4 29 0 26 38 16 22 6 18 15 11 12 14 35 3 32 9 7
35 28 15 34 19 37 0 9 25 14 38 24 13 33 32 36 11 5 39 10 20 21 29 23 31 18 7 4 12 1 22 17 26 30 16 27 6 2 8
27 28 38 5 29 18 34 12 16 37 35 20 30 0 21 9 7 26 2 23 15 25 36 19 8 1 17 32 14 39 3 31 6 33 13 10 11 24 22
29 31 4 6 10 25 37 2 13 15 0 1 21 3 16 17 20 38 19 22 9 35 36 30 7 27 39 24 18 12 8 26 28 14 11 23 33 32 34
5 21 1 10 16 24 7 28 32 37 13 30 26 31 39 8 19 34 38 22 18 33 29 14 25 35 9 27 2 4 17 23 0 36 11 3 12 15 20
35 8 28 20 21 26 6 37 29 23 18 4 30 1 34 16 17 5 0 3 31 9 11 15 12 22 38 39 10 24 19 32 14 25 36 27 2 33 13
10 14 28 27 25 7 33 23 1 39 31 9 2 16 21 12 35 6 15 20 22 11 34 0 13 18 17 4 30 19 5 32 29 26 36 24 38 3 37
25 34 35 8 12 3 17 28 32 11 14 27 1 19 0 16 29 4 10 5 13 31 30 24 7 37 39 6 38 26 23 18 33 36 21 22 15 20 2
8 28 37 5 0 16 35 6 2 29 17 19 26 12 30 3 20 15 9 13 1 22 36 27 31 23 32 18 21 38 4 11 24 7 33 25 34 39 14
15 33 25 23 19 12 9 34 36 21 30 31 39 16 32 17 26 29 3 20 8 24 37 38 7 0 18 35 5 2 22 10 13 6 27 4 1 28 14
18 24 28 15 14 35 25 16 4 9 11 23 1 8 37 33 10 29 21 20 27 38 39 5 3 30 34 31 7 2 26 36 0 32 19 13 22 17 6
37 22 19 0 2 5 39 31 32 6 1 27 3 33 23 38 26 25 8 30 10 9 21 16 4 18 28 11 24 36 20 12 15 34 17 35 14 29 7
16 8 26 34 37 39 12 23 35 20 30 32 33 21 9 3 25 28 0 15 1 17 6 4 18 5 24 38 22 36 2 19 7 27 10 29 13 31 11
11 27 37 26 3 12 16 33 5 21 23 8 18 14 10 4 22 17 0 39 19 32 31 1 30 28 35 29 24 7 38 34 20 2 25 9 13 36 6
14 1 12 17 15 18 10 23 4 6 39 32 36 8 37 11 27 22 0 21 31 9 20 5 25 29 30 38 7 2 24 34 19 13 26 28 3 33 35
35 36 30 18 16 37 32 9 26 10 20 23 11 1 34 5 25 27 2 14 8 15 33 7 38 19 4 22 39 6 21 24 31 0 3 29 13 28 12
12 34 20 17 4 28 16 27 39 24 33 0 26 36 21 15 7 8 30 6 3 35 23 5 29 14 11 22 2 9 10 25 13 38 19 32 1 31 37
31 3 24 11 13 22 9 36 30 33 10 1 39 6 5 21 27 2 37 4 34 29 20 15 17 8 25 35 38 16 26 23 0 18 28 7 32 12 14
31 26 37 18 14 7 21 1 17 27 22 34 33 8 11 4 38 16 5 2 3 35 12 10 23 0 29 39 32 25 19 36 30 15 24 28 13 9 6
32 37 22 6 7 25 0 14 20 2 11 15 8 5 27 38 16 39 18 12 33 3 29 4 19 30 23 31 13 35 24 36 28 26 10 17 9 1 34
34 1 37 21 13 35 23 19 0 20 16 39 8 31 27 36 5 33 28 6 15 32 10 26 30 17 2 18 3 7 29 14 9 11 25 24 12 38 4
37 34 33 38 8 11 14 28 16 12 36 22 7 15 17 27 26 31 13 30 20 2 0 1 3 4 21 32 18 10 9 29 19 24 5 6 35 39 25
37 12 25 32 19 18 36 6 29 38 3 39 2 33 26 0 11 27 21 5 9 34 16 15 14 8 23 20 17 10 31 30 22 1 13 7 4 35 28
8 24 9 30 5 11 12 26 21 39 33 2 29 38 3 14 34 27 0 28 17 13 16 20 4 32 36 6 19 31 18 37 15 1 35 22 10 23 7
14 29 20 15 25 7 33 18 39 17 34 6 11 23 27 0 10 30 13 24 4 31 32 35 38 2 22 28 37 5 8 9 21 19 16 3 12 1 36
2 4 8 15 18 32 0 9 31 20 16 23 21 38 13 26 25 22 1 29 36 39 17 33 12 19 24 5 35 10 6 30 28 34 3 11 37 14 7
4 29 8 2 38 12 10 3 35 18 7 23 34 31 36 9 39 6 14 25 1 22 30 26 0 15 5 21 37 32 27 13 16 20 19 33 17 24 11
28 5 35 26 4 38 33 25 32 10 24 7 30 1 11 12 34 9 27 21 20 3 16 2 37 0 6 19 18 36 8 15 23 22 17 39 31 14 13
38 17 25 14 0 39 34 2 36 11 6 29 19 37 26 10 23 4 33 31 18 13 21 16 1 9 7 5 8 28 22 15 35 12 20 27 24 32 3
34 5 20 19 38 37 8 2 1 28 13 11 27 6 39 23 16 22 30 26 0 21 3 9 33 15 7 25 10 32 12 4 35 36 17 24 29 18 14
21 1 24 36 27 14 17 9 16 35 29 6 13 11 34 33 3 37 26 20 23 25 22 0 15 4 31 8 10 28 39 18 30 38 19 5 12 7 2
23 8 11 2 0 18 15 14 26 25 29 38 1 12 19 3 32 13 20 21 24 30 27 34 22 35 6 17 31 4 9 37 39 5 10 28 16 36 7
22 31 23 18 14 35 3 9 4 28 30 37 11 36 26 25 2 20 32 17 8 29 6 33 0 1 7 19 24 16 12 38 15 39 21 27 10 13 5
17 3 7 29 34 28 12 9 14 10 0 37 22 32 8 1 4 39 20 5 26 33 21 18 36 6 27 30 19 15 11 31 25 23 2 24 13 38 16
17 2 32 24 28 30 18 23 34 11 16 19 39 3 27 22 37 4 5 25 35 1 10 20 29 21 38 8 9 31 14 6 13 12 0 26 7 33 15
23 13 24 22 21 10 14 20 31 15 5 17 3 34 35 7 0 6 16 4 12 30 2 32 36 19 29 39 1 38 11 9 26 28 25 33 27 8 18
30 4 28 31 39 23 1 0 29 33 25 24 3 27 21 13 20 5 26 6 12 16 37 17 2 11 9 19 34 36 15 14 7 10 8 18 32 22 35
38 14 8 18 30 25 26 13 28 16 2 11 24 6 31 36 19 22 21 0 35 3 1 27 20 37 5 15 12 9 4 17 34 33 7 32 23 29 10
