38 12 35 17 39 21 6 29 16 37 5 3 24 11 30 20 36 32 27 26 28 8 13 15 25 18 2 34 14 33 10 7 23 1 4 22 19 31 9
37 24 33 20 13 25 28 22 38 27 4 30 21 8 10 18 29 14 6 7 2 5 34 23 39 17 11 0 15 32 16 26 36 35 12 19 9 3 31
39 15 36 23 16 12 27 7 28 34 24 35 26 19 29 13 10 33 3 30 0 31 18 8 6 5 1 9 17 14 37 25 22 32 21 11 20 38 4
16 26 30 23 29 14 11 38 39 0 37 24 13 18 17 31 33 28 8 2 22 32 9 5 34 19 10 6 21 36 25 12 20 27 1 7 4 15 35
14 6 22 38 31 29 37 21 17 5 9 13 25 1 7 8 10 33 30 35 28 23 19 18 26 34 39 15 27 11 32 20 0 24 3 2 36 16 12
16 22 18 6 35 0 31 4 39 10 30 15 7 17 26 13 11 38 28 23 21 3 27 20 2 25 9 34 36 19 1 12 37 32 33 29 14 8 24
28 14 20 4 5 13 36 11 37 0 21 9 27 22 29 26 18 31 16 12 35 10 34 7 39 19 1 2 17 24 32 15 23 3 38 30 8 33 25
29 39 21 32 2 36 12 25 26 15 14 9 8 5 16 4 31 34 33 19 6 35 1 23 18 38 11 17 22 0 24 28 27 20 37 30 3 13 10
12 25 31 13 22 39 19 28 21 7 33 11 20 4 18 36 1 9 0 38 3 27 30 23 2 32 29 14 15 37 17 6 24 16 26 35 34 5 10
31 23 35 17 30 6 25 10 34 39 26 16 4 14 27 7 19 36 12 37 29 18 8 20 3 13 15 28 22 5 2 21 24 38 1 32 0 33 11
13 23 11 35 21 14 25 31 9 37 34 39 26 12 16 28 5 36 17 2 6 1 4 15 29 22 18 30 3 0 19 32 27 38 24 20 33 7 8
33 13 6 10 22 17 30 3 27 28 12 29 36 14 21 0 8 39 5 31 20 34 26 7 15 23 32 1 16 25 4 35 24 18 19 38 2 37 9
8 21 0 22 25 2 7 11 33 32 34 10 6 9 18 30 27 20 23 17 36 28 29 5 24 14 15 19 26 13 38 3 39 1 37 31 35 16 4
18 10 30 11 6 1 14 8 26 21 38 19 23 3 31 20 15 4 35 36 28 2 5 17 27 0 24 9 33 16 37 25 34 29 12 39 32 7 22
6 4 31 13 26 10 3 22 33 30 38 11 9 15 7 36 34 19 28 27 35 20 25 1 24 23 0 21 39 2 8 12 32 17 18 29 5 37 16
2 16 33 19 23 37 29 24 7 14 38 13 5 34 0 10 18 31 21 26 32 9 25 30 35 17 20 28 6 11 4 8 39 12 27 1 22 3 36
15 5 3 24 21 27 2 0 9 29 19 35 22 25 10 6 7 36 33 34 28 38 13 23 31 39 37 30 17 18 20 11 1 8 32 12 4 26 14
38 34 0 11 36 9 39 4 33 20 24 22 31 3 10 5 19 13 30 32 21 23 12 29 26 6 15 18 2 25 7 1 16 28 27 14 8 37 35
13 5 39 20 34 27 26 31 21 35 23 6 24 3 19 38 8 12 9 1 15 0 22 2 4 10 36 33 17 7 32 28 30 16 14 11 25 37 29
20 15 32 34 21 30 25 26 16 39 13 22 8 31 14 24 2 18 9 17 7 28 29 4 6 36 37 3 5 33 23 27 10 35 12 11 1 0 38
31 19 6 1 18 33 36 21 39 37 17 22 13 0 32 8 9 14 11 26 12 5 38 15 7 16 25 10 28 27 4 35 30 34 3 2 23 29 24
35 12 34 7 26 32 16 10 0 6 19 4 36 13 18 20 11 39 8 37 29 23 1 24 17 5 15 27 33 38 30 14 9 22 3 28 2 31 25
5 26 4 11 33 8 12 14 1 6 25 16 20 19 17 23 39 38 37 36 27 18 10 3 34 9 32 7 35 2 21 24 28 15 0 30 31 29 13
10 32 9 3 2 15 18 38 26 36 30 13 22 33 25 35 31 21 28 27 4 5 37 29 17 8 12 7 14 16 24 19 6 11 0 1 39 34 20
1 33 16 29 26 28 25 34 2 36 37 0 30 15 17 3 18 19 31 21 39 14 13 6 32 23 35 12 7 9 22 38 10 27 11 8 4 20 5
8 1 37 24 12 10 9 7 19 22 38 23 16 33 4 34 36 31 39 0 32 14 15 5 27 13 17 28 2 30 20 11 35 26 3 29 18 21 6
28 22 3 24 21 32 14 36 18 13 7 9 19 23 10 6 37 2 38 39 5 31 0 29 15 20 17 34 4 11 30 27 35 33 1 12 25 8 16
38 36 39 18 16 11 2 6 1 9 33 30 29 14 0 13 22 23 34 28 12 8 21 5 31 25 26 19 10 35 7 15 4 17 20 24 32 3 37
6 26 1 24 11 2 35 8 39 36 10 29 23 13 14 3 0 37 16 19 27 5 4 30 32 12 9 18 15 33 25 34 7 21 17 22 20 31 38
7 24 3 4 0 35 11 6 32 16 31 15 38 39 21 27 28 2 30 9 36 37 26 10 1 19 23 17 12 8 13 34 33 5 14 25 22 20 18
37 13 3 11 39 9 19 14 35 24 23 0 5 1 27 29 36 17 12 4 2 8 28 21 31 34 15 26 10 38 16 18 25 32 7 6 20 22 33
9 20 14 8 4 37 39 10 18 32 29 5 33 19 17 13 34 23 6 7 26 3 38 24 25 15 11 2 30 36 27 16 21 35 28 0 22 12 1
21 23 26 33 7 19 38 31 29 12 35 20 0 17 34 36 25 3 28 15 8 6 37 22 24 18 5 39 10 30 11 2 14 1 4 27 16 13 9
11 24 1 32 22 15 37 38 14 20 17 12 34 36 31 23 25 8 27 2 7 35 3 16 4 21 13 18 19 0 28 29 26 6 5 10 30 9 39
21 17 18 19 24 2 9 33 10 12 14 31 7 25 6 36 35 15 32 16 27 39 3 30 26 11 0 22 5 13 4 37 1 29 28 38 20 8 23
21 36 0 10 9 5 28 29 18 30 16 2 23 32 13 6 39 14 33 34 4 37 7 15 24 26 22 27 19 25 11 31 1 20 8 38 17 12 3
35 6 27 2 38 26 17 7 21 24 20 33 11 23 14 28 0 10 16 13 9 25 22 30 34 29 8 32 19 31 18 12 5 37 1 3 39 4 15
1 30 25 33 6 4 31 0 15 10 24 20 3 26 39 21 22 9 28 29 35 23 19 13 32 34 38 5 16 2 7 8 36 17 18 12 14 27 11
27 0 17 4 39 36 33 1 32 3 13 14 23 25 22 15 29 26 18 31 5 8 21 16 20 7 30 37 6 10 9 24 34 12 11 28 35 2 19
2 7 18 0 27 38 30 17 31 9 3 20 8 10 19 5 21 28 22 37 29 26 35 11 6 25 34 24 14 4 16 32 1 15 23 12 13 36 33
