36 37 39 4 28 10 12 15 26 19 21 32 5 3 16 6 20 31 35 24 23 8 27 18 29 25 34 30 9 1 11 14 17 33 13 38 22 7 2
39 22 3 14 6 23 32 4 12 29 36 9 37 13 5 11 25 17 20 31 15 10 35 30 18 19 33 26 21 28 27 0 8 24 38 7 34 2 16
23 24 29 7 14 5 26 17 3 28 38 9 18 31 35 22 32 34 4 25 27 12 39 19 11 13 8 21 33 6 37 16 10 20 30 0 1 36 15
11 9 18 8 23 1 21 20 25 32 22 31 38 24 7 10 2 0 36 5 16 13 33 34 4 6 17 14 15 26 30 29 12 39 37 27 19 35 28
14 5 30 16 32 0 26 6 8 33 23 13 9 1 28 11 39 20 15 24 35 2 37 3 10 38 19 27 31 21 7 34 17 25 12 36 29 22 18
39 4 31 13 23 12 37 2 24 15 30 16 7 11 8 9 36 26 0 28 35 17 1 20 33 3 27 21 38 34 10 19 25 22 29 18 14 6 32
29 20 35 36 34 4 30 1 19 33 38 13 8 15 23 31 10 0 11 14 27 3 25 32 7 21 12 16 9 17 24 37 18 2 28 26 22 5 39
9 39 2 31 21 23 37 25 32 5 13 15 3 16 38 17 36 8 20 22 35 11 14 33 29 10 6 12 4 19 26 34 18 24 27 1 0 28 30
21 3 20 30 4 34 33 29 9 24 15 14 26 5 12 27 6 39 11 7 16 10 35 0 22 32 31 17 13 18 25 28 2 36 38 1 19 37 23
12 3 7 10 23 14 28 15 8 11 32 4 16 21 22 5 13 1 2 31 34 38 30 29 20 33 26 6 19 24 27 25 0 39 37 17 18 36 35
16 34 9 37 31 21 32 0 12 28 24 20 30 3 13 25 6 8 1 4 18 39 5 7 19 27 33 36 35 15 23 22 29 26 38 2 17 11 14
3 37 20 17 16 18 32 9 31 35 14 5 4 39 28 1 12 8 30 6 7 13 27 23 22 29 2 33 15 36 19 0 25 34 38 21 24 10 26
9 30 27 21 36 14 20 5 23 34 29 10 0 39 38 22 31 37 17 13 25 1 8 11 15 32 19 33 2 7 6 16 3 35 24 4 26 18 28
21 35 32 5 22 26 4 12 34 36 19 20 7 38 9 6 23 17 1 10 37 18 33 3 16 39 30 11 8 2 24 27 28 15 14 29 0 25 31
35 4 24 37 12 38 36 33 2 9 30 17 1 28 8 39 22 11 26 18 29 6 34 7 16 23 3 31 21 20 25 32 15 0 5 27 13 19 10
38 22 23 35 18 28 9 25 5 8 0 17 32 7 4 20 26 27 6 12 1 39 37 36 21 29 3 10 11 19 13 14 31 34 33 30 16 24 2
10 21 37 32 4 11 22 36 9 5 20 23 33 29 7 18 3 0 28 24 8 27 13 14 6 39 34 12 17 30 31 25 19 26 2 35 38 15 1
28 11 27 21 32 37 23 14 29 12 15 2 26 13 5 1 7 36 33 34 19 3 8 31 6 16 18 4 20 38 22 39 35 0 24 9 30 25 10
3 23 36 31 24 30 11 15 22 33 38 25 35 32 14 2 13 16 10 26 8 1 34 0 6 28 39 17 20 29 7 5 27 37 21 12 9 4 19
38 31 34 6 26 13 0 33 21 39 29 12 23 27 17 4 2 10 1 32 20 30 7 22 9 5 35 11 15 16 8 36 28 37 3 14 24 25 18
27 6 12 11 8 3 22 21 38 33 24 29 16 10 13 4 26 15 39 5 28 32 1 30 36 0 7 9 35 23 19 37 25 14 34 17 18 31 2
12 13 35 8 16 10 3 17 7 27 20 28 39 9 0 34 19 37 29 33 5 30 38 32 6 15 4 25 31 2 26 22 14 1 11 23 18 36 24
1 35 13 26 15 31 38 36 20 16 18 33 12 3 23 14 9 37 30 34 24 2 29 7 32 8 25 11 27 19 5 21 17 10 28 6 39 0 4
2 3 18 32 27 5 39 9 12 15 7 17 38 1 4 22 16 13 31 36 28 24 6 30 35 19 26 0 14 20 11 37 10 29 25 21 33 34 8
27 14 2 18 35 5 33 36 10 8 32 20 3 22 30 4 23 34 16 28 0 29 31 39 37 6 9 13 12 1 7 38 25 17 26 15 11 21 19
26 38 3 30 15 7 37 12 18 10 1 32 36 2 6 22 28 8 29 27 21 31 20 5 16 14 4 0 9 39 11 23 24 35 33 17 13 34 19
25 22 4 36 2 13 28 0 19 14 8 20 15 5 17 35 23 30 29 27 18 9 31 3 7 21 1 37 32 38 34 33 6 16 12 10 39 24 11
24 12 39 20 23 17 36 21 30 15 8 29 5 6 16 19 2 34 26 4 10 0 11 22 32 25 9 33 13 37 28 31 35 1 38 3 18 14 7
17 30 39 0 9 10 15 26 21 14 4 31 32 34 11 5 2 23 20 16 24 36 25 8 37 29 38 18 6 1 27 13 22 35 19 33 3 7 12
39 6 2 12 31 30 36 17 8 20 1 27 16 19 21 14 35 9 22 26 34 7 24 15 32 11 25 28 5 38 37 0 3 18 10 23 33 4 13
12 4 28 34 14 8 6 18 36 29 25 27 5 10 22 24 32 23 11 20 9 31 21 26 13 1 35 33 19 16 3 39 37 0 38 17 15 2 7
5 7 18 34 10 22 36 29 19 12 11 3 28 33 23 2 9 6 30 1 0 32 8 24 4 17 38 39 14 26 25 21 35 16 27 15 20 37 13
13 23 16 4 10 37 17 3 38 11 9 7 1 24 15 39 28 0 18 30 34 20 25 12 2 22 31 21 8 6 29 19 27 33 36 26 35 14 5
35 14 24 8 4 22 6 18 20 19 16 31 37 36 5 13 21 12 3 17 7 9 38 1 30 10 32 2 27 11 34 26 29 39 0 15 25 23 28
10 30 31 12 6 19 8 36 13 22 28 21 39 32 9 24 2 3 14 5 17 27 29 18 16 4 37 35 38 20 33 0 26 7 11 15 23 25 1
33 14 21 13 22 6 15 24 11 18 26 5 2 4 39 38 29 23 0 7 8 20 1 30 10 34 19 31 12 36 32 27 28 37 17 16 25 3 9
12 14 0 18 6 37 31 26 22 38 27 30 29 24 16 34 13 5 1 23 33 3 39 20 7 25 17 15 28 10 32 8 11 35 4 19 21 9 2
14 16 11 0 10 32 36 17 5 7 12 25 22 1 33 13 21 4 15 20 28 34 24 39 6 23 29 26 30 3 27 2 35 18 9 8 19 31 38
25 15 14 19 22 36 23 12 32 20 18 6 3 13 2 7 35 9 5 4 21 33 31 28 34 29 17 8 26 27 30 10 1 11 24 16 0 37 39
29 1 5 27 7 23 0 28 12 21 14 4 32 11 20 34 8 35 19 36 15 10 13 2 16 24 31 37 18 30 3 17 25 22 9 33 26 6 38
