8 20 21 31 9 19 15 13 3 11 39 30 18 25 1 17 28 4 14 7 16 22 36 10 37 26 2 24 6 5 33 38 27 32 34 12 23 35 29
28 37 15 17 8 21 22 31 3 29 20 27 18 6 33 0 25 12 19 30 38 11 34 4 36 16 23 2 9 13 14 24 32 39 10 7 35 5 26
23 20 19 10 15 17 35 11 18 26 6 25 22 33 39 16 7 21 29 34 38 4 8 13 32 36 31 0 37 24 27 3 1 9 12 28 14 5 30
18 36 28 6 4 17 35 29 37 10 24 0 12 7 1 32 25 21 26 8 20 38 27 5 13 23 39 34 15 11 9 16 22 30 2 19 31 14 33
36 34 26 3 32 12 22 17 37 38 9 33 20 25 2 27 0 7 35 8 18 31 5 10 1 11 15 13 29 24 28 14 21 6 23 39 19 16 30
35 18 13 26 6 10 14 37 12 15 28 8 19 27 16 34 20 30 39 23 17 7 21 29 32 24 3 22 4 36 31 9 11 38 0 33 1 25 2
39 3 34 36 8 21 29 5 12 18 2 9 33 28 23 25 19 20 1 10 38 31 30 7 32 24 13 35 0 22 37 11 26 27 17 4 15 14 16
8 35 26 37 33 30 36 34 25 17 19 9 13 24 3 20 2 39 5 16 14 12 6 4 0 15 32 38 22 23 18 11 31 29 10 1 27 21 28
0 7 33 36 23 6 25 13 9 1 5 34 19 38 10 14 32 39 2 31 20 3 26 21 11 27 24 30 4 37 18 28 22 12 29 35 16 15 17
10 18 36 11 0 6 8 23 37 7 4 12 20 16 24 14 15 30 32 22 28 33 19 31 26 39 3 21 5 17 13 1 35 38 34 2 27 29 25
9 24 2 30 16 32 27 14 22 15 5 33 35 18 3 17 23 8 20 13 19 6 31 26 38 21 29 0 34 4 37 28 25 36 39 12 7 1 11
36 21 2 13 9 20 33 27 22 0 26 38 15 30 23 37 35 8 19 17 29 28 34 3 1 39 4 31 7 25 5 6 14 32 18 16 24 12 10
18 24 16 25 23 39 28 4 6 33 5 35 27 3 20 9 26 1 36 7 19 22 17 38 13 14 21 2 29 10 8 32 34 37 0 11 30 31 15
36 5 11 35 29 19 8 30 17 0 7 23 18 22 32 39 10 15 31 27 24 16 38 21 2 28 12 3 6 37 25 34 4 9 1 20 26 14 33
35 21 28 10 30 32 33 5 17 20 27 8 24 39 9 7 31 0 29 23 25 16 12 34 19 38 4 1 18 36 11 22 2 26 13 3 37 6 15
30 36 2 24 23 33 10 16 0 5 1 21 32 39 37 11 35 38 13 17 28 22 27 25 9 26 7 18 3 4 31 19 29 34 20 6 14 8 12
30 12 34 35 39 10 15 38 27 26 24 2 5 17 19 9 33 7 37 13 23 0 29 36 22 14 31 20 25 3 1 18 21 28 11 32 8 6 4
32 26 2 33 36 3 28 4 14 21 24 13 1 7 31 10 16 18 19 20 5 15 0 12 35 11 29 22 9 38 30 23 27 25 39 6 34 37 8
12 3 32 5 27 33 19 23 2 9 6 31 25 10 29 38 13 37 22 1 17 0 35 36 21 34 26 39 4 15 8 7 16 24 14 20 11 30 28
2 18 24 36 22 26 13 0 21 32 7 8 5 34 20 23 28 38 39 6 16 17 10 25 30 12 31 35 1 11 9 27 14 15 37 3 33 4 29
2 23 0 25 39 11 34 24 14 12 19 1 10 7 5 4 6 38 17 9 30 8 3 21 33 36 29 28 16 32 26 37 31 35 13 15 18 22 27
11 14 0 26 6 33 34 19 17 30 15 1 28 32 3 39 2 37 5 27 18 8 29 13 38 36 24 10 20 31 22 12 9 23 16 4 35 25 7
31 35 36 24 19 10 4 32 11 1 2 18 13 37 28 15 38 12 26 9 25 17 0 34 7 16 5 21 29 3 33 23 30 6 8 14 20 27 39
2 26 20 33 18 8 15 12 32 9 38 36 13 6 19 10 11 5 28 30 25 16 39 35 14 3 7 27 37 22 21 1 17 29 24 4 31 34 0
12 10 32 15 19 37 30 22 36 20 17 3 34 7 16 31 14 25 9 13 39 6 5 21 8 35 28 0 2 29 4 33 18 1 38 26 27 23 11
33 12 20 38 32 29 8 18 7 34 31 2 3 6 24 0 39 4 19 1 15 23 36 22 26 30 28 14 16 13 27 11 17 10 21 35 5 37 9
32 36 23 17 4 35 28 5 7 21 37 30 2 19 33 11 16 38 29 12 3 27 10 8 22 39 15 18 25 9 34 0 20 13 6 14 24 31 1
18 31 30 34 36 10 32 28 38 11 16 12 29 5 39 14 1 15 13 26 21 4 8 37 3 23 33 25 19 2 35 17 9 6 0 24 7 22 20
3 26 34 30 1 14 12 33 37 17 27 32 5 31 6 21 19 22 36 23 15 0 9 35 13 39 11 25 29 20 24 8 4 10 16 2 38 18 7
36 31 34 39 6 13 25 3 37 32 33 30 27 18 1 26 2 5 21 38 14 17 11 16 10 28 20 22 35 15 24 4 7 12 9 23 8 19 0
16 15 38 10 33 27 28 24 26 14 7 13 21 29 37 11 34 5 0 20 35 39 23 19 6 9 32 31 36 1 25 8 17 3 22 18 12 2 4
22 39 27 29 0 18 28 25 1 17 24 36 34 13 10 33 6 8 19 38 14 30 9 21 4 2 16 37 11 5 15 20 7 3 35 32 26 23 12
26 18 17 24 33 4 10 22 25 14 27 29 28 37 23 19 36 15 21 3 13 8 6 9 30 5 35 38 2 7 39 20 34 1 12 31 11 0 16
25 39 8 18 17 23 30 32 7 15 28 21 14 10 11 12 29 26 6 37 2 4 38 36 1 31 16 9 34 20 27 22 35 24 5 0 19 3 13
4 16 6 29 28 27 21 20 7 25 24 8 19 30 5 31 2 18 33 22 11 3 26 10 35 14 1 37 13 15 32 9 38 12 0 17 39 23 36
5 22 14 16 2 26 7 36 13 3 10 12 15 37 18 39 30 38 11 17 19 4 32 28 23 24 6 34 27 29 33 20 9 31 21 1 25 8 0
15 11 29 26 3 13 4 8 6 17 35 9 19 22 27 7 24 23 32 28 39 33 38 31 18 12 25 30 37 21 2 16 20 0 5 1 14 10 34
7 38 26 24 28 29 1 5 3 32 9 33 4 15 18 22 30 35 11 21 16 36 27 13 0 8 31 23 2 34 20 10 19 6 39 12 17 14 25
30 37 25 27 39 16 23 4 18 19 8 26 11 33 15 20 36 6 2 22 35 31 12 13 29 10 32 3 21 1 7 17 14 5 9 34 24 0 28
6 31 33 16 29 20 12 38 0 27 15 19 2 13 21 36 14 25 5 35 7 8 30 26 24 23 18 28 9 3 32 11 37 17 10 1 4 34 22
