1 23 7 28 9 18 31 32 22 20 21 2 24 8 34 6 16 11 39 10 25 27 13 36 4 19 35 37 15 17 33 26 14 29 5 30 12 38 3
0 23 38 19 5 6 24 31 29 20 2 33 26 9 36 25 17 28 15 22 37 16 12 34 11 35 13 27 4 7 8 10 18 39 3 14 21 30 32
11 20 38 9 4 26 10 14 19 35 16 39 25 24 29 1 0 32 28 31 37 22 7 5 8 13 18 34 12 3 17 21 33 15 23 6 27 30 36
24 38 21 9 27 33 6 12 26 5 28 37 16 13 29 36 15 30 31 32 22 10 7 14 17 18 39 34 11 25 4 2 8 20 35 23 1 19 0
26 35 21 13 2 27 36 38 5 37 7 33 32 25 39 14 16 24 30 9 12 15 31 22 11 6 28 0 23 29 3 17 1 8 34 20 10 18 19
31 17 11 35 39 12 3 1 16 15 23 33 4 7 26 28 21 25 20 37 6 14 2 30 29 27 22 38 10 13 18 32 24 9 0 34 36 19 8
25 10 21 3 36 38 33 7 22 1 9 15 28 12 39 32 35 34 30 0 27 20 26 18 14 5 4 11 13 8 24 16 37 17 19 31 2 23 29
11 38 0 29 8 9 37 16 28 35 6 39 32 5 4 31 15 24 17 13 26 36 3 33 20 18 2 30 10 12 23 19 27 1 25 22 21 14 34
16 34 9 31 13 7 18 26 24 32 22 33 38 11 29 15 0 37 30 10 27 36 21 2 17 6 39 3 20 4 35 23 1 28 25 19 5 12 14
8 12 3 2 0 18 20 31 7 39 14 36 13 19 15 30 6 32 26 1 29 37 38 25 33 4 22 28 34 27 17 35 11 24 5 23 16 21 10
15 22 6 36 24 11 23 2 39 25 18 17 31 29 14 3 8 19 28 34 27 37 20 0 26 30 5 13 7 38 16 35 12 1 21 33 4 32 9
7 2 5 20 10 29 34 24 12 26 33 16 8 27 22 39 32 25 0 13 23 35 37 4 17 6 21 1 3 15 9 18 14 36 28 19 38 30 31
22 29 37 9 5 3 21 11 35 24 20 30 18 6 28 26 17 32 27 33 39 15 4 36 14 13 19 1 7 23 38 34 31 2 10 0 25 16 8
27 4 35 8 31 3 14 9 32 29 39 18 24 7 17 15 11 25 28 30 12 37 0 26 10 2 23 6 34 19 21 16 5 1 33 20 38 36 22
38 15 26 23 25 9 13 2 29 16 19 21 10 20 4 24 31 35 3 12 27 6 5 18 37 39 32 11 17 28 30 0 33 36 7 1 22 34 8
10 25 24 35 14 36 16 29 5 3 9 7 6 20 17 8 38 37 21 13 12 4 26 33 1 34 19 30 27 11 23 0 2 22 39 18 32 28 31
34 8 35 39 25 7 24 3 15 5 2 11 29 14 38 20 22 4 36 27 21 28 0 30 23 37 1 26 10 18 33 19 13 6 32 9 31 17 12
20 5 25 10 18 36 15 30 7 31 13 12 24 39 1 3 34 37 21 11 9 29 26 38 14 8 19 0 4 33 2 6 28 35 16 23 22 27 32
39 34 20 24 9 26 8 31 37 19 0 10 12 17 36 13 30 21 28 38 33 6 7 3 27 29 14 25 16 2 11 5 35 32 1 22 15 4 23
29 31 35 32 37 1 30 27 18 2 28 9 25 20 14 38 36 39 10 26 24 22 15 12 34 0 13 7 16 23 21 17 33 6 3 5 8 11 4
17 32 18 38 2 34 21 11 29 9 25 36 23 35 12 0 19 39 1 33 15 30 37 14 16 5 7 6 10 31 28 24 8 3 13 4 22 27 26
25 3 35 4 6 20 29 12 36 32 30 22 0 27 18 26 14 5 15 16 33 23 37 17 31 8 28 11 13 19 39 34 2 7 10 9 1 24 38
12 10 8 0 6 21 34 37 33 3 11 16 24 28 27 9 2 1 19 29 4 5 39 23 38 30 36 26 7 31 15 20 18 35 14 32 13 17 25
1 0 14 24 10 5 20 25 32 34 26 36 37 11 16 21 27 13 4 7 39 12 35 22 15 30 19 29 33 8 2 28 38 31 3 6 9 17 18
28 3 27 15 26 10 18 11 23 16 8 12 1 2 13 7 0 33 17 29 14 22 31 4 35 19 25 9 6 20 39 36 38 5 30 37 32 21 34
38 6 21 15 17 30 16 20 14 33 27 10 23 2 19 28 4 9 11 1 36 5 13 32 0 24 34 18 29 31 3 37 35 7 39 26 8 12 22
4 24 14 35 3 33 18 8 11 2 5 21 9 1 23 12 7 39 6 15 19 10 28 16 13 36 34 38 32 37 27 17 30 22 0 29 25 31 20
24 13 3 4 19 25 30 31 39 21 38 35 11 34 12 16 22 6 8 10 14 33 18 23 29 9 5 0 15 26 37 28 7 1 36 32 2 20 17
24 0 39 31 3 7 35 19 6 25 5 12 18 1 33 22 16 10 38 2 9 32 13 29 26 4 20 21 34 27 14 17 11 8 23 36 15 37 30
31 19 32 12 38 7 20 21 11 15 3 14 16 13 1 2 8 34 10 9 24 36 39 37 22 28 18 27 5 4 17 25 23 30 33 26 0 35 6
25 37 19 36 33 21 12 3 31 9 18 27 17 20 8 6 38 4 16 34 10 13 5 7 15 39 23 22 32 29 26 35 14 24 2 0 1 11 28
29 5 19 8 13 28 9 35 18 34 0 38 32 10 30 7 3 1 27 17 37 24 14 2 4 21 20 33 39 25 12 6 22 23 16 15 26 36 11
29 20 34 19 8 21 0 23 7 13 31 3 9 4 2 6 11 12 25 35 33 28 26 36 14 5 30 18 27 16 24 38 10 39 15 22 37 1 17
34 36 3 39 26 25 11 30 6 5 35 37 8 4 20 22 1 24 18 9 28 12 7 15 27 21 32 38 31 16 19 13 23 17 0 2 29 14 10
33 16 39 8 18 32 20 11 31 23 22 35 29 6 27 0 37 10 17 30 15 9 19 25 3 36 26 1 28 13 2 12 38 21 4 5 14 24 7
4 21 16 36 19 5 13 15 26 39 31 12 7 28 20 2 33 38 34 27 6 14 24 32 11 9 23 0 10 1 37 25 18 8 30 3 17 29 22
35 33 10 6 15 39 37 21 38 9 20 30 4 3 17 18 19 23 1 7 25 16 29 12 8 0 34 26 32 22 27 24 11 13 14 5 28 31 2
12 19 38 30 36 3 18 7 4 33 22 20 8 9 39 31 15 34 29 2 10 23 17 5 1 21 16 11 13 14 26 0 27 35 25 6 24 28 32
25 7 3 14 29 20 2 1 37 36 6 4 31 8 35 19 27 16 18 9 39 15 30 28 5 33 26 10 22 12 17 34 13 24 23 32 11 0 21
18 34 16 5 33 35 28 36 9 10 7 2 13 20 27 6 19 4 38 11 26 37 17 12 0 29 3 22 14 23 30 31 24 21 8 25 15 1 32
