30 10 31 5
2 6 16 30
31 17 32 36 24 1 38
1 2 36 38 30 18
10 14 39 2 35
13 2 37
15 25 10 37 30
1 26 3 14 9 21 13 36
29 9 28 3 11
18 19 36 34 14 37 28 31 17
38
4 30
22 15

9 8 33 18 38
13 30 21 17 16 35 28
18 23 10 26 24
28 34 5 11 26 24 36
15 11 7 19 20
24 29 16 9 13 39 18 32 21
7 5 34 31 19 33
16 4 15 29
19
2 18 10 39
11 35 10 31 12 7 21
29 12 36 13 6 21
24 7 12 2 27 8 30 13 19 21
15 38 31 16 7 1
16 22 25
25 26 2
7 19 33 34 9 3 11
5 10
25 21
3 21 38 14 7 15 39
38 14 17 20 32 22
10 32 18 1 17
31 26 11 3
5 2 33 7 17
39 5 19 9 24 31 30 3 14
30 20 5 38
