22 24 8 16 27 39 1
25 37 9 29 24 21 16 15
18 33 1
11 7 33
24 20 17 33 11 29 12 2 6
29 1 3 22 7 11
19 24 27
30 8 33 19 22 39
5 9 17 3 21
26 28 33 29 37
33 17 18 34 6
29 15 5 38
4 33 18 19 37
18 23 19 1 24 30 22 38
17 22 31 39 32 38 26
9 37 34 31 20 5 30
9
2 19 20 10
7 30 24 17 25 16
29 12 26
12 10 14 15 28 11
36 33 10 18 31
1 12 23 18 39 10 13 29
22 19 8 36
10 13 30 19
0 29
33 29 24 31 17
1 5 2
18
13 18 22 26 30 7 32
6 31 24 33
34 8 33
22 13 21 18
26 23 17 20 0 5 16 15 25
20 23 14 22 27 9 15 28 37 4
4 17 8 23
27 25 20
2 26 7
24 28 0 26 33
25 15 3 28 4
