35 29 31 30 26 23
16 5 20 33 36
25 23 27 7 24
0 39 6 9 13
2 24 34 0 7 33 44 6 35 46
0 42 10
20 42 13 19 18
13 21 8 4 14
12 42 3 11
16 36
0 31 6 38
23 19 7 21
25 32 20
38 18 0
10 30 3 18
10
19 37 22
6 39
38 45 12 35
16 10 44
25 12 44 3 10 46
5 37 11 4 44 43
37 43 0 38
36 13 28
46 14 4 33 0
38 12 24 5 47 26 13 34
47 16 14 7 39 42
44 23 45
30 6
0 42 28 22 5 40
42 22 13 44 20 8 25 3 40
0 47 29
39 9 23 13
12 16 20 3 26 41 42 15 39 35 7 19
20 41 36 0 1 26
25 36 27 3
15 22 12 44 33 39 46 14 8
41 3
4 42 1 33 41 12 43 14 0
11 42 31 36 4 47
16 34 38 18 37
38 28 43 1 44
16 46 17 2 34 40 10
34 40 12 13
9 46 0 12 10 21
11 38 4 0 37 27 35
18 5 42
28 26 8 14 6 37 31 13 17
