8 46 1 19 2 16 44 23 26 47 30 9 39 34 32 27 33 28 14 31 41 17 3 4 24 43 22 29 18 15 21 12 45 20 37 10 35 11 25 13 6 5 38 42 36 7 40
9 23 0 11 2 4 28 38 17 41 35 19 20 44 46 18 30 42 33 24 16 5 25 47 39 43 45 21 10 22 3 37 26 7 14 34 40 32 13 27 31 15 6 12 29 8 36
29 3 1 7 0 10 8 19 23 27 44 37 5 25 14 22 35 21 26 30 42 4 34 9 16 17 28 12 41 24 47 39 32 40 38 13 15 43 6 36 11 18 31 20 33 45 46
31 2 9 30 47 17 20 4 39 28 14 26 12 11 33 0 18 27 37 40 38 7 44 24 34 32 25 1 41 5 13 23 22 35 21 42 43 46 16 8 19 10 29 6 45 15 36
11 1 29 35 24 43 25 22 16 10 3 39 41 7 26 46 5 31 2 21 47 36 0 28 30 33 6 18 14 45 40 20 17 32 37 19 12 23 27 44 8 13 15 9 42 38 34
41 37 10 11 35 2 29 36 18 15 19 28 32 46 30 13 40 33 25 4 6 1 24 12 42 27 34 16 8 14 44 9 39 3 17 7 23 26 38 22 20 43 0 31 21 47 45
47 40 15 8 33 37 38 12 39 31 9 17 27 11 5 36 42 41 10 26 44 4 20 28 16 14 43 18 23 35 7 24 19 46 30 34 45 25 32 2 21 13 0 3 29 1 22
43 22 34 2 17 18 29 45 28 47 23 10 46 30 31 4 39 24 33 12 44 27 3 37 15 32 9 19 20 26 1 38 40 21 5 6 25 16 36 11 41 14 8 0 42 35 13
0 25 17 31 34 2 37 9 32 22 6 30 29 19 20 33 39 45 12 13 23 10 42 40 18 5 36 15 46 35 47 11 14 4 26 3 21 43 41 7 28 44 1 24 38 27 16
1 21 23 39 3 16 47 8 22 13 30 0 29 6 43 14 24 33 15 36 32 31 42 18 2 46 45 5 37 19 10 7 12 11 34 41 40 17 26 28 20 35 27 44 4 38 25
19 24 26 5 25 2 12 43 41 30 23 27 4 47 7 33 8 22 35 40 6 36 42 18 28 15 1 31 16 9 46 17 20 34 44 29 0 14 45 39 3 37 38 21 13 32 11
17 4 1 23 30 20 31 5 12 16 38 19 28 27 14 33 40 15 47 6 3 36 13 21 26 32 9 42 22 8 46 37 29 7 44 0 45 35 39 43 34 25 2 24 18 41 10
19 31 11 10 29 20 25 23 14 15 6 41 17 27 28 3 8 40 33 21 18 5 46 7 43 36 35 34 2 9 0 4 13 42 26 44 39 37 45 47 32 22 38 16 24 30 1
29 27 35 47 9 19 46 37 28 23 5 34 42 17 26 8 39 14 38 24 11 15 18 44 16 21 20 3 31 32 12 43 2 33 4 36 22 1 0 6 25 41 30 45 10 7 40
32 29 38 27 35 34 31 47 33 2 12 11 20 9 21 3 0 41 30 17 42 13 23 37 5 4 40 6 25 39 26 1 46 19 8 16 10 24 28 7 22 36 45 44 15 43 18
41 16 23 40 6 24 33 12 5 38 28 37 11 45 9 32 13 39 20 10 43 7 8 22 0 46 27 31 19 35 2 47 44 25 4 17 36 14 29 1 42 34 26 21 18 3 30
39 9 11 36 15 0 17 25 4 38 19 22 27 1 46 28 18 35 30 26 24 21 2 5 23 34 13 47 6 10 33 29 20 7 3 32 14 40 45 31 42 41 12 43 37 44 8
39 11 8 32 7 41 16 26 1 19 36 3 47 12 31 29 37 23 13 6 38 33 14 22 0 35 25 30 2 43 24 21 4 28 44 5 10 45 9 40 46 42 34 15 20 18 27
30 39 33 38 7 27 22 29 5 21 1 32 12 16 43 9 46 3 10 44 13 47 8 4 42 45 31 19 28 36 0 26 23 34 6 35 41 37 17 2 24 14 25 40 11 15 20
10 34 0 12 22 2 20 13 11 27 32 17 47 8 30 5 35 40 1 16 28 45 41 39 24 33 43 36 18 37 4 9 7 29 23 15 38 14 26 25 6 44 3 46 21 42 31
11 44 19 36 12 43 34 35 14 3 8 1 40 41 47 45 29 26 24 15 39 6 38 4 37 13 30 7 22 32 10 46 0 28 16 27 33 42 17 5 31 9 23 25 2 21 18
9 36 30 37 34 26 22 25 18 42 41 2 40 14 29 4 12 31 27 44 16 39 11 47 23 1 17 13 24 33 0 3 7 32 8 38 28 19 6 35 46 43 10 15 5 20 45
31 7 45 19 32 28 9 8 2 18 34 4 21 30 47 41 16 35 29 10 17 24 37 46 0 25 1 15 3 33 43 20 11 38 23 42 13 26 14 5 39 12 27 6 36 40 44
25 1 9 27 11 15 2 0 12 30 10 40 43 41 13 7 17 29 39 8 31 45 14 16 21 36 3 18 37 34 26 19 33 6 4 46 38 22 5 35 44 28 20 24 42 32 47
35 10 4 40 45 44 36 15 31 46 9 1 7 5 19 22 16 0 13 42 34 20 30 3 41 17 38 39 21 2 25 29 27 6 33 26 28 14 37 47 18 32 11 12 43 23 8
23 43 8 33 46 35 10 36 12 2 47 4 16 21 29 26 34 38 5 28 1 17 37 22 3 14 42 44 45 27 7 24 39 19 41 6 0 15 40 11 13 31 30 9 18 20 32
10 36 42 17 0 21 46 30 43 25 2 13 4 3 29 16 47 32 28 6 34 20 35 11 37 33 31 18 1 7 23 14 41 40 38 19 9 39 12 8 5 24 44 22 15 27 45
23 42 36 13 14 47 30 2 18 19 11 43 10 33 29 0 12 6 16 46 21 40 5 3 7 34 41 35 44 31 28 15 32 25 20 4 24 45 38 9 1 22 26 37 39 17 8
39 35 1 45 22 38 37 11 7 40 29 5 13 15 3 19 46 12 0 16 42 25 26 4 31 10 2 6 34 17 44 18 41 27 32 20 43 9 24 21 14 36 33 30 23 8 47
2 31 13 38 4 14 12 7 5 8 9 18 28 25 47 27 17 36 23 46 22 43 21 26 40 44 20 0 37 19 32 16 34 42 10 24 35 33 41 11 45 30 15 3 6 1 39
45 11 18 3 40 21 33 27 10 8 9 23 0 26 22 32 19 5 35 41 31 1 2 7 14 16 17 47 4 24 36 42 34 20 38 39 46 43 6 29 28 13 25 44 12 15 37
3 22 29 8 11 12 14 34 40 24 6 17 30 7 4 0 9 32 21 23 35 45 46 44 28 39 18 10 26 27 13 15 36 20 38 33 25 41 16 43 1 5 37 42 47 2 19
41 46 17 14 22 8 43 19 30 47 5 0 36 40 18 37 9 44 31 39 15 35 45 26 38 3 4 7 11 34 13 29 27 20 28 2 21 16 1 6 12 24 42 10 33 23 25
41 36 25 40 18 30 14 6 37 15 27 11 8 46 10 0 1 9 5 35 47 12 3 17 19 7 39 4 34 26 21 16 22 23 43 24 13 29 20 38 28 31 44 32 42 45 2
19 7 8 46 14 31 21 20 22 0 47 44 42 25 13 41 37 2 35 39 26 5 24 27 16 33 28 45 3 12 40 30 32 23 18 9 10 29 1 6 17 38 11 43 15 36 4
37 46 24 25 5 28 13 4 14 42 45 20 1 19 2 30 22 39 33 16 10 34 17 31 32 26 47 27 41 12 40 3 43 8 6 44 18 15 29 0 38 11 21 23 9 7 36
47 33 21 16 27 26 37 20 25 24 39 44 5 17 42 46 29 32 40 43 9 38 6 4 10 11 19 30 12 8 23 18 45 7 13 14 28 2 15 31 0 22 41 1 34 35 3
39 44 35 5 46 8 43 36 2 33 6 28 21 13 15 17 45 47 32 41 34 40 42 22 38 3 25 14 26 7 4 20 19 1 9 29 23 0 18 11 24 12 10 31 16 27 30
29 41 14 1 18 28 11 6 15 16 25 43 46 17 36 45 47 13 37 32 3 20 39 24 30 7 23 22 19 26 2 40 42 21 35 5 44 34 33 0 31 27 12 4 9 10 8
17 37 9 16 28 18 36 0 6 40 3 4 8 7 35 23 19 45 32 13 33 34 1 42 46 21 15 43 31 20 38 24 5 14 30 2 41 25 26 12 11 10 47 22 44 27 29
47 6 33 42 30 24 15 31 28 23 19 11 20 39 5 21 32 36 43 12 10 29 37 27 3 46 8 44 4 14 41 34 35 7 26 9 2 38 16 1 17 45 25 18 22 13 0
32 33 45 15 5 38 43 10 17 1 12 44 22 23 21 30 4 34 19 37 14 46 20 6 0 27 35 24 40 28 3 2 26 9 39 18 29 25 7 42 8 31 13 16 47 36 11
27 40 26 35 45 36 21 47 34 13 1 2 28 14 6 9 43 5 37 10 39 24 8 30 18 25 11 3 46 29 12 22 38 17 41 20 0 44 4 16 31 15 32 7 23 19 33
25 7 37 4 41 10 32 20 23 27 45 26 9 38 29 36 40 18 46 42 1 19 12 39 44 0 15 17 6 22 35 28 33 13 3 30 2 8 11 5 34 21 14 31 24 16 47
46 37 20 0 24 2 36 41 1 34 32 29 21 7 18 6 31 40 43 13 3 47 5 17 27 28 25 35 4 10 19 12 11 15 26 38 14 9 42 23 30 33 39 8 16 45 22
30 41 22 28 24 7 35 42 43 47 37 19 15 8 38 39 20 23 32 31 46 1 4 9 34 18 0 17 25 36 6 11 29 27 10 40 16 14 12 13 3 26 44 33 5 21 2
0 44 35 32 25 34 37 26 24 13 36 5 33 1 7 28 47 38 29 27 4 41 16 43 12 18 39 31 45 22 40 9 10 15 8 14 20 23 42 30 3 6 11 17 19 21 2
6 36 40 9 27 13 14 25 0 3 19 7 17 32 22 45 34 29 42 10 11 37 46 33 38 1 4 20 30 26 18 21 35 44 16 2 8 15 24 39 12 41 31 43 28 5 23
