47 22 28 30 2 7 44 1 35 27 21 10 41 9 34 6 23 40 15 33 12 20 43 26 46 29 32 8 37 19 11 18 25 5 4 38 24 16 36 14 13 17 42 39 45 3 31
44 18 36 40 46 15 24 0 3 43 41 13 37 4 8 11 26 23 12 2 45 25 10 34 19 9 33 14 38 39 22 21 17 7 28 6 5 27 32 16 31 20 30 47 42 29 35
46 8 5 6 20 38 7 0 32 21 44 18 4 43 25 34 23 1 36 11 22 42 19 39 13 45 27 12 37 35 40 9 16 14 26 3 29 10 28 31 24 15 30 41 17 47 33
30 22 17 8 5 40 34 1 43 20 9 29 4 27 39 33 36 23 7 6 21 10 32 25 12 11 18 16 28 26 41 38 44 35 19 15 2 42 46 37 24 13 14 45 31 47 0
35 13 10 26 27 25 15 3 2 32 47 42 1 44 40 34 21 30 14 45 43 11 18 29 46 19 23 28 9 41 8 0 33 31 36 6 20 39 17 16 22 37 12 7 5 38 24
35 45 36 21 2 34 3 38 15 17 31 23 10 7 29 37 43 46 30 27 19 14 20 8 11 32 40 9 25 41 47 28 24 16 18 44 0 26 33 1 6 13 42 12 22 4 39
10 32 2 15 47 17 19 26 40 34 14 37 42 27 11 21 0 44 20 12 46 3 35 33 43 7 9 23 25 8 41 31 1 4 13 5 24 16 36 30 28 39 18 38 22 29 45
39 29 31 2 0 5 44 34 37 26 30 21 20 12 9 33 3 32 19 27 25 11 35 24 6 10 40 13 15 36 43 45 1 14 47 22 46 38 17 23 16 4 42 18 28 41 8
3 35 2 37 31 16 20 27 30 36 15 9 47 1 5 22 43 34 26 29 45 40 14 24 41 0 33 44 28 6 12 19 4 38 32 46 11 42 18 23 13 21 39 25 7 17 10
47 30 19 28 25 32 38 24 37 23 34 46 31 3 8 0 16 13 44 18 7 43 26 35 5 15 1 22 40 6 11 2 4 45 17 21 12 29 14 41 10 39 42 20 33 36 27
6 4 26 38 12 42 46 5 36 18 0 28 31 27 33 1 3 19 30 32 16 37 41 24 47 7 13 44 17 23 35 39 29 15 43 34 25 40 45 20 14 2 22 9 11 21 8
31 44 29 17 37 13 42 18 6 46 23 43 5 1 16 39 2 45 30 38 27 3 7 19 33 24 28 12 4 34 9 35 0 41 36 40 8 25 20 14 15 32 47 21 22 10 26
30 29 47 36 28 43 13 10 15 21 41 31 24 16 45 27 14 6 1 7 37 38 0 44 3 39 34 26 11 2 23 32 19 8 20 22 35 9 18 17 33 25 4 5 46 40 42
20 43 39 4 16 11 41 12 22 1 42 46 26 28 15 9 19 14 37 38 47 2 32 10 7 40 36 31 34 27 23 24 21 18 6 44 0 5 25 30 35 17 3 8 45 33 29
47 45 42 28 16 6 29 18 5 12 44 13 43 36 21 26 8 1 4 30 22 39 33 2 32 34 24 15 27 7 40 0 11 20 25 17 35 10 9 41 3 37 46 23 19 31 38
17 20 46 22 5 28 23 6 1 39 12 8 4 44 33 27 13 31 34 24 0 36 42 9 37 35 7 41 29 10 14 38 3 16 43 26 11 47 30 25 19 2 40 32 45 21 18
40 27 36 34 13 8 14 38 18 21 12 26 19 29 9 11 39 10 31 33 43 25 42 46 3 17 28 24 5 2 30 23 41 0 15 4 1 6 35 22 47 7 44 20 32 45 37
15 3 11 5 33 6 38 23 29 46 31 37 41 21 30 45 28 44 39 32 16 36 18 10 43 20 34 47 25 1 40 22 35 27 9 4 12 26 14 0 7 24 19 13 42 2 8
1 47 23 11 16 30 2 10 19 14 42 26 28 9 34 45 41 37 38 36 46 22 33 44 3 17 4 5 40 0 24 29 35 13 20 39 12 43 8 31 32 25 21 7 6 27 15
46 9 30 33 43 6 39 38 18 16 28 5 36 13 27 32 1 7 26 10 35 23 2 47 29 20 42 21 11 44 0 41 24 4 12 3 8 25 45 37 31 17 40 15 22 14 34
13 15 44 2 43 8 36 39 45 3 27 23 42 25 5 6 7 32 37 0 19 33 29 30 17 12 46 41 31 40 24 4 18 47 11 14 10 35 38 21 34 1 26 16 9 28 22
46 43 5 34 33 38 12 0 39 2 36 16 25 32 6 17 23 7 4 47 41 3 14 44 19 28 24 35 40 22 30 1 27 13 9 31 11 20 37 18 45 26 29 8 10 42 15
3 46 26 15 0 32 30 13 23 24 41 8 2 36 18 9 37 39 33 28 38 27 25 42 14 43 21 34 35 1 17 44 45 12 40 7 31 47 4 11 10 16 29 5 19 6 20
18 15 5 38 46 9 22 17 47 40 37 44 33 20 3 21 11 0 2 36 35 1 31 27 19 28 29 6 10 12 41 4 25 45 16 13 39 30 26 8 24 42 7 32 14 43 34
27 33 34 44 1 9 12 42 22 35 47 28 37 46 39 15 26 45 25 43 30 29 8 10 38 7 11 36 16 5 21 19 18 14 13 0 32 20 40 6 23 17 3 2 31 41 4
28 9 4 29 37 30 38 26 46 45 21 2 20 31 35 1 42 44 24 3 5 16 41 7 40 22 36 6 33 47 27 17 23 0 10 19 39 34 43 11 32 12 14 13 15 18 8
42 36 22 41 39 4 10 45 33 6 25 7 38 16 13 18 1 24 8 19 9 31 0 14 12 47 3 32 28 29 35 40 5 2 30 44 34 15 17 23 46 37 27 20 21 43 11
24 35 16 30 4 39 8 0 45 20 3 5 6 15 42 12 10 43 19 34 36 23 11 7 22 29 2 25 13 38 21 46 31 14 33 17 1 44 32 47 41 37 26 40 28 18 9
25 33 0 15 9 14 46 12 42 29 40 10 19 13 18 24 41 17 30 23 22 31 47 21 16 3 11 5 8 26 39 35 36 4 1 44 38 2 45 6 37 7 27 20 34 32 43
11 12 7 36 25 35 17 5 3 28 14 38 16 43 44 30 40 8 33 24 19 23 34 0 45 27 39 20 37 47 15 10 4 42 26 18 46 2 31 9 22 41 21 6 1 13 32
3 12 9 27 33 0 19 22 8 25 37 18 5 39 7 17 32 29 45 10 28 4 24 11 43 31 14 20 47 21 41 16 36 42 26 35 44 38 23 34 13 15 46 6 1 2 40
11 7 5 8 36 39 33 9 17 12 34 10 37 40 41 25 15 23 38 16 26 35 28 30 45 13 47 27 42 4 6 20 46 21 1 22 19 44 43 18 29 2 24 32 3 14 0
6 22 9 2 35 4 21 33 45 41 30 5 20 42 19 38 7 17 10 3 39 0 37 43 13 26 12 14 40 8 24 1 36 25 27 46 11 18 31 16 23 44 15 28 29 47 34
24 45 28 30 21 17 38 19 37 26 31 15 23 3 42 32 46 44 10 7 47 0 29 6 16 36 1 22 18 40 8 11 20 25 14 4 5 27 35 12 39 43 34 41 9 13 2
21 5 24 16 9 3 43 7 6 31 40 44 0 42 2 4 15 18 41 39 8 1 27 47 38 29 12 46 35 45 11 17 37 22 13 10 14 25 26 30 36 20 33 23 19 28 32
5 27 4 8 47 42 37 29 32 0 40 43 39 36 41 24 23 25 44 6 19 9 31 7 15 34 45 2 28 10 21 3 11 22 26 17 30 18 12 33 14 16 20 13 46 38 1
1 26 5 16 31 29 12 40 20 8 35 10 21 3 19 42 37 23 14 39 45 2 27 15 22 18 33 46 17 43 24 25 7 47 13 28 38 30 4 11 44 0 32 34 6 41 9
8 11 35 33 9 43 39 45 25 5 23 30 7 1 6 17 31 24 36 13 12 44 20 18 10 40 22 15 32 0 47 2 29 34 42 38 46 19 27 26 3 4 21 28 14 41 16
5 33 21 9 23 2 43 10 17 16 25 19 26 40 29 31 12 32 18 13 11 34 22 24 1 3 47 36 27 42 8 41 46 37 0 15 7 30 28 20 45 35 4 6 39 14 44
7 26 13 31 15 27 37 20 21 40 42 35 43 19 30 3 24 17 34 36 11 16 2 12 32 22 29 1 28 14 10 44 46 25 23 4 18 33 45 0 9 6 47 8 38 41 5
16 1 3 45 36 35 39 23 6 44 43 28 34 38 31 4 41 29 0 8 5 37 9 25 33 46 7 13 2 21 18 32 26 17 11 14 20 24 22 10 19 27 47 15 12 42 30
44 26 13 1 12 35 0 17 22 31 42 32 28 40 34 18 21 43 46 10 25 8 5 3 15 6 19 23 30 45 4 16 38 11 20 27 9 14 29 36 24 7 33 39 2 37 47
26 14 35 45 11 10 39 28 13 24 6 4 33 20 18 27 34 41 36 43 32 25 2 46 15 16 19 22 37 44 29 38 30 31 8 0 5 3 23 7 9 12 21 1 47 17 40
21 13 20 38 12 19 37 34 1 3 35 5 39 40 2 45 11 29 44 27 42 8 14 47 41 9 0 24 16 30 6 32 36 4 17 22 7 10 25 15 18 31 33 26 46 23 28
11 1 41 20 24 0 7 15 40 2 23 34 4 33 6 43 14 17 29 9 37 46 35 12 25 47 21 18 19 8 10 3 39 42 5 22 26 28 30 36 13 27 31 45 16 32 38
5 14 33 26 42 40 20 37 27 25 12 43 32 17 1 36 18 30 46 8 11 24 29 2 4 35 31 34 41 23 7 9 22 19 10 39 47 44 38 28 0 21 13 3 15 16 6
21 22 19 15 2 1 28 23 10 9 17 5 25 13 11 33 24 6 44 45 42 41 18 0 16 36 47 34 40 4 27 20 39 38 8 31 37 7 32 29 30 26 3 12 35 14 43
14 9 0 12 18 35 6 23 4 8 24 21 43 33 34 44 19 13 46 28 10 26 37 5 25 36 29 30 38 17 31 7 20 15 22 27 11 45 16 40 39 1 3 42 41 2 32
