23 8 29 46 44 43 9
29 38 31 39 33 12 26 43
5 19 44 40
41 10 4 26
46 1 5 42 30 15
41 38 6 28 46 34 0 8 35
17 45 14 5
13 29 11 38 2
11 21 19
8 37 25 2
4
15 10
30 15 3 8 2 21
5 34 38 27 29 8 0
3 17 27 13 47 37
2 13 21 44 42 14 47 31 41 30
21 6 24 7 44 32 8
29 46
44 15 1
4 7 22 5 8 15 34 43
3 9
43 42 9 15 47 17 34
33 21 13 10 3 27 23
20 39 17 29 21 6
26 8 37 5 0 1 19 18
27 46 36 34 38 42
42 0 35
23 31 7 9 4 8
34
35 22 10 26 6
46 22 23 43
27 30 8
28 27 29
1 46 23 19 36 44 21 29 10
24 43 1 18 35
22 19 47 39 38 30 42
43 10 21 30
36 4 28 0 9
26 6
29 13 22 24 27
23 15 8 39 1
35 27 11
22 33 13 34 46
25 20
19 28 38 30 18 29
15 29 9
23 41 42 27 0 40
28 24 0 15 39 29
