38 20 32 30 8 21 42
20 17 38 31 22 18 28 37 44
15 1 5 23 37
7 31 39 18 25
20 29 19 24 39 18 2 15 5 22
0 35 18 32 37 10
28 18 35
31 6
37 24 27
21 40 39 0 44
36 24 12 44
20 25 19 45 29 28 13 12
3 7 18 6
12 10 42 43 31

8 45 43
41 43 36 39
44 2 9 22 46
28 22 3 40 42
8 21 14 17 33 34
16 27 8
1 19 12 2
43 26
45 22 16 2 14 13 4
7 42 23
24 34 43 2 11
15 35
13 29 25
47 2 44 39 12 15
19 16 7
7 43 45 38 33 40 47 41 19 28
18 6 2 29 34
11
47 38 29 44 28 32
16 9 28 43 23 40 47 30 25 39 35
1 8 30 37 41 7
6 46 39 2 10 23 32
43 42 36
42 27 47
7 4 46 24 41
10 28 8 9 31 35
9 25 10 6 42
6 11
16 20 33 31 27 21 35 47 44
12 6 8 17 32 27
47 8 19 5 40 10 41 33
17 36 7 40 19
0 31 29 1 13
