40 44 31 19
6 17 27 47
26 47 30
16 5
2 23
18 1 24 41 8 31 0 4 30
12 13 3 11 15 43 46
4 12
34 23 21
20 30 22 24
5 32 17 33 9 20
23 46 29 34 7 35 0 18
22 38 37 46 29
25 43 17
43 41 12 25
45 43 18 25 24 11
17 43 11
24 21 40 39 38 0
23 8 22 37
44 14 2 22 11 16 20
22 6 27
28 41
29 36 38 32 21
28 24 15 31
41 12 26 34 19 38 5
16 9 31 1 36 7 19 45
30 5 12 17 0 10 19
13 0 24 10 37 40
2 16 5 18 31 34 47
31 2 12 37 1
39 9 15 27 31
18 5 33 20 42 22 12 2 15
47 9
39 24 18 44 11 23
7 23 2 42 33 12
10 4 0
35 2 46 16 24 43 25 31
25 45 23 9 20 33
6 1 20 15 41 24 31
44 34 30 37
44 24
26 43 13 23 14 3
24 6 12
3 32 11 16 44
46 32 33 27 14 12 11 6
31 1 26 41 7
2 14 19 1 18 22 12
33 29
