12 30 43 38 45 44 28 42 22 16 47 34 33 18 4 23 46 29 24 6 3 10 36 7 9 25 21 19 40 15 13 35 32 11 39 1 31 26 2 27 37 41 20 14 5 8 17
8 41 36 47 35 37 43 19 4 22 25 30 40 44 5 34 20 10 13 32 2 26 39 28 33 11 7 16 23 14 24 45 31 29 18 6 42 3 38 0 27 9 15 21 17 12 46
38 3 13 37 26 11 9 24 22 32 5 40 30 7 31 6 1 19 4 14 8 20 12 29 16 42 28 18 21 10 15 23 27 25 44 41 39 47 35 36 0 34 45 43 33 17 46
46 2 31 38 27 29 15 6 28 4 18 14 8 13 0 33 10 19 12 45 42 39 21 7 32 23 40 24 5 17 16 20 34 9 47 1 43 44 11 37 36 26 41 30 25 22 35
13 8 17 5 35 19 31 20 10 39 41 1 47 9 3 34 38 33 12 30 45 43 0 16 2 42 11 23 44 24 27 7 26 46 29 25 40 18 28 14 22 15 37 36 32 21 6
33 4 24 30 28 22 42 7 45 1 17 23 35 12 2 38 37 10 29 20 34 27 47 36 15 41 32 16 21 13 3 26 40 14 6 31 19 8 25 44 43 9 11 46 0 39 18
41 9 29 37 31 20 27 3 44 18 13 45 19 39 16 24 11 25 26 28 12 40 8 2 22 14 33 0 7 23 47 17 42 30 38 1 36 35 46 5 34 43 32 15 10 21 4
22 46 26 38 21 13 30 32 12 25 33 5 47 39 18 11 10 2 37 29 44 8 24 28 6 36 0 27 1 3 43 41 40 31 19 20 4 42 17 9 15 16 14 45 23 34 35
46 1 44 4 33 47 35 18 15 17 25 22 41 36 6 23 3 7 2 28 21 38 20 16 10 24 30 12 11 29 9 40 39 19 13 32 5 42 14 26 37 43 45 34 27 31 0
43 6 40 24 21 2 18 10 4 37 33 13 20 29 19 28 17 25 15 47 27 16 39 38 0 11 30 41 12 23 31 8 7 3 22 26 14 35 45 1 34 5 36 44 46 32 42
11 23 4 47 40 9 17 21 44 26 27 36 34 28 12 1 41 7 38 5 20 32 0 33 3 39 46 13 8 2 35 16 19 43 24 45 25 14 15 30 31 29 6 22 18 37 42
43 32 15 10 45 21 2 36 46 42 12 6 7 26 47 37 31 4 20 16 27 28 41 38 1 9 33 18 23 19 35 22 8 14 39 13 17 0 3 40 29 44 5 30 25 34 24
15 36 38 0 16 7 18 44 21 25 4 10 11 5 6 24 29 39 37 45 28 13 2 32 3 23 19 43 8 9 40 14 22 17 27 41 35 46 30 47 20 42 26 31 34 33 1
4 23 2 7 47 38 22 42 20 6 39 25 16 14 9 1 41 26 17 21 29 12 3 32 37 18 10 27 5 24 31 44 40 0 11 46 15 19 8 33 34 35 43 36 30 45 28
29 25 44 42 17 38 45 37 33 13 24 32 3 28 2 30 6 23 41 21 18 15 43 36 40 1 27 16 31 22 46 35 39 19 11 5 12 4 10 9 7 34 8 26 47 0 20
12 42 11 33 46 39 3 17 47 44 8 36 19 21 34 35 45 29 18 9 14 31 32 5 2 37 24 26 41 0 23 20 10 4 7 30 13 6 22 25 1 40 28 16 38 43 27
34 30 36 42 12 45 40 0 44 6 31 13 38 39 32 4 25 21 37 18 17 11 2 9 1 8 28 33 14 41 5 10 24 46 27 3 29 47 19 7 43 20 22 15 26 23 35
42 29 44 4 32 30 35 10 15 14 5 46 8 36 20 23 33 9 13 16 25 18 47 38 43 39 26 22 6 27 7 41 3 12 24 19 11 21 34 45 31 28 40 37 1 0 2
41 43 23 22 8 12 9 6 45 3 31 20 28 0 7 47 24 27 29 36 34 16 42 15 33 17 14 26 2 21 11 35 13 44 40 46 30 1 4 38 25 32 37 10 39 19 5
39 40 4 1 31 37 29 24 27 28 6 44 45 34 33 15 9 32 2 42 3 12 22 11 7 10 0 14 20 41 17 46 43 16 23 8 36 13 25 5 30 21 47 38 18 35 26
47 22 6 4 41 21 13 40 43 29 18 1 17 9 38 10 5 2 23 11 39 45 8 27 36 46 24 32 7 37 19 30 3 15 26 12 33 16 25 35 34 28 42 0 44 31 14
31 7 23 33 46 11 9 20 10 34 27 30 12 41 39 15 22 16 13 24 14 8 47 18 36 3 35 2 45 40 5 0 26 29 28 44 17 38 32 4 6 37 19 25 1 42 43
7 20 18 0 13 5 1 41 37 2 42 32 8 21 33 43 6 31 24 26 47 30 38 45 19 27 35 14 44 17 29 11 12 25 39 4 9 15 34 46 16 40 36 23 10 28 3
37 13 44 21 25 10 28 18 29 40 30 26 31 5 35 17 45 27 0 8 14 32 4 33 20 42 12 39 6 1 11 34 3 2 41 9 15 19 24 47 43 22 36 7 38 46 16
30 47 5 9 2 39 19 26 36 45 6 25 14 12 40 18 29 27 0 41 37 22 44 46 7 21 34 4 43 42 35 20 32 1 8 15 13 16 10 3 28 17 23 38 33 31 11
33 42 30 41 47 14 29 39 23 7 1 12 13 6 8 24 28 16 26 43 17 9 32 0 27 4 46 45 40 22 2 10 44 18 31 35 34 19 5 15 36 20 38 21 37 3 11
30 7 42 2 38 35 41 24 31 32 23 28 10 40 37 6 11 39 25 13 43 45 1 22 47 18 17 21 4 15 5 46 27 36 20 9 33 44 34 8 14 0 12 3 29 16 19
35 36 3 6 37 30 19 21 39 10 29 31 40 18 23 24 41 44 5 11 38 9 47 7 20 4 14 22 13 17 33 25 16 2 26 34 12 46 32 28 45 1 43 42 0 8 15
32 41 0 23 5 38 19 3 26 44 47 10 18 42 6 25 34 9 14 39 40 12 8 7 1 11 2 33 37 16 46 30 24 4 36 21 43 27 29 45 20 22 31 15 17 35 13
14 36 17 6 25 30 32 40 23 3 19 43 44 27 20 37 9 12 24 18 5 45 7 0 13 39 15 2 31 42 21 22 4 35 41 1 8 16 10 38 28 33 11 34 47 26 46
24 26 25 16 46 0 29 7 41 5 32 17 36 27 23 21 1 4 39 2 35 14 37 43 38 22 34 9 33 45 28 18 8 6 20 12 15 10 44 42 19 40 47 31 3 11 13
21 3 6 4 19 40 38 26 23 43 16 18 27 2 11 33 46 22 39 41 35 15 29 14 7 37 1 13 47 9 36 10 45 25 5 0 34 17 28 12 44 30 8 24 20 32 42
11 28 29 7 30 17 47 26 35 34 2 22 40 16 1 14 19 46 10 23 12 13 15 38 36 24 43 20 45 25 5 42 3 39 44 0 27 37 41 6 8 21 4 18 33 31 9
25 15 8 5 41 36 21 7 40 46 4 9 0 14 35 34 19 39 22 17 31 38 6 18 43 23 45 10 3 1 11 37 28 16 30 44 27 42 47 26 20 13 29 24 32 12 2
16 45 40 35 21 4 1 0 32 10 44 33 19 28 15 42 18 41 5 43 24 30 23 38 39 46 27 37 3 6 25 17 26 22 14 36 31 9 20 2 13 29 8 12 7 47 11
27 4 42 1 8 34 26 17 41 38 39 32 33 5 23 37 30 44 15 31 45 46 36 18 24 21 22 10 43 14 11 29 6 0 12 25 9 20 2 13 19 28 3 47 40 7 16
46 12 29 33 16 27 1 30 11 24 10 15 17 40 43 8 18 45 38 7 0 5 32 35 14 21 20 37 41 39 28 6 26 31 4 42 19 3 25 34 2 22 9 47 23 13 44
23 43 2 6 1 27 19 39 38 9 22 26 14 29 41 46 35 5 44 40 12 11 7 16 24 30 13 45 33 36 28 15 31 20 34 32 4 3 47 42 18 21 8 0 10 25 17
12 2 7 3 44 0 26 13 28 31 35 37 4 14 43 16 5 10 20 33 36 27 8 17 11 30 32 9 22 34 46 47 42 6 18 39 1 45 21 41 24 29 25 40 19 15 23
19 25 15 4 24 37 27 44 35 41 13 6 7 30 21 16 40 33 26 12 28 47 31 1 29 20 10 9 23 3 46 17 45 34 14 42 36 32 22 11 38 8 43 0 2 18 5
19 41 34 9 29 10 31 23 33 16 20 1 26 27 32 47 2 39 36 24 6 37 28 46 14 42 7 21 18 3 0 4 25 43 5 13 12 8 45 11 22 44 15 38 30 17 35
18 6 25 28 33 40 1 30 42 4 20 26 35 39 21 22 43 37 10 45 8 13 46 24 31 27 34 14 47 11 5 16 7 36 9 23 15 17 29 19 44 12 2 32 38 3 0
15 25 45 17 16 35 26 0 47 41 13 5 14 11 22 28 34 19 4 18 23 29 2 3 24 43 40 32 7 6 46 39 33 38 1 36 8 37 30 12 27 21 20 44 10 31 9
37 11 9 18 0 1 46 29 44 31 20 41 38 4 36 22 26 25 33 30 34 45 17 14 24 7 42 32 12 35 10 40 47 19 28 3 6 39 16 5 23 27 8 2 13 21 15
8 17 38 23 0 14 6 12 39 43 10 16 46 28 1 29 15 19 34 37 35 45 7 24 4 27 18 22 33 32 13 41 25 2 3 30 21 26 5 40 11 9 31 42 36 20 47
42 34 0 11 16 6 5 14 18 19 24 4 41 46 23 44 12 29 26 36 15 33 20 43 3 35 37 22 47 32 21 30 39 1 10 25 40 31 38 9 7 27 17 28 8 2 13
36 8 7 30 3 15 21 43 33 44 11 17 37 45 41 32 0 31 24 40 35 39 20 10 28 14 38 18 42 4 16 25 26 34 27 47 13 12 19 6 22 29 5 23 9 1 2
20 25 8 24 1 13 10 42 32 4 15 0 28 7 40 18 11 39 26 41 17 22 5 21 9 27 45 6 38 31 33 46 3 43 16 12 37 14 23 2 19 29 30 36 34 35 44
