19 40 31 21 7 14 26 35 33 41 44 3 45 22 24 38 6 42 27 8 39 11 30 43 18 20 9 29 12 37 4 46 34 23 10 2 13 28 32 15 16 1 5 47 17 25 36
42 34 14 27 40 7 36 9 46 29 28 12 32 20 41 17 30 47 23 4 33 8 13 35 6 21 3 25 2 19 26 16 24 45 44 10 38 37 5 15 11 39 43 0 18 31 22
15 17 12 9 27 13 47 25 37 45 18 31 32 29 46 39 11 20 4 33 24 16 10 22 19 38 34 23 40 6 3 41 14 36 5 1 43 28 26 30 8 42 7 0 21 44 35
31 12 26 39 4 19 11 0 29 42 44 20 40 43 30 47 22 16 9 10 36 34 7 28 33 25 17 2 1 37 46 6 27 21 13 24 41 5 45 18 8 35 23 32 15 38 14
20 11 21 3 46 32 29 9 28 43 16 2 36 1 42 31 45 18 6 7 44 41 26 24 34 22 19 35 0 23 33 14 27 17 10 12 13 25 47 38 8 15 39 30 37 5 40
31 42 8 45 20 46 44 37 7 32 38 27 41 29 40 24 33 26 9 15 10 18 21 28 11 36 34 12 16 35 47 2 25 22 19 14 13 23 43 30 3 39 17 1 6 0 4
18 11 9 30 40 35 14 41 32 7 31 16 39 42 36 21 23 25 0 28 33 4 1 8 37 2 22 29 17 38 3 24 10 46 43 26 20 15 13 47 27 44 12 5 45 34 19
27 0 1 8 5 19 43 47 6 45 37 13 16 22 39 44 21 32 11 23 41 17 25 3 38 36 4 14 12 15 31 9 10 46 28 2 29 20 35 26 30 33 18 42 34 24 40
27 5 13 41 34 7 23 37 42 38 44 39 36 35 21 10 1 19 31 16 0 40 20 18 29 6 30 26 17 46 45 28 25 2 43 22 47 32 15 3 24 11 33 12 9 4 14
47 21 29 6 30 2 46 24 1 44 36 4 34 35 27 39 41 5 43 31 38 25 3 37 16 15 18 0 14 13 32 40 7 12 20 26 11 19 10 17 33 8 45 28 42 22 23
18 37 29 25 21 16 32 45 22 5 36 8 13 20 2 3 43 39 27 19 47 33 12 42 14 31 15 11 46 6 26 28 4 7 0 41 35 1 17 30 34 9 44 38 24 40 23
21 29 41 36 4 31 6 19 39 24 22 13 3 40 16 25 2 35 45 20 17 7 42 5 15 0 46 34 44 18 14 10 32 43 28 30 38 37 12 33 9 8 26 1 47 27 23
40 37 2 3 24 31 20 25 42 28 1 15 27 26 36 30 46 41 32 5 14 13 10 45 17 38 0 19 7 21 22 33 9 4 34 16 11 35 44 6 8 18 39 23 43 47 29
18 8 26 24 33 2 28 38 11 45 7 23 35 15 44 47 17 16 10 27 37 32 46 1 12 19 31 20 34 42 21 9 5 30 29 3 25 4 40 41 6 22 0 39 14 36 43
34 25 1 31 32 0 23 16 6 22 29 17 27 37 46 43 42 30 47 35 12 28 40 10 15 2 7 9 11 24 38 5 33 4 41 44 20 19 13 18 36 39 8 21 45 26 3
2 38 22 25 43 20 36 33 39 12 17 29 34 13 24 21 5 19 27 44 11 30 18 9 26 42 46 14 16 10 32 7 45 6 40 8 41 1 35 0 37 23 4 31 3 47 28
41 39 32 21 14 40 10 42 17 6 7 44 11 24 47 4 29 38 13 31 25 26 3 2 18 28 8 23 19 45 9 5 36 34 15 1 33 30 12 37 22 0 35 43 27 46 20
44 2 19 16 35 42 31 40 14 24 47 15 23 1 38 25 13 11 39 29 7 27 32 21 41 12 43 33 3 6 45 8 46 18 20 28 4 22 10 5 37 9 30 34 0 26 36
10 13 47 6 28 27 2 38 21 46 34 22 33 39 26 37 5 16 15 4 20 8 44 9 19 0 35 11 25 30 24 29 41 17 23 40 36 3 32 43 42 14 31 12 7 1 45
0 17 25 32 11 30 45 3 7 21 24 33 29 31 28 46 15 37 40 20 8 2 16 34 10 18 13 36 22 27 43 47 4 12 5 35 1 41 26 38 42 39 9 14 23 44 6
5 43 37 4 12 41 39 26 33 15 22 46 1 27 47 24 36 31 3 2 40 11 19 10 45 23 8 18 28 21 13 0 30 38 34 29 17 6 9 44 42 32 14 7 25 35 16
44 11 0 40 4 9 16 36 10 41 42 24 25 37 19 18 35 22 6 15 32 7 26 8 43 5 23 38 31 17 20 1 30 33 39 45 13 12 3 28 27 29 34 47 2 46 14
34 15 38 26 39 11 14 20 27 40 30 23 7 18 10 21 29 0 36 24 3 2 37 35 47 33 19 44 6 42 4 41 28 5 12 8 25 17 43 46 13 16 45 32 31 9 1
27 14 32 37 29 8 45 13 47 22 28 17 25 6 33 1 42 31 7 43 16 39 40 21 20 41 34 36 30 2 38 4 0 18 5 26 44 35 46 19 3 15 12 10 9 11 24
36 13 12 31 11 40 9 41 21 5 34 19 17 15 20 16 0 29 22 27 2 44 47 45 42 37 30 4 43 14 18 6 32 1 3 8 33 38 25 35 39 26 10 46 7 28 23
14 19 40 10 12 2 15 21 30 35 31 33 44 11 42 23 17 47 16 6 29 9 28 7 34 3 1 18 32 39 27 5 36 38 13 26 8 22 46 45 4 41 24 43 37 20 0
13 35 42 3 44 22 0 20 32 43 30 5 37 12 28 18 46 21 40 16 34 39 45 15 4 47 41 8 36 2 1 29 10 6 33 25 27 19 23 9 38 11 7 24 31 14 17
8 7 28 1 23 38 2 5 22 18 9 14 43 20 12 40 24 15 34 29 13 0 10 17 19 33 31 35 25 3 21 37 4 30 26 39 32 36 6 47 46 42 11 44 16 45 41
27 41 18 42 40 13 12 1 4 23 26 19 5 6 16 25 31 14 3 20 34 44 38 32 30 45 22 2 46 33 11 35 21 37 43 17 10 8 29 7 0 9 39 47 36 24 15
11 10 9 37 4 23 14 47 1 5 45 19 15 2 22 3 24 38 16 46 25 27 40 17 31 8 44 6 0 42 43 18 20 21 13 26 28 33 34 30 7 41 32 35 12 36 39
39 9 6 19 33 44 25 22 26 1 12 3 45 14 15 46 43 42 0 41 34 24 23 32 28 21 8 20 18 47 40 35 13 2 11 27 31 16 5 10 37 29 7 17 36 38 4
3 5 0 14 36 11 12 43 24 17 44 6 2 25 38 33 35 41 20 32 19 39 9 16 23 40 8 4 28 29 46 47 37 21 13 10 42 27 34 7 30 45 18 26 15 22 1
14 45 19 16 23 4 5 37 47 34 39 26 6 10 1 2 46 35 42 44 31 21 7 12 13 43 17 33 40 28 30 36 25 15 11 9 24 41 8 27 20 0 18 29 38 3 22
47 42 43 44 13 20 39 0 30 25 19 15 5 18 31 23 37 35 38 2 1 46 6 10 40 22 3 32 17 21 27 45 14 28 12 34 4 26 16 36 29 11 24 8 9 41 7
14 1 22 38 8 35 32 42 9 24 36 18 15 27 3 5 26 19 28 23 30 25 2 37 11 4 45 16 13 47 31 20 33 46 0 21 12 29 10 39 44 43 41 40 17 7 6
26 43 0 6 34 17 41 37 25 9 42 21 13 32 31 38 8 33 11 36 46 44 14 40 1 22 5 18 27 4 19 30 28 47 10 12 23 15 7 24 3 45 29 16 20 39 2
39 24 11 31 41 21 1 42 47 9 15 40 34 12 6 20 8 22 4 10 37 35 5 3 7 23 19 16 44 2 32 26 45 25 38 33 18 27 30 46 14 43 0 29 28 13 17
10 20 12 38 5 29 32 23 8 2 21 7 47 35 14 26 39 18 33 36 19 43 9 13 22 46 41 31 42 24 34 44 6 0 3 40 45 28 27 11 30 16 17 1 25 15 4
46 15 37 22 45 39 34 27 5 13 18 31 8 40 44 35 17 29 16 0 33 9 7 21 2 43 47 28 12 6 20 42 14 23 36 25 11 19 1 26 24 41 32 4 10 30 3
36 16 44 3 38 22 30 20 11 33 32 6 15 18 37 9 8 7 2 31 17 46 23 10 40 0 42 26 41 21 25 47 45 43 27 5 19 34 13 1 24 28 14 12 4 35 29
0 12 21 1 43 42 25 16 6 28 24 17 5 22 36 11 45 38 27 20 3 26 19 31 29 8 23 35 39 14 33 32 2 47 41 30 37 9 18 15 13 44 10 34 46 7 4
11 16 28 8 36 20 6 21 24 35 5 0 45 1 9 46 31 7 12 37 23 30 17 39 4 2 40 22 26 18 14 19 10 3 32 42 13 15 44 25 43 29 38 33 34 47 27
1 5 33 26 28 40 16 36 21 17 12 45 34 8 35 46 6 25 32 3 23 0 4 11 14 44 24 39 30 37 43 10 15 22 13 31 29 38 47 41 2 19 20 18 9 27 7
20 33 35 45 40 31 46 15 7 47 26 27 4 14 9 21 3 37 23 10 30 32 42 38 44 17 0 19 24 29 2 11 39 28 6 8 5 22 41 18 25 1 34 36 16 12 13
21 17 46 39 33 26 5 31 9 30 16 0 8 25 13 38 32 7 3 15 24 35 42 18 4 28 43 29 37 22 11 47 36 45 1 14 20 41 23 12 40 34 6 10 19 27 2
5 43 32 38 19 47 42 23 2 13 7 29 10 41 40 0 11 4 30 24 20 16 12 26 34 21 17 28 36 46 33 37 39 44 15 8 1 25 3 31 35 9 22 6 14 18 27
44 38 5 4 9 43 1 20 18 32 42 41 2 14 26 19 29 33 39 12 35 13 31 30 37 11 47 15 45 3 10 0 28 8 17 6 34 25 22 7 23 36 27 24 21 40 16
33 18 9 2 32 36 29 45 7 43 37 23 17 20 16 13 1 25 3 24 14 31 22 10 38 26 5 44 46 40 19 34 30 39 42 35 8 4 6 21 27 11 28 0 41 12 15
