19 41 42 39 16 36 2 38 9 8 32 17 1 31 20 30 22 5 34 45 10 40 21 37 35 29 46 33 25 43 18 3 23 15 27 47 13 24 12 26 11 44 14 28 7 4 6
5 20 35 14 44 41 24 28 37 0 25 4 27 38 13 11 46 32 47 18 7 40 9 33 2 43 30 36 34 23 8 22 29 15 17 26 19 3 42 10 39 21 45 31 16 6 12
20 34 44 29 24 38 0 36 5 47 15 19 1 17 43 33 8 40 4 23 22 14 28 31 41 27 46 32 45 9 13 18 3 26 35 11 16 6 21 7 25 12 10 42 37 39 30
21 40 39 7 33 36 42 45 23 14 6 12 15 19 38 24 8 4 32 16 28 44 17 11 13 5 29 18 1 0 46 41 9 35 47 10 30 20 2 34 22 37 31 25 27 26 43
42 44 40 7 30 28 37 24 36 12 19 1 18 20 16 3 45 34 21 35 5 13 8 22 14 23 43 41 15 33 9 25 2 27 38 46 31 39 10 26 6 29 0 32 11 47 17
38 24 1 13 9 33 8 2 15 39 20 11 7 31 42 30 19 47 23 16 17 0 25 4 10 45 40 3 18 12 14 34 36 46 21 43 27 28 41 6 32 26 44 29 22 35 37
32 13 43 11 28 34 7 35 42 15 30 3 40 33 24 41 10 47 26 20 9 19 17 16 22 39 18 8 46 45 29 44 27 38 21 36 1 14 25 23 2 12 5 4 31 0 37
36 25 3 43 4 26 12 23 21 6 17 31 38 5 44 42 1 11 16 9 28 35 32 8 24 37 46 15 47 39 40 13 30 22 14 19 10 2 34 0 33 18 29 41 45 20 27
31 19 43 27 5 0 18 20 15 37 17 9 14 44 13 3 39 40 23 1 21 34 35 45 4 7 47 2 29 6 30 26 28 42 11 33 38 32 10 36 16 46 25 22 41 12 24
27 37 14 5 35 10 44 0 12 36 45 20 18 24 8 32 41 42 1 39 19 7 21 30 34 11 6 47 25 4 46 28 43 3 2 40 16 29 23 17 26 22 13 15 31 33 38
25 38 9 44 33 28 42 30 45 46 20 27 47 0 17 22 40 6 39 5 23 11 43 18 29 24 37 16 1 14 26 3 4 8 31 13 19 41 36 7 21 15 2 12 35 34 32
19 27 32 44 6 15 36 33 46 5 1 43 40 30 17 7 26 14 45 24 41 29 16 9 37 10 31 42 12 3 34 18 20 38 35 8 28 22 13 39 25 0 2 47 21 23 4
43 21 17 23 7 40 19 25 4 9 47 35 3 14 18 39 24 31 13 16 45 27 42 46 11 29 20 5 28 15 26 30 0 36 37 38 32 1 33 6 41 34 2 10 8 22 44
46 6 5 16 31 27 35 42 44 34 25 1 30 12 8 17 15 21 22 23 18 36 19 24 20 32 4 3 26 28 38 33 37 0 11 45 7 14 43 29 2 10 40 9 41 47 39
34 9 32 47 1 30 28 22 42 3 23 15 12 45 8 11 31 21 36 33 19 26 43 40 4 17 5 41 24 39 20 46 16 2 10 27 35 44 13 6 7 0 18 25 37 38 29
40 21 41 28 11 8 6 5 25 36 24 14 35 3 2 37 39 31 26 45 32 13 33 30 1 43 18 4 27 7 12 17 22 16 0 42 46 29 47 20 19 44 38 34 10 9 23
38 24 13 0 33 27 19 45 25 30 4 5 28 7 21 12 11 3 46 6 41 32 29 44 26 10 14 15 20 1 36 35 40 8 23 18 31 9 2 34 22 37 17 47 42 39 43
19 40 20 47 12 33 31 18 7 0 8 42 41 28 36 21 11 5 30 2 10 13 6 1 3 43 14 46 44 22 39 15 34 32 45 37 26 35 27 29 24 25 9 16 23 38 4
30 17 8 31 37 41 4 28 9 12 36 29 1 35 46 33 13 19 38 25 21 39 15 10 5 6 47 3 11 27 43 0 20 34 40 23 44 45 22 26 2 16 32 42 14 24 7
36 17 0 11 44 8 12 16 32 4 26 5 28 3 23 21 43 2 9 24 14 31 37 35 13 18 6 47 46 40 45 29 1 27 41 25 38 33 22 39 10 20 15 7 34 30 42
21 1 2 17 42 23 8 35 26 46 27 44 5 9 25 34 4 29 39 0 10 30 41 33 36 6 13 38 12 11 14 18 16 43 37 24 3 19 15 40 28 45 32 31 22 47 7
3 20 12 15 38 41 37 7 44 22 31 19 17 23 30 34 14 16 26 9 13 45 4 0 8 18 35 47 29 36 33 32 1 24 42 25 43 6 39 5 40 28 2 46 10 27 11
28 31 47 41 37 44 21 25 35 14 30 0 36 10 13 43 40 1 24 4 45 6 34 17 15 27 32 2 11 18 19 7 46 38 29 33 3 23 16 26 9 8 5 20 12 39 42
43 12 7 20 41 36 27 24 37 3 29 26 14 32 40 39 5 19 21 47 44 25 46 1 13 8 10 4 2 0 31 45 18 34 33 42 16 6 35 9 22 30 17 28 11 38 15
5 46 16 28 2 31 1 34 41 4 47 23 39 15 43 9 11 12 33 3 6 38 19 26 44 13 32 7 30 22 36 10 40 14 29 35 27 21 0 20 45 17 25 42 37 18 8
45 10 33 41 36 7 44 12 22 15 35 20 1 29 13 40 16 26 31 28 23 38 5 30 18 9 0 37 4 27 34 19 21 42 11 6 8 47 17 32 24 3 2 46 14 43 39
37 7 47 43 31 36 20 34 39 45 23 33 19 38 25 11 15 21 24 27 28 6 30 14 1 42 13 16 8 41 29 12 32 0 10 17 40 18 4 2 44 22 46 9 5 35 3
9 11 43 46 13 45 36 33 16 8 23 20 1 39 10 34 28 30 37 26 44 12 42 29 38 40 31 25 15 19 18 4 47 22 24 0 6 14 2 35 5 17 32 3 41 21 7
22 24 45 15 14 6 4 34 46 1 35 10 18 31 19 17 25 42 16 30 40 27 7 26 37 3 41 43 12 39 33 13 8 9 47 29 11 2 32 36 5 21 44 38 0 20 23
39 37 35 43 2 23 34 20 25 40 18 32 36 11 1 0 46 27 42 19 10 3 16 8 12 21 24 6 38 30 26 28 44 15 13 17 41 22 45 9 33 4 47 31 7 5 14
18 46 33 4 14 42 31 37 38 47 6 34 45 22 5 10 16 0 11 21 13 28 35 20 17 27 1 9 25 26 15 24 44 8 29 12 40 32 3 7 36 43 23 39 19 41 2
44 8 22 17 13 24 30 41 26 36 46 21 34 38 18 7 32 5 0 28 25 12 14 15 40 45 19 43 11 27 23 4 2 42 39 10 1 33 16 3 37 6 29 9 20 35 47
11 6 14 34 0 19 35 38 31 23 9 1 29 40 33 3 15 45 7 24 13 36 41 16 43 37 21 22 8 17 28 44 47 26 30 42 2 12 18 39 46 25 27 5 4 20 10
38 25 30 37 17 3 16 27 5 11 10 41 26 43 35 44 6 24 1 14 20 32 18 46 15 2 0 47 39 4 34 28 21 8 40 13 23 19 31 36 42 12 22 29 45 7 9
14 44 2 32 37 28 24 6 31 26 30 20 29 13 42 0 21 36 27 1 4 9 47 8 11 22 33 25 5 39 40 45 17 18 23 41 46 43 38 3 16 19 15 7 12 35 10
1 29 9 13 37 20 32 6 22 25 28 12 33 15 39 18 30 41 44 36 7 38 43 19 4 8 0 21 40 42 24 11 46 45 3 27 14 17 16 2 23 47 26 34 10 5 31
19 25 7 47 0 27 3 2 4 31 11 26 23 9 39 15 18 46 17 42 29 34 22 14 35 1 13 20 32 24 21 43 41 40 12 44 28 5 6 8 16 33 30 10 45 38 37
9 34 33 26 29 4 21 22 35 30 23 1 18 8 15 27 19 28 11 0 39 41 7 25 32 10 42 43 44 20 13 38 17 12 47 40 3 16 31 45 24 46 14 2 36 5 6
16 5 33 10 21 45 2 46 0 30 31 32 7 43 1 42 26 3 25 44 24 35 18 27 41 20 40 11 13 29 8 4 47 37 19 6 12 22 34 28 15 14 36 23 9 39 17
29 3 0 36 26 5 24 20 23 12 35 27 15 9 45 8 10 37 44 18 41 6 33 17 28 14 34 7 1 31 4 21 11 43 47 19 32 30 40 46 42 25 16 22 2 38 13
17 3 15 47 4 12 44 25 23 29 11 45 1 6 28 43 32 31 0 10 8 22 14 19 5 27 35 2 38 24 46 34 42 41 7 33 18 36 30 26 16 21 37 9 20 39 13
42 0 25 45 15 1 21 22 31 24 43 23 18 33 17 9 44 35 20 46 11 6 32 28 37 16 39 4 47 38 14 36 26 19 3 40 2 34 29 5 10 12 8 13 27 30 7
4 41 0 30 20 13 3 6 14 17 10 5 38 7 47 34 9 36 28 45 27 12 26 11 29 44 1 37 35 8 40 15 21 31 32 23 25 43 33 24 18 46 2 16 39 19 22
12 27 23 7 6 29 8 26 41 33 38 24 11 19 40 44 1 35 2 22 31 14 17 28 15 10 4 0 32 36 18 47 37 46 9 20 21 42 39 5 13 34 30 25 45 16 3
4 31 34 19 45 2 11 25 1 9 22 21 10 46 13 20 40 33 7 23 41 43 8 35 38 24 27 39 3 17 42 30 16 37 6 29 32 18 36 14 0 26 28 15 47 5 12
25 47 44 41 28 27 38 3 9 26 30 16 10 14 40 11 39 0 15 4 31 21 32 42 8 12 5 22 19 34 6 17 23 35 1 13 18 2 24 29 46 37 36 33 20 43 7
24 13 30 27 28 38 31 44 20 11 1 36 10 18 23 41 33 16 19 12 0 29 17 7 47 6 40 14 9 3 43 4 15 35 2 5 34 22 8 45 32 26 42 21 25 37 39
45 14 17 40 36 26 22 24 30 12 2 5 42 1 23 10 34 6 19 8 9 33 21 18 41 46 7 43 27 28 0 38 32 3 37 15 39 25 35 44 11 29 16 13 20 4 31
