26 30 5 2
9 46 32 47
40 18 29 5 9 47
23 21 5 44
20 3 13
3 36 43 41
44 34 42 41 12 46
31 10 43 40 11 44
39 11 6 41 27 13 4 18 17 40
18 2 25 33
46 34 16 14
33 46
25 45 9 4
14 27 11 38
45 10 22 26 24
37 7 9 43
12 4 27 33 41 14 34 35 45
5 33 30 7 28 39 43
3 10 39
32 1 7
35 31 16 40 22 25 42
11 32 28 16 26 24 31
17 1 42 5 33
5 12 40 11 42
32 7
15 30 11 42 14
15 38 20 12 18
4 42 11 28 31 20
43 12 26 7 18
46 45 38 19 2 30 33 42 8 41 47
39 20 47 9 15 28 37 27
6 35 4
7 26 11 37
4 5 34 23 39
1 39 37 9 15 0
17 31 32 23 28
4 31 12 47 35
10
17 20 36 0 26 10 44 8 3
16 27 5 15 44 46
2 17 12 8 5 16 45
10 27 18 12 17 28
37 4
16 36 28
4 33 34 30 17
6 10 18 11 31
20 6 13 21
26 24
