29 22 7 25 19
15 39 45
6 9 19 18 4 24 41 23
9 5 46 24 1 14 31
10 35 44
36
14 5 16 46 21 1
32 10
10 18 47 9
8 35 0 24 34 36
9 16 24 20 47 13 15 2
7 40
7 43 13 5 24
10 3 8 14 22
5 25 28 32 40
44 6 33 38 2
45 24 4 32 0 22
3 9 42 12 15
17 35 39 20 36
47 18 0 13 3
35 28 31 33 1 13
27 46 18 29 9 3 41
20 47 35 36
45 29 1 14
34 26 36 35
29 26 37 19 44
45 43 46 37
8 6 15 32 7 4 0 36 2
4 27 16 18
31 46 43 21
40 9 21 44
25 8 11 24 12
29 15 7 39
30 46 41 35 47 3 19 28
20 42
37 43 9 12 3 16 47 21
38 5 23 37 46
0 27
44 5 43 47 34 18 25
22 20 5 38 11 30 1
36 39
44 5 14
14 5 9 3 12 26 13
39 2
0 46 37 21
28 46 7 10 12 42 22
9 45 4 17 42 26 28
31 30 15 3 6 9 16 39 1
