30 6 12 1 42 29 32 45 43 38 41 22 19 35 24 3 37 7 18 15 34 8 31 28 2 21 16 40 10 36 4 9 44 25 14 33 17 11 47 27 13 23 5 46 26 39 20
33 29 5 9 0 17 22 20 21 3 11 24 44 26 35 45 41 8 7 36 15 47 28 31 6 13 10 19 43 32 14 16 12 40 25 30 27 46 18 37 34 38 2 42 23 4 39
10 32 29 43 20 17 44 38 36 41 24 21 46 7 9 5 8 22 3 40 25 31 0 23 11 47 45 33 35 6 19 42 18 14 12 26 27 39 28 15 1 13 37 30 4 16 34
46 47 13 35 22 1 17 18 7 40 12 19 11 39 20 16 32 8 14 33 9 31 28 0 30 23 5 2 21 37 36 45 4 24 26 42 10 41 44 38 29 43 25 15 27 6 34
33 5 45 13 15 10 46 39 34 30 38 32 27 43 29 18 8 12 22 23 6 3 40 41 36 42 44 24 17 11 35 0 9 16 7 19 31 20 21 28 47 1 2 25 26 14 37
1 4 39 33 15 20 7 12 6 31 43 8 36 44 16 11 19 28 22 30 18 23 2 26 3 10 29 47 13 35 27 37 41 42 38 40 17 24 9 0 34 32 46 14 45 21 25
21 8 0 24 19 43 36 5 11 38 10 14 44 37 23 13 9 33 32 45 40 1 28 4 31 25 26 27 41 2 46 39 34 18 30 22 29 7 15 16 3 47 42 35 20 12 17
36 19 38 20 31 25 5 3 11 12 26 28 29 23 44 15 14 47 30 42 2 32 35 1 0 18 45 24 27 22 9 21 46 41 10 4 13 16 37 34 6 43 8 39 40 33 17
10 6 29 46 12 20 23 5 24 18 19 43 3 1 14 2 32 41 38 36 4 42 0 25 21 22 15 39 16 34 17 13 26 47 37 27 9 44 30 40 28 33 35 7 11 31 45
41 1 27 10 20 29 14 18 16 12 21 19 47 42 35 15 23 40 45 38 2 3 32 6 43 39 22 26 24 33 37 7 4 11 13 0 8 31 5 30 46 36 25 44 34 28 17
2 8 25 28 9 36 23 27 41 22 4 26 17 21 35 19 13 47 39 30 31 46 40 6 37 29 20 11 5 16 1 33 12 18 0 15 43 14 7 44 3 45 32 24 38 34 42
17 31 12 26 27 32 19 47 35 1 7 37 6 29 45 3 16 39 5 46 22 44 23 10 42 2 34 33 21 41 4 20 9 30 28 40 25 0 36 13 38 18 8 24 14 43 15
32 0 11 41 8 35 25 40 20 30 9 15 5 7 19 29 3 16 18 44 38 22 4 43 23 28 31 21 34 10 33 1 45 46 17 27 36 2 13 37 14 39 26 42 47 24 6
33 32 15 42 21 3 14 25 27 4 30 39 10 36 16 38 18 31 20 6 44 45 37 1 35 47 46 5 8 9 43 17 34 7 28 12 22 0 2 19 11 23 24 29 41 26 40
39 20 15 13 40 35 9 31 7 3 8 38 30 23 18 6 17 27 36 32 43 47 42 1 46 33 26 2 10 21 0 34 41 45 16 29 28 12 37 24 5 25 19 44 11 22 4
17 13 30 14 38 27 44 41 5 4 12 39 42 43 34 9 25 7 21 35 29 20 32 33 1 18 0 31 28 40 8 19 10 47 26 24 2 22 36 3 16 6 23 46 45 37 11
45 43 33 46 31 25 19 9 29 22 12 47 11 13 30 36 24 5 3 39 20 38 23 40 10 0 17 26 21 8 1 32 18 4 41 35 14 44 42 28 34 7 15 27 6 2 37
39 15 43 11 33 23 1 27 35 3 10 37 46 2 31 29 34 44 45 14 41 28 16 20 4 26 8 19 21 22 12 5 13 40 47 0 24 18 25 30 36 32 7 42 38 9 6
47 26 33 41 29 9 32 25 21 3 44 36 12 8 35 40 5 13 27 14 7 4 15 0 37 22 10 43 20 39 16 42 2 19 24 1 6 34 23 45 17 28 31 11 46 38 30
47 36 7 31 41 6 11 16 9 22 12 10 3 33 37 8 29 0 5 43 23 34 44 46 40 38 26 30 1 45 15 24 17 27 42 2 35 18 4 25 39 32 13 28 20 14 21
14 9 31 46 12 1 7 8 5 2 42 28 33 30 34 3 16 13 15 24 32 10 44 25 35 27 17 29 26 18 45 11 38 47 22 39 40 41 4 23 36 43 19 21 0 37 6
6 27 23 42 13 43 31 33 1 18 9 22 10 47 34 36 26 2 15 29 44 24 40 41 3 0 37 8 12 16 11 32 25 7 17 45 39 14 28 4 30 38 20 46 19 35 5
25 28 31 1 24 3 23 10 44 21 41 19 47 16 45 0 37 39 27 36 5 11 38 12 43 2 30 42 9 4 35 8 18 34 33 7 32 17 20 13 6 15 46 29 26 14 40
21 17 37 29 10 22 8 24 31 41 9 35 7 5 28 42 14 19 6 3 11 16 33 43 12 2 4 40 45 25 30 46 44 18 32 47 38 0 20 36 13 1 15 27 26 39 34
6 32 45 22 46 47 1 25 23 8 42 16 33 2 26 35 0 31 27 20 21 3 9 30 4 19 7 37 41 15 18 43 44 5 38 17 36 28 10 13 14 11 12 39 40 34 29
38 10 30 22 29 16 13 12 34 42 18 7 24 15 33 46 31 20 47 2 36 8 39 41 6 45 21 37 27 23 44 1 0 43 11 19 32 3 17 9 28 14 35 26 4 40 5
18 43 11 37 28 45 10 7 42 1 36 44 27 21 24 31 38 46 5 19 29 16 9 3 6 20 17 14 33 8 32 40 15 41 30 39 2 35 25 12 23 13 22 34 0 4 47
39 21 9 36 35 11 17 15 10 13 44 26 43 22 29 34 37 4 18 40 24 14 46 20 47 6 7 32 33 5 25 42 19 31 41 8 12 1 2 45 30 38 0 3 16 23 28
29 10 41 22 35 26 47 39 31 20 7 5 23 46 36 3 43 37 40 17 0 1 12 15 6 34 42 33 11 44 21 13 8 2 14 16 24 4 38 19 18 32 25 45 27 30 9
1 28 31 25 8 23 9 39 2 18 0 12 37 32 16 7 11 40 17 19 38 27 35 34 44 15 21 4 10 26 36 5 42 20 30 33 41 46 14 47 3 6 45 43 22 13 24
0 33 46 25 15 44 12 13 37 4 20 16 42 10 5 7 47 14 43 3 22 45 19 40 24 32 29 23 11 38 8 1 26 6 41 35 27 9 21 34 2 31 17 39 28 18 36
29 11 19 22 20 16 21 7 33 14 28 17 5 41 23 44 26 10 47 46 38 24 3 37 13 43 25 0 2 15 1 12 35 6 34 32 42 27 9 36 39 4 30 18 45 40 8
12 13 2 24 11 42 43 18 47 0 29 33 3 4 37 7 9 8 15 20 45 6 34 1 14 30 21 31 27 22 38 16 26 44 46 23 25 10 39 19 5 36 28 17 41 35 40
13 1 30 4 17 5 16 18 21 46 42 31 20 39 45 19 32 25 24 3 43 36 15 6 23 47 10 11 12 2 14 22 9 27 26 28 35 29 0 38 40 8 34 7 41 37 44
41 43 40 25 35 36 4 21 15 20 46 17 27 29 42 38 39 19 0 32 12 11 22 31 28 8 44 45 13 14 6 18 1 16 37 30 7 5 33 10 47 3 26 9 24 2 23
39 27 28 3 17 37 14 12 11 34 42 9 10 1 36 47 18 23 29 38 0 24 15 7 20 45 46 22 13 31 2 5 4 44 43 19 33 16 26 30 41 40 8 25 32 21 6
7 19 44 47 27 10 38 37 6 34 18 26 5 13 21 35 16 2 41 22 40 28 33 1 8 25 29 3 14 4 0 42 43 12 31 46 11 15 24 45 23 20 9 32 17 30 39
42 46 23 35 45 26 36 30 44 17 11 29 19 40 22 41 27 32 38 31 10 6 0 28 18 21 13 3 39 9 24 25 5 8 1 47 12 34 43 2 7 14 33 20 4 15 16
25 41 15 40 36 7 46 43 0 2 6 13 9 29 42 4 35 31 37 14 34 26 16 12 22 8 47 19 32 5 20 30 3 23 24 33 27 39 1 28 21 11 10 44 45 17 18
17 35 14 27 45 5 29 28 15 13 4 33 44 3 11 22 42 16 10 43 34 9 25 41 37 8 18 21 47 6 31 20 26 2 19 32 38 12 7 46 40 30 23 1 0 24 36
41 38 44 14 34 12 45 3 42 29 9 37 18 43 36 10 27 19 21 28 2 6 16 15 30 4 0 23 1 26 5 17 8 47 20 11 33 35 46 7 39 31 25 24 22 32 13
9 40 38 34 42 28 19 12 10 15 18 47 22 46 31 23 0 36 37 1 2 8 17 43 21 39 4 45 25 6 11 5 7 27 24 26 44 16 14 3 29 30 20 35 33 32 13
37 41 21 13 0 32 25 35 33 9 20 47 26 15 40 24 30 39 38 34 7 23 22 8 11 4 14 29 28 27 19 3 31 5 18 2 36 45 16 1 43 17 44 12 6 10 46
17 16 34 26 21 6 32 2 38 15 0 5 27 8 19 39 40 4 33 47 31 30 28 41 22 9 44 23 12 1 14 45 18 10 35 13 36 24 25 3 37 46 7 20 42 29 11
45 30 36 40 15 22 37 18 2 1 27 26 5 39 12 7 31 17 29 11 46 6 19 47 21 43 20 13 4 34 32 35 25 8 28 0 41 24 10 23 3 16 38 9 14 42 33
44 16 4 39 24 37 26 46 40 0 33 11 22 9 1 17 32 7 13 30 6 35 3 19 41 2 43 23 25 20 34 12 21 42 14 27 10 18 36 47 31 29 28 8 5 38 15
37 30 3 8 16 24 20 33 45 38 17 41 4 34 2 31 11 10 26 28 44 25 19 27 35 13 14 47 6 7 23 12 1 36 32 29 22 43 40 9 0 5 39 15 21 18 42
18 19 36 3 11 28 24 32 41 9 22 42 21 16 10 35 7 31 30 43 38 44 1 25 33 13 27 2 14 46 5 8 15 39 20 40 17 37 23 29 0 45 4 34 12 6 26
