23 51 12 32 20 14 40 46 53 17
51 50 4 44 20
45 20 50 43 24
0 43 38 33 28 17 48 18 55 31
32 8 30 40 39 22
36 3 8 49
40 31 51 39
30 31 51 38
45 1 14 38 40 11 43
12 13 24
22 26 43 52 36
9 49 51
6 35 46 11 49
1 32 34
37 9 34 7 43
16 47 52 40 6
43 3 52 7 26 2
33 18 3
19 53 43 48 47 44
5 35 40 41
31 13 25 4 6 1
9 20 25
36 49 2 8 17
20 0
50 40 2 7
0 54
43 11 42 50 22 3 17 7
28 0 33 2 17 25 52 1
12 19 8 49 27 38
36 23 16 8 50 1
5 39 27
19 28 54 16 10 49 32
1 14 10 55 51 27
55 9 45
30 29 16
33 36 12 31
48 16 49 51
54 46 50 10 55 31
47 44 46 32 30 45 36 14 29 5 12 3
19 2 40 42 25
31 14 30 24
14 30 37
48 22 21
10 26 34 30
30 4 53 24
4 43 51 26 19 55
45 31 18 40 35
41 31 53 52
6 45 20
26 20 31 10 55
21
8 36 55 41 19
25 6 40 54 37 17 4
33 36 29 52
2 28 43 12 13 16 17 18
17 41 7 48 6 37 1 22
