36 5 32
35 3 37 16 2 33
45 40 28
54 8 55
32 18 21
45 31 44 35
26 7 36 2
18 9 1
29 3 31 50
10 45 27 46 7
36 4 48 19 34 28 0
14 43 0 6 51 20
31 36 42 24 26 41 16 9
47 7 43 17 44 31
19 18 54 25 45
35 51 54 27 43 30
31 19 26 46 50
21 13 33 20 3 0
22 2 7 51 8
46 21 8 20 36
51 49
46 38 55 32
23 15 42 51 48 2
9 47 45 27 24
26 31 33 50 3
6 18
47 48 1 54
11 42 33
51 55 45
3 16 22 10
29
8 25 44 29 20 12 45 52
20 14 31 9 15 34 18
2 42 35 6 22 0
51 25 8 21 10
36 18
8 31 21 7 49 53
52 30 54 24 9 12 16
8 5 43 16
27 31 55
55 32 19 51 18 4 54
3 52 9 19 6 4 11 33 10
53 16
18 14 36
4 22 53 9
1 20 49 3 50
39 15 55 42 54 11 18 32 10 5 47
44 38 37 43 23 34 21 31
43
2 48 25 47
20 46 9 13 28 52 17 33
52 18 47 7 0 14 54 42
43 11 13
7 10 46 9 30 32 18 41 31 16 14
6 29 14 27 31 18
0 11 29 37 44 19
