39 49 37 54 20 14
44 35 19 24 32 45
19 31 49 16
39 44 33 16 38 6 4 40
19 14 5 35 51 15
29 45 42 52 14
36 19 42 46 41 47
42 39 12 21 5 45
12 14 4 11
38 14 32 25
39 24 47 19 15 41
36 44 50 51 29
0 15 34 46 50 37 38
44 50 45 42 21
6 24 11 42 45 1 39 8
53 28 8 32 17
25 37 26 48 32 23
0 13 8 51 9 14
3 11 46 51 52 25
3 39 10
24 30 12 51
41 20 33 23 50
43 9 4
46 28 29 3 45 12
21 33 29 23 28 30 53
42 32 13 19 0 55
19 16 1 34 32 47
31 26 25
9 54 53
15 52 23 10
44 11 32
41 28
46 27 20 52 38
32 11 6 23
42 2 51 28 26 43 31 33 29
22 16
12 25 51 21 45
3 18 16
35 9 47 0
17 28 5 51 2 55
21 24 39 41 7 16
0 52 5
33 25 51 39 14 26
30 34 13 40 6 26 22 15 7
47 51 3 46
51 26
10 55 53 23 35 25 27
54 44 1 35 31
16 14 30 5 4 26 53
5 29 21 35 2 55
40 27
55 5 34 19 4
44 17 6 51 3 36
25 49 41
42 36 9 44 5
54 5
