23 54 40 33 21
34 46 28 29 51 38 9 0
33 28 26 35 30 25
1 28 12
22 2 29
38 29
47 27 39 46 43 54 15
31 38 52 15 36 34
3 10 27 39
39 34 13 23 51 53 2
15 36 3 40 29 48
42 2 25
37 48 46 9
8 42 1 7 49
34 46 21 13
49 54 18
52
18 28 15 0 35 8
31 14 54 48 43 12 21
24 44 26 33
16 53 0 12 13 19 34 48
50 7 11 42 14
19 24 42 55 35
52 44 39 10 47 5 25
23 10 1 27 52
13 29 16 36 39
19 1 9 41 32 5
44 39 15 53 16
14 41 29 55 4 50
45 10 19 36 49 48 40
50 43 39 0 47 21
8 38 40 32 17
20
14 36 42 46 18 13 5 21 8 53
47 42 24 52 4 33
4 10 22
5 49 15 12 31
3 51 34 32 52
28 51 40 31
52 30 22 51 47
39 29 48 51 23
23 10 34 14 17 51
44 24
14 10 29
46 39 31 27 49 52
29 44 11 40
42 24 6
32
38 21 1 44 13
47 17 16 35
54 46 47 37 41
9 14 25 55 44
2 31 6 1 22 17 43 23 11
12 52 3 28 42 43
15 17 55 45 5 44 41 46 16
40 47 11 15
