16 15 24 36 2 54 22 25 4 30 34 20 44 32 12 10 29 9 21 31 19 28 43 1 49 33 11 47 27 26 39 51 37 48 50 3 14 35 38 6 45 53 40 8 23 41 46 5 42 52 13 7 17 18 55
21 5 31 22 9 35 24 13 27 11 18 55 40 47 20 36 23 46 42 48 0 16 52 17 19 34 54 2 53 51 14 3 4 39 50 45 49 6 44 38 15 33 32 28 12 43 7 8 30 25 41 10 26 37 29
45 51 37 43 35 0 44 32 17 19 12 21 27 14 10 28 25 36 31 15 5 50 18 48 20 33 7 1 13 6 54 42 3 34 30 11 52 40 39 38 29 22 16 53 47 46 55 26 4 41 23 49 24 8 9
8 45 30 23 22 21 25 27 50 37 32 42 35 34 14 17 52 5 16 13 6 24 1 10 2 20 54 29 12 36 47 0 46 55 7 41 38 44 48 18 33 11 40 39 26 31 15 49 43 4 19 51 9 28 53
13 20 51 0 35 53 28 45 43 31 55 36 16 49 44 7 22 40 23 18 37 32 12 50 8 5 21 42 46 9 29 26 1 10 25 47 24 19 17 38 41 39 11 33 6 52 34 15 54 27 2 14 48 3 30
38 30 1 25 20 49 16 39 6 34 55 23 44 26 24 47 2 32 31 36 17 4 10 3 46 41 28 45 53 50 27 8 13 14 43 18 12 19 48 11 42 7 33 54 52 40 51 21 37 0 29 9 22 15 35
36 37 34 40 12 28 5 23 18 43 26 54 55 50 27 44 32 16 24 45 3 2 39 11 41 38 15 33 8 49 9 29 30 51 10 0 1 19 14 42 7 21 22 53 4 46 52 20 48 13 25 35 47 17 31
49 8 19 21 10 22 4 27 46 30 41 15 51 40 50 53 9 32 2 12 55 44 43 37 29 47 26 17 34 25 23 33 24 14 36 5 3 28 31 42 6 20 35 16 39 38 45 48 54 11 52 1 13 18 0
12 11 50 3 14 7 34 19 21 36 17 53 10 31 33 44 4 46 13 47 52 49 38 5 55 43 37 18 6 24 23 9 45 16 29 15 48 51 25 35 0 26 40 22 42 20 39 1 27 28 2 32 30 41 54
47 15 36 45 1 42 0 40 44 49 22 43 52 23 21 46 32 7 37 27 17 4 33 19 11 51 29 48 39 41 18 13 6 8 16 31 54 10 20 53 38 26 30 55 5 12 14 35 25 2 28 34 3 50 24
23 26 25 36 45 7 16 0 27 11 2 15 34 40 21 54 17 8 29 39 53 38 5 33 18 31 41 52 4 3 24 13 55 30 32 14 49 50 6 43 48 44 37 28 9 20 51 35 47 19 46 12 1 42 22
8 53 15 38 55 27 1 23 31 10 49 32 18 12 29 47 0 19 48 36 30 46 14 42 21 54 34 6 50 35 51 9 24 2 52 40 5 44 20 4 13 25 17 41 33 45 22 7 3 43 16 39 26 37 28
8 34 28 35 30 32 36 53 18 0 26 6 2 29 52 54 25 19 49 39 16 11 51 20 13 46 4 45 21 31 47 15 42 7 43 24 3 40 5 50 41 48 14 37 23 55 44 1 38 9 10 22 17 33 27
4 29 1 31 50 41 20 48 40 46 44 49 19 55 22 47 38 12 28 35 8 52 33 25 3 30 51 15 2 5 10 42 14 32 43 16 37 9 23 36 11 27 53 34 17 45 7 18 24 6 0 54 21 26 39
8 23 16 37 19 48 33 42 25 34 44 2 24 55 27 28 21 38 46 39 43 20 3 22 45 17 53 11 5 40 1 15 30 52 13 10 26 31 0 47 7 18 6 41 12 51 49 36 32 9 50 54 29 4 35
0 11 33 9 49 48 47 10 16 21 24 18 7 2 25 53 40 27 12 42 52 29 23 43 13 19 46 14 54 6 38 36 22 51 35 55 17 8 26 31 1 39 4 32 28 30 20 41 3 5 34 44 45 37 50
0 36 14 50 46 4 5 10 15 37 12 28 43 53 48 23 1 55 44 3 54 17 26 49 6 33 45 20 19 52 32 13 42 39 30 2 9 8 24 35 38 51 7 22 21 25 18 31 11 40 29 41 27 34 47
33 20 35 2 41 28 8 32 10 46 52 54 26 3 43 5 14 1 16 49 31 24 9 42 19 50 25 7 18 39 47 36 44 4 38 55 15 22 51 40 27 11 53 45 23 13 30 34 12 37 0 21 29 6 48
50 41 47 33 28 1 12 21 42 6 20 26 39 11 4 15 19 2 40 35 31 10 24 32 55 48 53 43 49 17 8 5 9 29 45 14 23 34 38 22 51 46 25 36 52 3 16 54 13 44 27 7 30 0 37
44 35 7 27 30 14 33 2 26 8 38 49 12 13 0 22 18 23 11 1 36 15 17 9 16 46 45 50 52 51 47 4 5 54 20 21 6 43 42 37 29 31 41 53 55 32 24 40 48 10 39 28 25 34 3
24 55 51 48 4 26 17 53 46 0 5 42 29 52 13 1 18 45 54 38 14 27 12 25 30 39 43 50 34 40 2 28 16 3 41 49 37 31 44 19 33 11 36 35 10 9 7 23 47 21 6 8 15 32 22
1 49 3 7 55 26 22 52 18 2 8 31 50 15 14 10 0 30 34 12 9 4 23 41 38 35 11 25 36 37 45 42 39 54 43 27 40 19 28 46 6 44 32 16 5 20 33 51 29 53 13 47 48 17 24
37 48 25 34 0 3 1 38 23 21 7 4 28 54 9 13 19 14 36 52 43 50 47 45 24 30 42 51 15 46 2 26 32 17 53 18 27 6 16 31 49 35 41 11 44 8 55 33 29 12 20 40 5 10 39
10 27 44 3 14 34 22 11 46 6 38 52 42 41 32 5 4 1 50 49 33 16 19 9 21 51 15 55 40 48 54 26 45 47 7 36 8 35 18 13 53 24 30 12 28 0 29 20 17 2 43 25 31 37 39
20 0 37 51 52 1 36 53 44 14 33 5 15 47 40 26 42 18 38 6 17 28 3 46 41 10 35 50 32 12 22 11 48 4 8 54 39 7 23 29 16 34 30 49 2 19 25 55 13 45 27 31 43 21 9
32 41 10 22 0 3 5 50 44 54 14 53 12 2 29 38 20 15 52 55 37 13 47 31 21 40 39 4 17 49 7 35 34 42 30 11 46 8 18 27 51 33 16 24 48 1 43 9 23 36 45 19 26 6 28
10 32 36 20 48 21 41 40 19 12 29 42 18 52 5 6 31 17 51 24 27 16 30 55 4 39 35 0 23 47 7 43 14 50 53 49 22 37 15 54 34 38 8 9 2 45 3 1 28 33 11 44 25 13 46
23 46 19 29 11 1 3 10 42 2 36 14 37 7 31 20 52 6 35 15 30 9 26 5 0 55 45 32 21 28 54 33 50 40 47 51 53 17 22 43 25 13 4 44 49 38 48 8 34 18 39 24 41 16 12
37 32 12 54 4 18 35 6 29 39 17 14 22 55 2 16 30 0 13 43 34 40 52 5 24 47 20 33 36 53 44 41 27 7 21 49 45 10 42 23 1 50 38 48 15 8 31 46 26 19 9 11 3 51 25
39 27 13 50 46 20 26 12 42 0 35 28 47 48 33 54 11 55 25 10 36 30 34 15 40 4 7 32 44 3 9 18 6 2 8 24 19 23 5 45 37 21 22 16 53 31 14 38 49 51 52 17 43 1 41
5 3 12 42 43 0 19 48 34 36 37 39 47 50 40 7 28 20 21 29 27 11 13 26 14 10 55 38 2 22 49 53 6 16 52 46 25 44 24 23 33 35 31 9 17 15 1 54 8 41 45 51 18 4 32
1 48 33 4 11 13 53 54 21 32 27 38 0 26 41 2 8 5 12 55 18 10 17 25 42 39 40 20 14 35 46 47 34 9 7 43 37 15 49 45 22 30 19 44 36 16 51 3 28 29 24 23 52 6 50
39 26 25 28 47 33 12 46 37 49 2 0 11 31 23 3 17 35 4 54 5 9 6 7 41 18 40 27 55 51 29 24 38 43 10 36 13 16 34 48 53 45 22 21 1 15 44 14 19 50 20 52 8 42 30
53 32 17 15 18 31 40 19 14 35 38 29 55 24 47 43 51 23 49 8 48 0 10 13 2 54 42 16 9 6 36 28 20 7 52 27 45 41 5 4 39 30 11 50 1 25 3 21 34 37 22 46 44 26 12
12 6 22 55 23 0 8 35 42 30 14 5 40 10 41 36 39 53 3 50 21 28 52 48 46 37 29 45 20 49 1 11 2 43 32 38 7 25 31 18 51 24 54 26 4 33 13 17 44 27 16 15 19 9 47
2 19 12 55 17 4 1 53 34 28 29 33 51 38 36 44 32 3 13 39 27 18 43 21 26 41 50 24 11 37 47 40 48 31 25 46 23 15 0 54 52 20 45 16 8 10 7 30 22 49 42 9 14 6 5
26 6 39 0 10 16 9 12 37 4 42 30 40 51 53 24 27 8 1 35 34 2 29 5 11 38 22 19 54 21 48 33 45 32 28 3 15 23 17 47 7 20 46 13 49 41 18 55 43 14 31 52 50 44 25
22 2 28 6 24 32 14 36 55 30 3 51 27 16 4 50 41 49 9 34 53 25 52 44 7 43 8 21 54 48 45 46 35 0 20 13 10 26 31 39 19 12 5 38 47 29 33 40 42 17 1 11 18 23 15
5 42 49 11 22 44 45 33 19 43 23 35 14 20 31 13 25 50 41 10 36 24 51 21 8 47 6 32 30 15 34 17 0 4 2 54 55 1 3 18 39 16 26 7 9 37 12 27 28 53 40 48 46 29 52
32 36 29 43 5 30 28 18 12 14 54 34 42 51 20 10 35 47 46 48 6 26 31 25 55 1 53 0 49 41 21 44 9 17 2 24 40 16 50 4 37 15 38 33 45 7 8 3 27 11 19 52 22 13 23
51 6 33 26 1 36 41 34 13 9 46 4 30 10 55 7 24 45 48 28 15 47 18 20 32 23 29 14 25 54 12 31 2 43 35 11 49 52 39 53 21 27 17 0 5 8 44 42 3 38 19 37 16 50 22
25 18 26 54 45 49 40 17 13 50 23 52 44 34 7 31 37 38 32 5 42 10 21 35 24 6 20 39 43 9 28 55 33 3 4 12 11 14 53 0 36 19 22 2 48 15 1 16 27 47 30 51 46 8 29
47 38 44 54 30 51 9 20 34 36 18 29 26 27 14 23 48 3 39 49 1 46 24 4 12 41 15 52 33 17 2 11 45 31 13 21 22 16 5 25 55 6 7 28 19 53 0 50 40 8 35 37 10 32 43
2 47 50 39 30 4 38 6 44 9 14 33 16 0 28 17 20 46 55 22 15 35 7 37 12 8 18 34 32 26 5 53 41 13 21 40 48 51 49 52 10 31 19 27 36 1 11 25 23 45 24 54 3 29 42
19 23 55 42 2 52 0 38 4 25 14 24 9 45 41 43 13 5 35 47 8 6 16 54 7 49 37 29 50 28 39 53 17 20 11 46 10 1 30 3 21 27 12 22 32 31 40 34 18 36 33 51 26 15 48
2 3 53 50 10 9 4 38 41 47 20 44 51 40 12 14 34 5 6 42 54 16 55 27 22 19 21 36 23 37 18 48 1 32 33 0 8 28 35 46 31 39 11 7 17 29 26 13 49 52 24 43 25 30 15
27 54 20 32 16 29 23 40 13 7 14 1 17 12 8 9 34 42 5 43 51 39 11 4 15 50 24 19 37 49 47 48 31 3 22 35 44 30 52 36 25 21 2 45 18 6 0 53 33 10 28 38 41 55 26
32 42 43 9 18 48 54 45 1 50 29 15 30 13 33 44 49 5 24 11 40 8 39 12 0 55 25 28 38 22 7 26 4 23 19 35 3 17 46 52 14 51 36 31 27 2 20 37 10 41 21 34 6 53 16
22 20 26 31 30 14 47 15 54 29 13 42 52 49 16 1 33 40 34 11 2 39 18 23 36 37 24 9 0 43 5 46 35 32 45 10 12 3 8 51 7 6 28 41 25 27 19 50 55 38 53 4 21 17 44
7 21 38 53 5 32 15 4 41 11 19 9 12 13 48 47 42 23 37 33 51 0 17 16 34 8 44 20 18 39 46 30 25 10 6 40 1 43 26 28 55 36 31 50 22 52 14 27 35 2 24 54 45 29 3
8 18 45 43 55 16 25 29 54 3 47 13 41 21 30 23 37 34 38 6 7 2 4 20 22 5 46 11 35 24 17 19 44 12 1 0 26 10 27 39 49 33 51 42 28 14 52 32 36 48 53 40 31 9 15
2 20 40 42 4 24 36 35 37 45 12 33 39 7 26 49 54 46 23 38 13 1 32 53 11 0 9 19 22 43 15 47 6 27 17 34 10 8 48 16 18 14 25 5 50 21 31 55 44 30 29 41 52 3 28
24 44 21 12 20 23 41 26 48 27 17 9 25 3 34 54 13 1 28 22 8 15 42 10 37 16 55 19 14 11 2 53 40 47 33 43 30 35 46 5 4 49 6 18 7 50 36 45 0 32 39 31 38 29 51
33 11 45 20 4 49 35 12 36 31 24 25 8 34 55 16 7 15 10 37 14 5 1 18 39 51 43 52 28 30 44 26 32 40 54 23 27 0 2 22 42 9 41 17 6 13 19 38 46 21 50 29 48 47 3
0 42 55 46 28 50 41 47 25 48 12 31 20 22 29 39 10 6 17 32 52 51 16 1 33 44 2 36 45 11 23 15 40 37 3 21 19 24 27 38 35 9 53 5 34 26 4 7 18 14 49 30 13 43 8
44 20 35 34 54 11 50 21 4 37 1 5 14 33 28 13 40 29 53 6 25 31 16 47 43 23 18 7 27 26 8 45 39 32 10 30 52 41 3 17 15 38 42 49 2 12 36 9 19 22 24 48 51 46 0
