55 16 41 31 11 13 46 37 25 29 50 23 40 26 52 48 1 18 14 53 44 51 21 24 22 4 6 8 47 27 7 5 35 3 36 28 33 42 32 54 39 45 34 49 30 19 2 43 20 17 10 15 38 12 9
54 49 53 15 47 42 10 38 26 51 55 12 3 48 19 37 5 0 14 39 41 2 29 16 8 13 27 40 18 33 9 44 11 24 7 6 31 36 17 46 52 34 28 4 43 21 25 22 23 45 35 32 30 50 20
47 26 38 28 41 25 9 20 44 15 6 10 27 35 5 52 13 11 14 18 1 31 55 32 54 48 21 50 8 40 16 49 42 4 43 3 19 23 36 51 46 24 29 53 34 0 39 45 22 37 30 12 17 33 7
9 12 34 54 10 33 50 29 22 46 17 20 1 42 44 45 24 13 55 4 37 51 49 47 31 6 52 28 36 0 48 43 27 40 53 7 2 14 21 26 41 38 39 18 8 23 5 19 32 30 15 35 11 16 25
28 30 37 24 31 36 40 53 7 46 50 54 52 12 45 18 42 21 8 17 34 0 3 9 6 22 15 2 35 43 20 29 41 47 32 33 16 38 5 23 13 39 44 25 26 10 11 1 51 48 27 19 55 49 14
46 51 30 42 12 38 24 25 26 18 14 44 53 32 50 2 45 28 1 34 17 6 23 55 52 0 35 36 49 39 16 10 7 29 4 41 54 9 15 21 37 8 19 31 47 13 40 48 11 3 43 22 20 27 33
45 26 47 13 48 43 50 31 55 2 19 29 38 51 20 15 21 23 5 34 9 14 0 25 8 16 3 4 27 54 33 18 49 30 1 32 52 28 36 35 46 40 41 44 17 11 53 22 24 37 42 10 7 12 39
10 31 48 21 29 27 51 4 26 43 9 13 55 45 53 11 41 52 28 49 16 22 17 18 0 14 46 30 1 36 3 5 44 50 19 32 12 35 37 54 33 42 23 39 25 47 24 15 38 34 6 8 20 40 2
37 41 44 16 42 9 55 13 15 54 12 28 30 34 24 45 14 27 25 43 53 49 23 18 4 48 36 0 1 6 21 46 2 20 32 31 51 50 26 19 47 5 29 3 38 17 22 11 33 7 35 52 39 10 40
29 3 26 40 51 41 22 8 2 25 54 7 43 37 12 39 27 49 38 45 55 31 46 33 6 17 23 4 48 34 1 53 13 18 5 35 36 14 15 20 19 21 10 44 28 50 42 11 16 24 47 52 0 32 30
27 42 7 55 49 41 30 3 54 1 48 24 23 44 38 12 14 2 43 35 18 20 37 17 28 34 32 47 29 16 11 45 25 5 31 13 19 52 51 40 4 46 26 53 9 33 36 6 21 0 15 39 50 22 8
16 28 18 14 29 0 50 35 45 37 13 36 44 41 12 7 27 54 47 20 55 2 21 51 31 17 38 10 24 30 33 32 1 42 22 26 25 34 39 43 46 4 15 53 40 6 5 23 8 48 52 49 3 9 19
23 5 3 43 27 47 49 52 42 33 18 36 25 30 46 54 31 8 35 9 1 10 11 21 4 29 34 50 22 15 45 44 32 24 51 37 20 13 28 19 38 14 7 48 17 41 40 39 16 53 55 6 26 2 0
32 33 38 6 36 44 16 50 0 23 55 8 51 43 17 11 7 53 35 28 25 48 40 34 2 3 24 49 29 52 54 31 1 14 45 30 21 12 9 10 42 22 4 41 39 46 18 26 19 5 20 37 27 15 47
18 54 17 11 22 39 28 5 26 49 24 10 8 1 35 38 0 30 2 27 42 53 6 45 20 13 16 46 19 7 34 37 52 55 43 40 48 3 41 12 47 9 36 44 23 29 32 33 31 25 50 15 51 21 4
50 19 23 25 1 27 36 34 51 8 24 29 2 44 52 18 38 35 20 16 6 17 31 33 32 43 55 28 12 39 42 53 41 4 30 47 54 22 5 49 26 45 37 9 11 21 3 7 48 46 40 13 0 10 14
11 0 51 37 8 36 50 13 25 21 40 27 31 19 49 47 28 43 15 48 20 32 34 7 33 1 45 35 6 10 41 2 14 39 5 17 23 4 53 30 54 44 18 26 55 29 46 42 24 12 9 3 22 38 52
52 46 29 14 35 53 44 13 20 3 37 55 15 49 42 10 54 50 5 51 19 27 31 32 11 4 38 9 43 7 36 22 30 33 21 25 23 16 47 1 40 12 26 41 18 8 45 6 0 39 34 2 48 24 28
39 55 11 14 30 26 21 52 24 12 37 46 5 40 47 44 29 15 51 10 54 48 0 32 31 41 23 4 2 45 8 53 7 34 42 1 36 28 6 49 20 43 50 9 16 33 13 25 19 3 17 35 27 38 22
34 30 15 31 49 22 25 45 20 47 16 6 42 21 43 1 37 17 44 36 39 26 14 29 38 53 23 40 10 12 51 2 28 7 27 8 41 52 18 35 9 13 5 0 55 32 3 50 54 33 48 4 24 11 46
24 36 45 38 49 19 55 34 22 27 2 21 26 32 39 54 25 17 30 53 3 15 40 46 6 16 10 11 37 47 29 50 14 8 4 12 42 35 48 31 51 41 18 52 33 9 23 0 13 44 5 7 43 1 28
52 32 26 55 25 42 18 48 39 7 54 16 47 20 30 37 28 44 36 19 31 12 40 6 23 11 4 0 50 38 45 2 8 17 13 53 24 3 49 5 22 35 34 43 9 29 1 15 51 41 33 10 46 14 27
31 42 46 30 39 19 14 9 36 48 43 40 34 20 3 51 12 52 0 7 17 38 25 4 27 54 26 47 11 13 41 32 15 21 35 33 29 45 53 1 8 37 6 55 24 2 44 50 5 23 16 18 10 28 49
26 12 24 53 15 54 13 48 45 32 25 42 10 0 46 27 55 33 28 6 18 21 5 8 29 9 31 47 50 51 17 16 41 19 49 30 44 52 4 2 34 39 40 14 37 20 7 3 1 43 11 36 35 38 22
30 26 33 20 4 39 23 47 18 5 15 25 10 37 14 8 34 44 3 51 55 43 13 0 40 49 12 29 11 53 32 1 50 54 41 45 27 21 2 38 31 35 36 46 28 42 52 16 6 22 7 19 48 9 17
38 21 31 51 15 5 19 39 16 35 2 30 9 12 23 0 20 24 46 32 45 13 37 36 42 27 55 8 29 34 6 53 44 33 22 43 17 10 11 4 49 48 18 52 54 1 7 40 14 26 47 50 28 41 3
21 24 23 6 35 9 18 2 40 28 51 39 5 47 33 45 7 20 1 14 0 41 55 37 36 19 54 31 44 50 48 52 22 8 34 49 11 3 4 15 16 38 30 17 13 10 43 32 42 25 27 53 29 12 46
10 42 35 54 44 12 53 43 15 7 52 20 16 49 38 9 23 41 8 2 30 48 55 11 25 47 29 17 14 39 0 1 6 31 32 46 22 45 3 24 37 19 50 33 28 51 18 36 26 40 4 13 5 34 21
4 11 34 26 40 2 47 14 43 21 8 16 36 13 5 23 7 15 29 32 10 50 31 55 53 37 35 18 3 38 42 0 12 6 19 49 1 44 27 24 51 39 9 33 48 45 41 54 46 25 52 30 22 20 17
51 9 36 17 37 53 7 11 48 3 33 0 15 43 18 6 55 44 12 25 27 45 20 30 1 13 42 28 23 34 46 10 24 19 54 4 5 49 31 38 39 2 8 16 14 22 21 35 40 50 47 52 41 26 32
24 4 38 35 18 5 22 19 25 10 34 32 12 21 20 8 48 54 47 27 14 29 31 17 41 11 13 15 45 40 6 7 23 52 16 46 53 36 39 49 26 43 0 50 37 51 55 3 33 1 42 2 28 44 9
43 46 25 22 0 4 41 19 7 6 37 45 53 16 55 12 35 21 54 15 9 18 17 2 11 52 49 23 33 32 13 28 3 26 30 27 36 39 48 20 42 8 10 47 29 1 44 24 5 14 38 51 50 34 40
21 50 13 43 39 49 30 36 47 23 20 41 51 5 25 55 18 15 16 35 33 17 28 2 12 37 10 31 34 27 40 44 11 24 4 8 42 46 6 22 7 0 48 53 26 14 45 19 3 1 52 54 29 9 38
24 13 39 12 26 3 29 45 48 34 42 23 15 55 43 47 9 32 51 31 16 36 25 1 6 17 11 46 4 44 53 0 50 18 27 20 54 37 22 35 49 7 14 28 10 52 40 30 38 19 21 41 8 5 2
19 28 44 45 3 49 42 38 37 50 15 30 22 20 53 51 33 8 36 24 13 12 5 16 6 43 4 25 10 46 32 29 18 35 52 9 47 14 26 39 23 11 55 0 1 21 2 17 31 40 41 7 27 54 48
53 26 30 27 51 42 25 11 17 12 37 54 15 13 10 31 2 39 14 32 46 16 38 34 28 5 50 44 4 43 0 20 52 9 47 55 49 6 7 40 45 24 21 19 22 33 36 18 29 1 3 41 8 23 48
20 29 53 16 13 4 22 51 15 12 32 38 11 28 21 44 34 52 25 42 26 19 8 33 17 50 31 37 41 18 5 55 3 46 0 7 30 43 45 47 9 6 2 1 14 49 24 35 27 10 23 39 54 48 40
4 8 16 55 50 45 29 54 34 18 31 47 0 11 21 24 35 9 17 25 1 44 10 19 20 26 52 3 32 43 28 36 42 12 49 14 40 46 27 39 51 15 7 5 53 33 23 30 22 38 6 13 41 48 2
25 43 45 30 50 13 2 5 20 47 34 1 36 27 15 10 48 42 6 9 53 14 54 17 21 52 11 51 35 49 22 46 19 28 44 4 29 12 24 3 26 41 40 8 55 31 37 39 33 7 18 0 23 16 32
18 52 50 24 22 21 54 33 26 14 25 43 32 51 46 20 9 55 35 40 1 27 19 15 16 31 5 48 44 30 34 4 29 41 13 23 0 53 11 37 47 3 2 28 7 12 45 38 17 49 36 10 8 42 6
9 26 28 4 54 22 16 42 18 48 41 52 0 20 45 21 13 39 46 24 53 1 2 32 55 30 47 19 37 3 14 10 44 17 35 23 6 49 11 38 12 50 5 29 25 33 27 51 43 34 15 31 7 36 8
53 8 0 31 9 2 10 46 40 32 11 27 7 26 47 52 18 50 1 16 43 15 30 36 54 44 4 23 20 42 24 5 55 22 14 39 13 3 19 17 6 12 38 45 28 21 33 29 35 37 34 51 25 49 48
53 21 22 10 8 27 5 47 34 35 12 45 40 1 23 33 19 38 3 25 36 17 4 14 51 29 15 50 18 46 2 37 20 28 31 11 32 41 13 0 43 44 54 26 7 16 52 48 24 6 30 49 9 55 39
48 38 51 31 12 27 6 32 39 22 28 46 13 47 29 7 9 16 10 49 19 8 54 33 24 15 34 17 37 41 25 35 4 50 3 18 53 2 36 14 55 45 42 11 30 26 21 1 0 23 52 5 40 44 20
8 34 49 13 27 50 53 52 5 17 2 15 18 51 10 11 21 36 3 37 24 29 0 46 19 12 26 25 32 41 35 1 38 33 23 39 7 4 40 16 47 54 45 42 31 14 48 28 6 9 22 20 43 55 30
6 53 38 34 37 55 20 19 23 47 42 11 31 26 33 8 25 7 40 5 3 9 51 4 29 18 12 21 16 14 48 49 10 13 30 54 27 36 46 24 43 0 44 35 15 52 22 32 17 41 28 2 1 39 50
31 5 17 22 0 41 18 4 39 43 12 3 23 25 20 50 40 9 44 55 35 34 29 8 49 38 14 27 33 42 7 53 36 30 37 32 48 45 2 1 13 6 10 51 47 52 11 16 54 24 28 15 26 21 19
2 6 48 24 28 42 12 38 45 26 1 37 21 32 18 43 19 16 51 30 41 11 49 27 20 33 55 23 52 3 0 10 4 15 34 17 22 40 31 36 35 44 14 53 8 39 46 5 7 25 29 54 50 9 13
43 47 21 7 6 23 22 52 29 40 10 33 30 38 0 13 16 1 18 27 49 54 8 2 9 55 45 51 53 26 31 39 20 3 46 14 12 32 25 44 28 50 5 42 4 11 37 15 19 36 24 41 34 17 35
1 44 10 19 34 20 12 50 32 27 52 16 14 9 43 17 48 47 55 8 7 13 31 3 53 24 38 46 45 2 5 18 6 37 23 51 29 26 30 28 15 35 25 21 54 36 0 33 40 39 42 11 41 4 22
32 15 38 37 54 39 16 44 13 11 49 6 34 53 3 4 0 5 17 46 55 41 12 51 21 20 28 42 23 2 36 26 35 43 24 52 8 18 7 33 27 30 40 48 19 29 9 31 1 47 22 25 14 10 45
29 16 43 5 25 9 26 35 36 39 15 7 55 13 1 32 34 44 18 47 6 22 45 24 17 11 0 42 33 50 3 38 23 48 12 52 53 20 49 8 54 19 10 2 37 46 27 30 28 4 31 21 40 41 14
21 17 39 18 12 48 27 44 49 15 40 53 4 0 36 7 2 41 22 31 55 37 13 5 38 47 54 3 34 51 26 14 50 30 35 23 10 6 19 1 45 20 46 25 42 24 43 33 29 11 32 8 28 9 16
42 41 45 35 55 36 29 23 1 4 27 44 50 31 34 5 17 52 20 13 7 38 0 8 18 14 49 28 40 25 15 48 24 51 9 19 46 43 16 33 3 21 30 47 39 2 37 10 32 11 22 6 12 26 54
1 50 14 27 39 21 37 23 40 3 10 9 12 8 20 4 35 30 18 11 31 17 43 38 48 2 13 26 52 6 55 41 29 45 22 51 24 5 15 16 0 44 49 42 33 7 46 25 19 28 47 32 36 34 53
0 18 21 53 37 45 10 20 8 6 13 51 31 1 7 32 29 23 39 27 17 25 9 33 26 11 49 24 50 47 3 52 15 2 46 5 28 48 54 36 40 14 41 43 35 34 16 19 30 38 22 12 4 42 44
