19 47 16 36 26 54 43 18 31 33 37 13 14 9 40 41 50 44 6 5 8 22 4 38 3 1 12 21 11 34 32 55 20 17 30 42 35 49 29 46 7 27 53 15 51 23 48 39 52 45 24 28 25 10 2
15 24 23 28 13 27 43 39 4 26 51 9 36 35 48 45 31 18 11 46 16 52 41 0 8 38 25 37 29 12 40 44 47 32 7 21 53 54 30 17 20 5 10 6 34 50 3 19 14 49 55 42 33 22 2
8 34 33 41 4 44 28 25 35 13 42 40 7 16 37 32 51 45 18 17 21 29 49 15 39 55 36 3 54 52 20 6 22 43 9 14 23 30 19 48 50 24 38 5 12 11 10 53 46 31 47 27 26 0 1
48 6 5 21 49 54 14 52 18 42 15 17 13 25 10 29 24 19 0 43 46 37 4 44 12 35 2 7 40 30 32 47 26 55 8 16 23 11 41 50 51 1 34 31 28 38 20 36 9 53 33 27 39 22 45
28 34 55 5 42 2 46 1 43 50 23 16 36 0 13 17 7 18 40 30 20 21 8 3 6 19 24 33 38 41 14 29 53 54 12 48 35 25 32 51 47 37 9 22 31 49 15 45 52 26 39 11 44 10 27
42 13 4 9 39 34 3 53 15 19 54 18 6 26 33 10 20 46 30 0 55 25 17 11 41 49 47 44 14 7 36 35 29 51 45 24 23 38 22 2 1 28 31 16 52 37 27 40 8 43 12 48 50 21 32
28 26 41 21 38 3 44 18 12 7 10 49 16 55 5 13 29 9 37 51 25 33 20 0 24 11 45 36 34 40 39 32 4 42 46 2 50 8 17 19 47 14 35 43 48 30 15 54 27 31 52 1 22 23 53
19 54 10 48 29 52 16 32 6 43 25 26 8 47 55 41 40 24 9 2 15 36 23 4 50 38 30 46 14 21 5 13 53 3 45 28 35 1 33 20 27 22 0 49 11 12 51 34 44 31 42 37 39 17 18
50 2 48 51 34 42 28 54 33 37 12 20 25 30 7 14 39 45 27 11 44 40 0 16 10 41 18 1 4 21 23 31 26 47 55 6 17 35 22 52 53 19 29 3 13 49 38 15 9 36 43 5 46 24 32
22 28 52 5 24 55 51 47 19 34 35 1 45 6 43 40 0 7 15 36 27 14 39 32 44 37 17 50 21 18 42 30 25 20 2 48 49 54 38 16 53 41 12 31 4 29 8 46 26 13 11 3 33 23 10
7 40 17 6 49 48 5 14 19 23 53 29 54 41 3 15 52 8 13 22 12 33 35 55 31 50 25 43 11 38 28 27 32 18 42 45 24 36 2 44 1 34 16 47 37 46 21 26 4 20 0 30 9 51 39
13 20 21 47 34 55 26 46 39 40 53 44 1 45 8 33 52 6 38 5 49 24 0 42 43 16 54 30 15 10 29 41 23 51 48 27 35 50 32 7 2 3 25 22 19 14 36 12 9 4 31 37 17 18 28
55 36 42 8 6 18 44 19 49 21 41 35 53 40 0 10 52 46 3 1 15 27 34 39 32 30 13 4 16 33 45 54 48 29 38 9 2 24 7 23 25 37 28 31 11 43 50 14 5 26 51 47 22 20 17
44 22 11 32 55 42 5 46 40 24 1 39 17 20 0 49 54 2 28 14 34 6 31 21 26 35 3 52 38 10 43 4 33 19 50 15 41 25 30 47 7 36 27 12 45 37 53 48 8 51 29 16 18 9 23
23 17 15 35 18 26 46 54 3 32 13 0 19 37 10 16 38 52 8 47 50 9 34 49 45 20 24 5 7 41 55 4 43 39 31 33 6 42 2 25 29 27 53 48 44 40 51 30 36 1 22 11 12 28 21
1 50 31 14 36 39 46 41 5 21 27 23 40 54 38 7 9 3 43 22 47 26 34 32 10 17 24 51 20 48 35 13 45 2 53 12 42 29 11 49 16 55 6 33 0 18 52 25 8 28 4 44 19 30 37
41 46 0 36 45 7 39 19 6 42 28 55 14 29 2 1 4 51 33 8 24 48 25 27 32 47 20 23 30 11 34 38 40 17 22 49 12 35 43 15 37 31 52 44 9 54 21 3 5 50 18 13 10 53 26
14 21 44 36 13 45 10 27 50 31 54 29 3 28 53 15 9 4 2 5 24 41 37 52 0 22 16 25 6 42 8 30 40 51 23 19 1 20 55 34 33 35 32 38 47 46 48 7 49 39 11 18 12 26 43
42 36 48 0 14 6 12 29 28 5 35 38 54 44 3 1 40 46 23 20 41 2 31 4 37 8 25 24 9 33 53 34 32 52 55 19 30 27 15 49 39 10 51 43 45 47 22 26 16 50 13 7 21 17 11
7 21 0 29 34 20 5 9 12 28 16 14 48 10 54 39 41 44 26 35 27 3 47 13 23 55 42 37 22 4 50 30 24 6 31 43 2 33 18 53 8 45 17 40 32 46 49 1 11 51 25 15 38 52 36
30 34 43 11 40 27 47 46 26 28 22 19 35 44 13 8 45 5 31 36 18 6 14 15 54 42 50 4 39 16 52 21 0 33 53 37 24 55 51 2 9 7 32 17 38 29 1 49 48 3 41 25 10 23 12
19 17 40 27 6 11 24 53 15 3 36 39 13 22 12 28 38 50 0 33 2 46 49 4 8 45 9 20 7 25 43 52 55 1 48 42 16 54 23 32 30 29 51 47 37 26 35 10 41 18 14 5 31 44 34
43 9 13 28 20 37 29 21 38 15 44 30 0 39 51 34 10 36 48 19 24 45 32 31 17 55 46 2 16 40 49 8 47 7 27 54 42 5 23 26 4 18 50 52 33 53 11 25 14 41 35 6 12 3 1
14 34 41 1 35 45 24 28 33 55 25 15 29 40 43 4 10 38 18 36 27 30 26 7 52 50 19 39 48 54 8 16 47 44 46 2 53 32 31 11 51 17 42 5 0 22 49 3 21 12 37 6 13 20 9
42 1 39 44 9 13 21 23 43 41 7 52 51 48 30 50 25 33 3 15 6 16 53 49 17 14 31 11 18 29 22 4 20 26 19 36 45 5 32 38 2 10 12 34 47 35 37 0 54 28 55 46 8 27 40
43 2 34 8 7 23 47 6 54 3 24 48 50 46 16 41 5 32 18 1 26 13 38 30 10 53 33 51 9 21 17 39 37 4 14 55 52 44 49 28 36 15 12 29 11 22 31 35 42 19 27 20 40 45 0
31 6 0 20 29 53 49 46 14 11 1 37 7 5 34 27 42 13 50 52 15 19 55 23 44 33 47 48 35 25 8 36 30 24 54 40 41 38 39 28 32 3 45 43 22 18 51 9 4 21 12 10 17 2 16
20 21 38 17 48 1 42 46 52 33 15 26 51 31 8 43 28 9 32 23 19 16 36 54 50 40 29 47 55 12 13 41 53 7 34 22 18 14 0 11 10 6 35 44 45 5 37 25 24 49 30 39 2 4 3
6 9 29 4 35 8 22 44 1 20 32 2 34 23 33 18 42 49 43 19 13 16 45 21 27 40 37 31 17 54 48 53 38 47 30 7 50 46 36 26 41 25 10 5 52 15 12 51 0 3 24 14 39 11 55
54 28 38 7 55 19 52 26 18 33 46 53 23 32 6 40 16 31 22 17 50 10 3 48 2 24 41 27 1 42 4 35 37 15 51 5 43 34 30 11 8 14 0 12 20 49 45 9 13 25 21 44 39 47 36
20 38 43 45 46 33 55 8 54 5 24 22 23 48 4 7 50 25 16 13 9 28 37 19 26 49 0 42 53 40 12 3 41 11 44 2 39 17 29 1 35 18 6 32 21 14 31 51 27 36 15 47 10 34 52
26 15 39 50 0 17 20 13 1 29 27 28 18 37 24 10 8 22 49 43 54 32 14 46 44 35 19 38 53 36 23 48 41 40 34 16 33 45 47 6 9 5 4 52 12 42 3 7 30 2 25 11 55 21 51
13 37 43 28 53 7 46 14 29 34 44 38 55 51 39 2 15 27 9 45 54 42 16 25 0 6 22 35 12 50 31 1 18 33 3 23 4 20 26 24 10 30 19 11 48 21 17 52 47 41 40 36 8 49 5
2 37 54 53 8 0 23 28 34 29 46 30 27 5 50 52 42 51 6 11 24 16 43 55 26 13 10 40 21 41 20 4 25 35 18 49 14 32 7 12 19 45 31 15 44 47 17 39 22 48 38 3 9 36 1
2 20 4 23 8 19 53 11 28 5 33 25 9 13 32 26 37 43 42 35 14 49 38 47 15 22 6 0 36 50 16 40 12 18 29 27 52 31 44 48 45 17 55 7 24 1 3 10 54 39 51 46 41 30 21
28 14 51 23 20 2 45 46 40 9 18 1 38 13 34 42 47 12 19 39 50 44 15 10 26 3 33 32 7 29 5 0 31 8 4 16 41 6 53 30 27 11 49 43 54 37 17 24 36 25 52 22 21 55 48
37 0 17 48 12 18 43 16 46 15 53 21 1 49 52 20 45 9 55 44 23 4 7 22 38 51 27 50 6 54 34 5 26 2 13 42 24 41 31 28 25 10 8 40 39 35 14 11 3 32 30 19 33 47 29
33 32 36 8 0 41 22 26 40 14 34 6 52 2 43 28 39 9 51 31 50 38 18 17 3 19 1 20 30 55 47 46 54 29 25 13 44 16 48 53 4 35 5 12 24 7 27 23 49 10 21 42 11 15 45
30 29 40 6 27 46 53 18 44 32 35 15 14 22 23 34 43 21 13 0 11 55 36 49 37 28 7 1 25 39 4 16 50 26 51 42 31 48 10 41 9 5 47 24 20 12 2 8 54 45 17 52 33 3 19
24 45 31 13 5 15 1 46 47 16 11 53 21 50 32 8 19 52 9 37 22 35 51 23 6 20 49 43 2 38 40 12 14 25 30 55 26 44 18 41 0 33 48 36 42 4 7 29 34 27 17 54 28 3 10
43 51 49 20 21 38 55 13 10 50 11 35 23 37 2 15 29 7 9 0 18 28 8 53 12 4 33 48 6 54 27 3 1 39 34 26 47 30 16 46 22 17 42 31 52 19 41 45 14 36 5 44 32 25 24
16 2 45 51 23 6 37 15 47 24 7 0 43 19 12 54 50 10 18 8 1 25 17 5 46 33 13 29 14 4 42 26 27 30 36 35 11 31 28 38 40 44 39 9 49 52 48 3 32 22 55 20 53 21 34
24 5 13 18 4 8 53 12 27 28 16 2 51 26 3 33 34 46 35 54 32 20 19 55 11 6 9 44 50 29 41 30 52 36 0 17 15 43 14 38 40 49 23 48 21 22 10 45 47 31 7 39 1 25 37
22 40 20 30 44 0 36 32 51 25 1 7 24 45 28 4 9 41 23 34 15 54 27 37 38 33 13 3 52 50 39 11 31 48 10 14 21 2 49 53 42 19 29 55 16 6 26 18 35 47 8 12 5 46 17
13 43 17 24 28 6 2 20 12 55 54 38 53 11 32 18 45 0 8 19 22 36 26 9 35 46 50 5 3 23 42 1 31 52 30 37 25 39 16 34 41 14 33 49 27 10 7 51 48 29 40 15 4 47 21
41 39 54 16 23 30 17 53 35 43 49 20 9 1 28 51 44 36 8 11 47 2 14 32 6 48 21 15 22 52 7 46 24 55 13 12 50 33 19 5 31 40 26 34 27 18 29 10 42 0 38 4 25 37 3
16 13 20 36 4 15 53 48 27 26 33 29 30 11 39 32 35 14 38 47 1 5 18 42 50 51 25 44 3 21 7 12 41 6 52 37 49 22 40 31 45 23 28 0 19 2 9 17 8 10 24 54 55 34 43
0 20 48 11 9 39 41 7 25 46 14 45 15 34 35 19 26 51 16 5 49 28 23 52 13 27 8 37 53 40 1 6 22 4 3 31 38 54 55 33 18 42 43 24 21 17 32 10 2 50 44 12 29 30 36
8 7 36 18 47 3 27 46 10 19 1 53 24 55 25 16 15 22 28 45 30 40 29 54 26 23 51 43 9 4 38 2 21 31 6 11 37 12 42 34 14 13 0 49 41 32 39 20 33 52 44 17 5 50 35
40 26 10 28 6 13 45 3 50 36 12 54 34 55 14 38 24 11 21 5 39 2 47 31 30 46 33 43 16 22 0 9 51 15 25 42 7 18 29 44 41 8 35 48 23 20 4 53 19 1 37 17 27 52 32
8 15 31 40 51 17 4 49 33 39 29 0 26 14 41 24 46 21 25 35 37 23 36 9 7 20 43 30 13 44 34 55 27 10 19 42 54 32 38 6 28 45 53 2 11 22 16 18 3 1 52 12 47 48 5
40 8 41 35 43 9 50 52 1 42 27 54 32 6 45 24 33 16 46 2 22 15 37 36 39 47 48 25 55 20 53 38 29 49 5 4 23 11 17 0 18 14 7 13 3 28 21 30 44 26 19 12 34 31 10
9 7 29 27 51 36 3 54 37 33 14 24 39 53 1 26 11 10 13 23 43 12 20 55 47 17 45 46 2 21 42 44 18 8 25 34 16 40 15 6 41 0 28 5 31 22 32 38 48 35 4 50 19 49 30
33 42 34 32 45 21 5 26 46 36 29 11 39 38 44 52 10 48 40 17 12 24 28 20 15 25 7 47 30 4 18 43 51 55 27 1 23 8 19 13 31 35 0 50 14 9 37 2 49 22 41 54 3 6 16
29 7 45 33 0 8 13 5 3 44 14 17 18 15 52 51 19 30 49 43 25 41 10 28 42 32 20 36 48 27 40 23 2 26 11 50 37 31 4 9 1 55 12 22 16 6 47 35 21 38 24 34 46 53 39
4 13 12 29 40 9 11 44 23 6 30 7 16 32 36 48 49 26 5 33 38 19 42 10 50 2 52 0 20 37 27 14 8 51 22 21 53 45 43 18 25 39 54 15 3 17 47 34 1 24 41 46 35 31 28
