37 22 19 49 55
48 16 31 36 18
25 43 28 10 29
31 18 43 0
40 9 28 50
12 33 45 8
32 31 9 12 53 22 40 33 24
6 39
38 4 50 2
28 27 29 14 16 50
31 6 40 23 29 4
45 19 6
31
47 32 48 0 4
30 27 15 11 53
36 8 43 7
5 30 10 49 19 12 42
30 38 10 34 19 42
5 53
3 20 52
47 55 4
2 26
37 24
3 43 21
10
44 5 13
5 1 48
42 18 20 43 33 44 41
38 44 48 35 29 26 53
3 19 16 11 4 36
40 21 17 34 19 48 10 44
30 26 48 42 35 4
25 29 2 34 39 37
50 53 34 52 41 17 55
19 6 27 4 12 54
52 36 10 9 14 29
25 10 7 40 6 9 23 21
34 16 33 55 23
30 22 46 44 23 36
9 6 43 32 36
35 16 50 0 54
10 1 16 51 0 29 21
44 47 11 46 53 17 7 25
29 0
43 25 46 16 12 42
13 30 22 44 53 41
17 31
50 10 45 43 25 46 53
43 22 26 27 13
32 6 21 7 40 24 12 1 11 46
13 28 21 6 49
0 47 42 22
6 18 20 27 35
12 43 30 16 48 24 19 6
47 7 10 43 4 25 28
45 40 35
