14 27 24 9 41 46 43 53 7 10 44 2 25 23 45 30 39 20 6 15 40 29 5 11 33 19 34 49 42 32 4 26 35 21 1 54 17 28 51 47 18 3 52 22 38 31 12 36 16 50 8 48 55 13 37
39 40 42 34 21 13 18 28 26 52 23 22 20 41 11 53 30 54 27 9 51 12 4 2 10 45 55 44 36 48 29 38 33 37 0 25 43 17 19 50 3 8 31 46 7 49 32 5 6 15 14 35 47 24 16
54 4 20 42 39 14 55 6 22 16 0 28 13 34 40 50 19 29 51 38 43 10 44 26 30 9 3 32 12 11 1 48 23 7 27 41 21 5 49 35 17 15 47 53 18 8 37 33 24 52 45 31 25 46 36
21 30 25 11 12 16 35 40 41 24 17 55 53 46 18 27 43 5 44 20 34 52 6 7 14 2 13 33 45 22 28 47 19 49 48 0 50 1 31 8 9 37 36 39 32 15 42 38 4 54 51 23 29 26 10
27 46 2 21 35 24 5 43 40 44 36 14 9 10 11 6 54 26 37 23 29 48 16 30 15 33 7 19 1 42 0 32 50 12 28 17 22 38 53 8 34 51 31 18 41 45 20 49 55 52 25 3 13 39 47
38 16 4 53 43 24 15 39 13 49 11 32 44 9 0 21 3 14 6 29 37 22 31 19 12 28 26 2 40 17 55 34 30 50 36 51 25 52 20 48 45 7 18 42 1 46 33 8 41 27 10 23 54 35 47
19 50 21 51 2 12 43 14 37 46 13 34 23 31 42 48 28 11 0 55 4 9 5 15 22 24 3 38 26 30 35 20 45 39 53 41 18 32 10 25 17 29 36 27 47 7 44 33 54 1 49 8 52 40 16
45 16 10 0 24 54 30 51 17 50 49 12 23 37 9 52 46 31 26 43 33 3 4 8 40 25 14 2 19 21 53 32 38 34 36 39 6 5 18 1 15 29 11 44 42 13 22 35 48 47 41 28 27 55 20
30 26 54 27 12 25 32 49 29 11 15 24 17 36 40 13 41 18 9 28 23 19 21 52 14 33 16 44 53 7 22 38 34 10 45 46 51 4 42 20 2 1 48 31 3 47 55 50 37 39 35 0 5 6 43
34 45 13 0 43 51 54 40 31 49 30 7 32 25 38 36 26 4 28 35 42 33 5 16 48 8 18 46 6 44 23 21 47 1 17 2 22 19 27 37 50 11 10 3 12 20 15 55 52 24 39 53 29 41 14
11 12 17 40 7 0 50 42 52 43 18 33 4 21 51 27 2 48 31 38 41 30 35 37 32 19 1 13 14 53 15 22 8 55 6 9 46 24 54 29 47 26 34 36 49 25 45 23 28 44 39 5 20 16 3
37 10 19 3 49 45 22 25 54 8 44 21 6 33 5 47 1 38 4 42 50 24 0 32 29 18 16 55 23 2 40 41 20 27 35 30 9 15 26 51 46 34 48 7 28 14 52 13 39 31 53 43 12 36 17
17 10 50 14 18 15 35 45 42 8 21 3 6 47 7 48 41 23 19 28 40 20 33 43 25 1 44 5 2 32 30 4 38 27 49 54 39 24 13 31 36 26 37 55 0 9 29 34 46 22 51 53 11 16 52
49 9 28 46 1 6 38 2 5 44 31 47 26 8 41 54 24 35 19 37 17 27 25 33 3 55 14 10 20 48 32 53 16 40 50 22 18 45 43 12 23 51 52 15 30 21 7 11 34 36 42 29 4 0 39
15 0 12 29 40 2 51 25 6 46 55 49 28 4 54 33 47 32 50 5 19 27 45 34 8 3 18 13 7 43 10 39 38 36 24 52 53 20 41 16 21 11 42 48 44 22 35 1 30 31 37 17 26 23 9
14 19 16 12 26 5 48 31 47 24 8 46 0 50 54 18 6 49 41 4 29 27 36 51 53 20 32 52 39 42 37 10 40 34 25 2 35 55 11 28 44 30 43 33 17 7 13 9 38 3 1 22 23 21 45
32 7 18 15 29 44 5 46 42 3 2 38 27 9 55 34 36 49 45 4 11 41 54 19 21 35 8 22 24 25 37 17 20 13 40 30 50 47 31 43 52 14 48 0 26 23 33 51 28 39 53 12 10 1 6
43 54 12 49 24 10 26 37 46 7 27 23 28 3 8 29 41 39 50 55 33 48 13 42 9 31 52 45 51 18 44 53 16 4 35 5 0 2 20 38 1 32 30 6 21 36 15 25 34 14 47 11 22 40 19
52 16 12 31 28 27 19 1 44 47 29 10 51 23 3 36 41 8 9 15 50 33 11 42 20 34 54 21 43 53 14 17 45 48 38 13 26 37 6 2 22 0 30 24 39 25 7 4 5 40 49 46 32 55 35
6 15 11 31 25 29 36 18 53 44 41 2 38 27 12 34 20 14 21 0 13 24 8 28 16 5 54 4 47 10 35 9 7 26 51 55 43 33 40 30 23 45 3 1 52 37 48 50 49 46 39 22 32 42 17
45 2 23 33 40 25 24 21 49 42 46 0 39 1 19 12 32 26 18 44 3 51 41 52 22 15 53 13 38 6 29 16 11 17 36 47 8 31 5 43 48 14 9 4 27 54 28 30 50 34 10 37 7 35 55
53 3 4 1 41 6 12 45 20 55 51 44 40 54 11 24 10 27 5 52 19 43 9 26 23 28 18 32 8 16 25 38 48 2 7 46 29 30 0 49 37 50 36 39 17 34 14 33 47 13 31 22 35 15 42
41 2 45 24 11 47 38 37 1 54 23 31 40 55 52 6 5 51 26 32 49 20 9 16 8 29 42 48 3 13 4 30 10 36 18 39 0 53 44 28 27 34 7 12 46 19 14 21 25 15 33 35 43 17 50
52 25 20 48 49 55 26 7 17 6 0 38 51 1 18 12 47 22 46 32 28 50 9 8 53 41 4 37 21 36 39 11 40 2 34 19 54 13 31 24 33 27 35 30 45 44 42 29 16 10 43 15 5 14 3
17 44 0 4 29 34 20 5 26 7 45 22 3 15 49 21 8 11 43 13 33 31 19 46 6 51 16 41 35 38 42 14 47 12 25 23 37 10 28 2 18 40 27 32 30 36 9 50 55 52 54 1 48 39 53
26 23 3 37 38 19 14 54 20 8 34 52 0 48 11 42 47 36 9 40 27 46 55 49 12 13 31 30 21 16 7 45 32 50 29 51 1 15 24 33 41 5 6 43 28 44 18 35 10 2 22 17 4 53 39
25 8 17 15 24 29 50 53 43 23 35 45 49 9 1 7 13 4 32 40 2 20 21 39 22 46 33 51 6 28 5 0 19 47 30 18 34 48 54 12 41 11 31 10 38 44 16 52 42 55 36 27 14 37 3
4 0 32 34 8 42 47 51 18 16 17 49 45 35 50 25 55 21 3 10 19 14 1 13 15 36 41 43 48 29 2 9 40 11 46 39 12 33 53 52 23 37 24 6 38 31 54 22 20 44 28 5 7 26 30
13 45 46 31 18 41 1 2 36 14 6 30 17 9 38 23 12 8 40 52 21 19 47 37 39 42 51 43 26 5 4 29 54 3 49 0 35 34 24 15 50 44 25 48 22 53 11 33 10 20 32 27 16 7 55
14 16 24 19 26 53 8 18 0 43 48 2 55 17 37 50 5 4 11 32 15 33 41 46 44 49 27 42 22 30 36 35 51 1 21 20 28 38 25 54 40 31 47 6 10 45 34 7 23 12 39 13 9 3 52
3 8 43 53 48 7 44 9 0 28 54 31 36 45 2 1 4 10 25 37 29 6 40 34 12 21 47 26 16 19 22 5 32 11 17 52 41 23 55 33 51 18 15 38 24 13 46 49 20 35 14 42 39 27 50
19 18 28 40 32 41 43 45 15 51 55 46 9 6 30 7 13 22 54 10 37 49 24 5 17 25 48 36 34 33 44 47 29 12 23 20 16 3 50 8 26 1 4 52 0 27 2 38 21 53 11 39 14 42 35
16 27 31 37 35 8 42 38 43 9 53 5 47 48 39 14 55 23 26 11 20 29 36 21 22 2 10 0 15 4 12 13 25 51 7 30 50 17 6 54 24 52 44 3 33 1 41 45 40 28 19 46 49 18 34
42 35 20 34 36 47 55 10 11 14 9 7 48 12 24 0 52 17 41 18 37 29 4 26 13 8 45 3 31 46 19 1 43 27 53 40 25 44 23 2 30 50 51 15 6 21 49 32 28 39 5 16 22 38 54
48 9 1 27 33 55 24 25 6 50 2 35 44 47 19 16 38 43 18 0 3 14 49 31 23 37 30 45 8 5 7 15 26 4 28 51 42 21 11 10 29 52 53 12 22 39 40 13 17 41 20 32 46 36 54
52 4 33 12 46 3 55 32 26 53 27 48 38 9 34 43 45 13 42 39 10 16 19 40 24 29 6 0 51 17 2 11 28 15 23 41 54 25 36 49 37 8 7 47 14 21 30 1 44 22 50 18 31 5 20
44 53 37 19 52 33 28 4 25 9 49 48 30 8 47 18 39 16 42 54 55 32 23 27 15 43 29 31 1 45 14 20 5 21 12 7 22 51 6 17 40 10 35 0 24 3 50 46 41 13 11 26 34 2 38
11 25 17 36 32 6 47 54 7 45 22 40 29 4 55 31 13 5 23 41 33 53 28 10 16 43 30 49 42 34 9 1 15 18 21 50 24 19 2 44 27 12 3 35 8 48 38 52 46 39 14 51 26 20 0
5 25 48 46 16 32 13 22 9 53 23 35 55 11 28 19 2 43 34 40 10 6 54 44 21 20 8 24 50 41 1 29 18 14 4 12 7 17 0 27 26 47 30 15 31 39 37 45 52 51 33 3 42 49 36
1 53 2 5 0 45 20 51 32 36 17 46 47 23 35 26 28 41 44 14 15 6 50 27 52 49 12 21 22 42 40 7 43 18 3 8 34 38 19 33 48 29 11 9 10 31 55 37 16 30 25 24 4 13 54
1 31 14 10 20 51 53 3 4 9 21 50 2 25 0 37 8 46 38 22 26 12 43 28 55 7 42 23 41 11 35 45 30 5 27 13 52 19 16 15 29 44 33 39 47 24 36 48 18 34 32 6 49 17 54
21 0 22 31 28 44 52 45 3 47 42 19 1 12 8 18 13 17 23 33 15 10 16 37 29 20 27 24 40 39 43 11 49 2 38 46 6 51 25 30 35 26 14 32 4 55 48 34 36 5 53 50 7 9 54
1 2 33 27 12 16 44 55 32 10 25 20 6 41 49 54 47 9 11 36 18 35 17 45 50 28 0 4 40 29 51 22 37 24 15 53 8 43 39 34 23 52 7 5 26 48 14 3 19 30 13 31 46 38 21
17 45 30 9 0 44 53 31 5 6 4 51 54 26 32 10 47 29 38 2 3 35 7 34 24 40 46 21 12 48 18 55 27 28 36 37 41 14 19 33 49 13 1 42 50 16 39 20 25 52 15 23 11 22 8
24 16 42 43 41 36 46 0 21 4 18 30 11 13 19 53 48 5 55 34 2 9 3 20 12 29 8 52 38 1 39 17 54 31 40 33 50 47 37 15 28 25 23 6 45 51 32 22 7 26 27 10 14 35 49
7 49 9 20 43 28 12 21 46 41 31 22 24 11 27 0 37 26 39 30 35 54 16 14 52 42 17 33 1 18 51 53 25 40 3 6 36 50 34 48 13 19 8 23 29 5 2 44 47 10 4 32 38 55 15
4 28 13 0 16 45 17 44 38 35 14 6 50 31 53 20 15 47 7 25 3 23 52 40 9 39 49 43 55 24 29 26 21 33 48 27 41 8 10 11 1 54 12 19 30 22 18 51 5 32 37 36 34 42 2
49 27 12 55 37 15 18 22 41 54 25 46 33 50 32 11 42 13 43 14 23 36 34 53 9 28 39 19 48 52 26 30 31 24 3 2 20 16 0 29 44 40 6 10 8 45 38 21 35 7 1 51 5 17 4
34 53 23 38 30 15 25 12 35 6 54 36 32 44 9 29 10 33 4 17 50 43 27 52 47 2 21 31 1 13 22 46 18 45 51 26 55 3 5 49 8 20 11 28 19 16 40 37 41 39 42 14 7 0 24
45 13 17 23 47 11 8 7 14 27 20 9 24 26 36 42 5 25 16 31 46 52 15 22 0 29 37 41 34 2 28 43 54 39 21 12 51 3 53 48 35 10 1 33 18 19 30 4 6 32 44 50 55 38 40
12 6 26 10 46 7 34 40 27 47 54 15 2 14 11 29 23 17 53 18 48 55 42 4 38 25 45 13 39 51 9 16 5 21 37 32 44 43 1 3 33 31 28 8 19 52 0 24 36 20 49 41 35 30 22
52 6 14 40 9 27 21 43 7 31 23 18 39 10 2 53 55 1 24 20 22 26 28 15 17 42 45 19 29 35 32 50 48 25 49 41 8 0 5 36 34 30 13 33 4 11 44 12 46 16 38 54 47 37 3
23 18 51 35 54 41 36 25 10 7 1 46 21 22 33 53 49 55 28 45 3 20 8 17 44 48 47 15 40 39 14 27 19 30 5 2 0 16 13 31 43 32 42 34 50 11 26 37 9 38 24 4 6 12 29
21 39 48 0 30 43 40 5 36 26 29 46 35 19 38 32 44 3 1 54 51 23 50 47 52 37 18 8 15 20 45 17 10 13 7 4 6 33 42 27 2 49 55 14 22 34 28 31 12 11 9 41 16 25 24
2 17 8 52 25 9 7 43 37 14 11 47 21 30 48 50 42 22 4 31 15 53 13 36 45 1 18 16 19 38 55 44 28 0 29 49 23 12 26 32 10 35 46 6 27 20 51 24 3 5 33 41 40 34 39
2 34 42 23 21 35 47 14 31 33 38 3 27 6 16 44 29 25 32 37 22 17 51 36 52 11 46 50 40 43 13 1 54 19 5 48 10 15 30 53 8 12 41 26 9 24 4 39 18 45 49 28 0 7 20
