20 53 25 12 30
32 7 48 12 42 18 54 41 26 27 35 34
55 51 40 24 44 31 38 23 49
25 16 9
10 31 22
11 47 38 21
8 53 34
10 6 8
40
26 10 34 25 2 40 5
33 2 21 11 46 54 22 51
36 44 48 24 3 52
20 14 46 53 4 15
31 15 48 33 8 45
15 38 7 48 1
29 51 34 35
2 41 6 53 51 40
23 42 55 28
1 13 54 4
26 12 9 47 38 3 15 7 4
40 22 46 21 50 42 27 33 36 1
52 26 49 47 20 0 2
8 49 13
5 21 31 47 25
18 51 33 28
55 33 32 20 18
13 19 25 18 33
6 50 16 41
10 17 22 1 3 19 37 4
33 40 11 15 30 32 21
14 9 40 44 29 41
29 43 26 47
7 36 5 49 33
48 16 11 12 26 27
27 16 19 23
14 36 32 8 52 30
17 50 39 48 14 6
12 54
44 53 52 34 11 21
36 33 13 45 42 18
4 0 33 42 55 3
37 38 11 8 40 12 13
18 55 19
24 15 21 33 42 10
18 43
21 41 44 36 39
26 7
43
55 14
34 42 31
28 14 3
12 34 13 26
31 9 2 24
40 54 18 48 4 11 1 25
18 31 12
50 34 46 43
