26 13 45 12 9 54 46 48 50 29 16 22 30 33 18 31 35 7 39 17 2 32 42 1 43 34 47 28 51 40 52 10 53 27 37 19 36 5 15 20 49 14 11 41 55 24 4 23 8 6 3 38 25 21 44
28 35 23 10 5 54 49 43 6 21 34 39 3 41 51 25 20 50 4 9 8 44 27 0 40 46 47 24 45 12 36 18 22 30 14 38 11 48 15 55 26 7 2 52 32 31 16 42 53 17 19 37 13 29 33
46 11 52 41 39 51 55 49 47 36 28 18 48 50 4 10 0 19 5 43 20 42 35 8 33 15 16 13 32 34 29 26 17 9 40 6 1 12 37 30 27 31 25 7 21 54 23 38 14 44 45 22 24 3 53
7 21 32 51 28 5 46 42 30 55 15 50 4 6 10 18 1 37 31 39 22 20 16 13 53 44 9 33 36 38 49 34 26 14 41 52 24 47 45 29 17 8 11 40 54 35 0 23 43 25 12 19 2 27 48
32 22 23 49 38 11 28 36 41 51 5 26 3 43 31 17 18 12 2 24 20 54 52 1 30 6 42 55 14 39 25 40 35 9 48 21 13 53 34 27 7 47 33 29 45 50 0 16 10 19 15 37 44 8 46
42 39 1 50 3 31 43 45 8 52 48 24 54 19 4 12 30 55 47 18 10 44 46 23 20 27 11 38 53 32 14 2 16 6 41 33 40 15 51 28 49 29 22 7 0 35 34 37 26 17 25 9 13 36 21
26 12 36 39 27 47 43 18 53 21 8 37 38 31 34 1 3 25 35 52 51 30 54 13 28 23 32 44 4 7 33 17 5 11 19 46 45 50 10 55 49 2 48 29 16 42 40 41 14 24 0 22 9 15 20
3 36 40 8 19 53 51 11 45 39 15 20 33 23 26 25 28 34 31 0 49 14 6 43 16 54 47 37 22 27 24 42 32 48 1 50 5 52 9 4 38 30 35 2 29 41 18 46 12 21 13 17 55 10 44
46 7 33 17 25 37 30 28 20 16 5 6 13 10 11 43 48 22 53 38 21 1 9 36 19 45 51 2 54 15 12 35 29 27 34 14 32 42 55 52 41 39 44 3 50 40 31 18 0 47 24 23 4 26 49
51 0 49 43 38 23 50 44 30 20 52 12 29 47 40 41 13 21 53 24 22 27 34 1 54 42 8 46 14 3 26 48 4 55 15 17 28 37 25 39 2 18 11 7 36 19 35 31 32 16 6 10 45 5 33
45 43 1 24 20 41 15 35 33 38 42 23 55 28 40 8 3 37 51 5 50 2 54 26 16 19 11 53 30 25 39 0 17 6 32 14 46 29 27 21 49 31 52 18 4 47 48 44 34 36 9 22 7 13 12
54 2 19 49 51 36 26 40 4 7 14 23 24 43 8 16 15 12 32 5 39 20 21 44 35 18 47 48 50 10 55 30 28 41 27 6 42 37 31 1 34 22 9 33 13 25 0 45 46 29 3 17 52 53 38
51 44 6 0 36 52 29 37 23 31 35 27 45 19 5 9 15 24 41 53 4 47 11 40 20 26 48 21 39 16 34 1 38 54 8 22 43 55 28 25 14 2 46 13 7 18 30 42 49 33 3 50 17 32 10
28 15 0 42 35 16 31 17 48 18 34 53 8 19 52 41 45 27 9 33 23 37 47 3 6 20 49 38 24 29 40 22 32 36 46 39 44 2 30 4 54 21 50 26 43 11 12 14 25 55 7 1 5 51 10
43 29 45 47 35 26 11 39 31 20 19 38 54 52 15 46 23 40 5 18 17 7 42 33 37 49 16 4 9 1 36 8 48 3 10 51 12 30 32 0 34 44 41 25 55 50 22 13 53 27 6 2 21 28 24
28 16 30 13 10 46 54 38 3 47 37 43 7 51 48 12 33 11 14 36 55 25 45 53 24 52 50 23 27 19 18 8 2 31 9 39 5 21 20 1 40 0 17 32 34 26 22 35 41 4 49 6 44 42 29
28 27 15 42 22 18 44 50 13 34 0 8 21 49 35 45 48 29 11 31 52 55 3 40 10 32 5 12 14 38 7 25 19 30 24 23 2 47 37 39 53 20 43 41 1 6 33 46 26 4 51 17 9 36 54
28 33 37 35 18 8 22 47 13 27 49 34 30 40 23 26 32 31 4 39 41 0 14 21 42 6 29 52 24 9 50 10 25 2 19 38 20 15 36 54 45 55 51 53 43 3 1 11 48 5 16 46 7 44 12
54 16 28 53 17 32 45 6 48 13 23 51 2 21 40 0 39 52 47 3 5 41 4 55 26 49 27 19 14 29 11 36 43 15 1 37 34 31 20 42 35 38 50 9 46 30 7 33 44 22 8 10 12 25 24
11 7 55 27 44 54 33 5 34 12 13 21 14 53 35 31 23 48 2 10 18 38 8 22 41 30 43 24 49 15 16 51 6 40 36 45 39 42 46 50 52 0 17 32 20 37 25 9 1 4 29 3 28 26 47
31 39 36 34 51 38 30 10 25 54 8 14 9 41 22 47 7 45 42 3 5 48 4 50 43 12 1 11 53 33 13 21 2 49 24 44 32 35 15 27 28 18 55 29 40 52 19 17 0 16 26 46 23 37 6
3 34 37 53 41 33 6 16 18 1 19 25 28 45 24 9 22 52 32 8 51 11 12 17 20 54 42 35 4 15 40 55 30 13 50 39 27 49 2 10 48 29 38 7 47 36 14 46 44 31 0 26 23 5 43
50 16 4 30 17 43 35 0 31 20 49 45 3 28 8 9 33 21 32 52 24 19 48 38 44 13 27 36 1 34 12 26 7 25 5 11 39 41 40 23 29 55 42 54 53 14 15 18 37 51 2 6 46 47 10
1 45 41 4 55 27 9 28 54 40 25 12 31 10 11 18 48 30 17 39 49 7 34 42 5 19 24 14 37 43 13 33 51 6 15 16 29 44 47 46 53 35 50 22 2 20 52 38 26 0 8 32 3 36 21
36 48 45 46 10 25 5 11 50 47 12 38 21 23 4 37 9 55 49 15 51 22 54 42 13 1 30 19 29 53 33 39 40 17 16 44 20 26 7 3 41 32 52 0 34 6 27 8 31 35 2 14 18 28 43
53 34 20 24 41 8 31 28 23 36 45 21 6 51 29 7 1 15 38 27 48 16 4 10 30 49 50 9 17 22 55 40 12 35 42 26 54 46 2 11 43 33 14 44 19 13 39 52 5 47 3 18 0 37 32
28 0 6 48 29 51 11 40 14 52 4 17 7 30 43 18 32 55 44 12 10 42 47 37 39 36 9 41 50 24 22 54 34 46 2 3 49 1 31 25 13 20 27 38 15 23 33 16 45 5 53 8 35 21 19
16 50 23 6 17 19 41 28 38 12 39 13 31 36 53 51 52 5 35 18 9 40 1 44 54 25 15 42 22 49 11 30 46 0 48 8 20 7 37 29 4 45 21 2 47 34 10 32 26 43 33 14 24 55 3
17 16 1 15 26 13 35 32 44 40 3 18 49 52 25 23 55 53 8 4 27 10 47 2 51 33 21 41 7 22 36 39 6 42 45 0 11 34 29 43 9 5 37 20 12 30 46 48 54 38 50 31 14 19 24
46 14 54 26 44 31 12 0 40 51 30 37 41 9 16 25 33 34 53 18 13 32 17 24 35 28 23 47 38 8 39 2 48 5 20 36 55 27 6 43 7 52 49 22 10 3 4 21 11 42 50 19 45 1 15
15 48 20 38 49 22 8 3 17 52 9 0 23 39 29 5 37 26 47 53 6 4 41 19 43 24 11 10 46 16 36 32 54 25 1 27 13 21 28 50 2 14 18 7 40 51 35 34 33 31 42 12 55 44 45
37 20 47 51 29 25 13 5 55 23 14 50 12 6 22 0 40 4 53 27 3 17 16 19 44 7 43 49 48 41 54 38 42 15 35 11 18 46 26 2 39 10 1 32 34 30 8 52 36 9 24 28 45 21 33
28 3 4 50 39 41 18 45 54 17 37 26 38 21 22 11 44 0 5 6 16 29 34 42 13 30 33 51 48 20 47 2 43 10 36 8 7 40 19 49 14 1 24 15 27 31 55 35 52 9 23 46 12 53 25
43 42 17 8 39 21 10 52 45 36 19 0 50 51 49 7 28 41 15 29 48 13 22 44 23 40 20 14 47 6 2 34 24 32 3 35 5 37 53 11 25 4 55 27 38 30 18 26 16 54 12 9 46 31 1
20 21 40 25 42 16 46 17 13 6 19 44 39 1 38 23 7 29 36 9 53 51 0 12 32 28 33 22 2 8 26 18 49 47 55 3 11 4 54 48 27 14 41 15 30 35 31 45 24 5 43 10 52 50 37
1 28 50 48 43 42 13 17 10 14 22 37 12 44 16 0 55 6 19 38 27 52 41 11 46 45 49 2 29 47 40 4 54 21 31 8 33 53 20 18 23 25 5 7 36 51 30 34 3 32 9 39 15 24 26
20 24 45 46 7 38 12 6 11 41 53 39 51 2 4 25 33 48 44 15 27 55 28 37 34 54 8 18 1 26 43 30 22 13 19 3 14 49 32 47 29 0 50 17 35 9 31 21 10 16 5 23 40 42 52
31 42 49 21 17 8 12 39 6 35 44 46 15 29 10 30 3 32 54 23 24 36 13 38 43 14 26 40 18 55 7 9 11 33 48 16 28 51 27 0 52 2 19 41 50 20 53 5 22 4 1 47 25 34 45
36 20 30 9 4 10 54 6 15 27 43 34 14 24 46 35 32 42 5 52 8 37 25 19 48 55 13 31 50 22 41 16 12 47 44 29 3 39 1 45 18 17 7 49 26 51 33 23 21 2 40 28 53 0 11
51 20 5 2 32 43 33 6 37 36 14 7 27 18 30 34 23 1 3 40 17 50 45 0 11 28 53 55 47 12 4 26 44 24 42 15 10 13 19 38 29 9 16 54 21 46 22 31 8 35 25 48 52 49 41
7 28 34 11 23 26 29 41 55 18 10 17 31 9 48 39 45 44 12 14 16 27 33 1 37 49 13 43 53 52 4 24 35 0 19 46 42 5 21 54 25 50 2 20 32 15 30 22 51 6 8 3 38 47 36
55 2 23 32 10 48 36 21 49 25 27 40 4 20 50 13 29 33 28 12 1 18 9 53 17 52 35 30 19 31 38 47 54 11 26 5 45 51 3 42 37 8 44 22 24 34 16 7 0 14 43 6 46 15 39
16 5 33 37 52 50 47 35 13 51 34 10 46 3 53 44 20 54 23 38 45 26 9 0 28 14 24 4 17 2 27 32 31 21 39 11 40 19 55 18 7 49 8 25 41 22 48 1 6 29 30 12 43 36 15
14 33 35 10 39 9 6 5 22 47 53 1 15 38 4 11 8 26 51 23 20 31 0 37 49 2 7 19 40 30 18 36 50 28 48 46 12 32 44 55 13 25 29 16 17 27 41 52 34 3 54 45 42 24 21
28 12 16 29 42 9 37 19 49 35 36 34 45 55 5 40 31 50 26 33 54 32 1 11 27 6 3 48 22 51 53 39 24 38 23 20 13 52 46 43 47 41 14 8 25 18 2 10 4 30 15 21 17 0 7
52 36 24 51 14 10 0 23 49 46 32 18 7 55 5 33 25 12 16 22 44 20 13 50 21 40 39 15 42 35 28 8 1 54 53 19 6 41 48 38 27 3 17 11 47 4 34 26 2 31 9 29 43 30 37
2 8 29 36 0 24 53 3 45 15 42 34 37 47 55 52 14 5 38 35 1 9 30 54 13 6 43 40 44 27 19 23 26 48 31 10 28 39 18 25 12 49 11 7 20 50 16 41 51 17 21 32 22 4 33
31 51 42 14 17 2 6 43 28 54 46 15 55 24 18 20 5 9 30 12 13 26 11 39 1 33 0 41 50 38 35 7 48 29 32 23 16 34 44 36 52 3 27 4 45 49 8 10 21 40 53 25 37 22 19
24 35 30 53 26 0 41 13 18 5 23 36 16 15 2 8 40 55 19 20 33 52 12 38 51 11 31 44 22 25 9 47 43 32 4 49 27 50 37 29 45 46 14 1 7 6 34 54 42 21 28 17 10 39 3
11 45 9 37 2 30 28 4 41 17 1 16 44 22 33 23 55 18 50 7 24 31 53 43 13 14 40 35 20 19 27 48 25 5 3 36 34 52 6 26 42 38 32 21 0 29 46 10 47 51 15 12 39 8 54
22 51 27 35 32 42 5 16 0 52 9 55 31 3 41 33 24 53 45 2 39 10 20 44 1 49 15 11 38 47 43 26 17 25 6 54 48 19 40 21 18 7 23 30 13 36 14 37 8 4 46 29 28 12 34
39 50 45 20 31 47 12 11 9 3 2 42 26 7 36 29 18 28 4 33 15 53 25 10 1 43 27 6 52 54 21 23 24 48 55 34 8 44 19 0 32 5 37 41 14 30 17 35 40 38 16 49 22 46 13
45 2 42 28 12 50 33 5 26 30 18 9 13 46 14 16 6 41 27 51 48 4 21 38 35 22 15 53 40 17 44 0 49 55 37 19 20 3 8 1 54 7 47 29 24 10 23 43 31 32 25 11 39 34 36
25 48 18 46 21 7 36 42 28 6 43 13 55 31 50 19 51 12 27 41 9 30 8 29 5 34 20 15 39 49 3 52 10 40 44 24 45 0 35 23 33 4 16 17 22 1 14 54 37 26 47 38 2 11 32
11 18 0 29 1 23 20 38 19 15 47 5 32 14 42 37 10 4 51 44 36 6 9 55 24 27 31 8 41 7 21 45 30 46 12 35 26 40 50 13 39 34 52 25 17 48 2 22 3 53 28 33 43 16 49
41 2 23 19 28 45 31 50 10 3 40 47 53 5 44 46 35 15 49 18 48 36 24 26 16 54 39 38 51 4 11 37 9 12 25 21 6 52 34 43 42 1 20 8 29 22 17 0 14 33 13 32 30 27 7
