32 12 27 40 19 29 11 35 25 39 4 51 28 49 31 14 18 46 41 6 2 36 42 23 16 21 34 47 15 20 50 33 5 55 24 10 45 54 44 17 3 7 37 1 22 53 8 13 48 9 43 52 26 30 38
32 47 37 8 15 3 17 14 30 49 4 16 25 6 52 46 27 31 51 24 38 18 26 11 13 29 23 34 42 43 0 40 9 36 39 19 22 53 2 55 35 48 33 7 44 21 10 41 20 50 12 54 28 5 45
32 36 38 3 4 33 41 55 12 40 44 50 7 35 26 13 37 46 47 30 0 54 23 5 9 53 10 25 20 52 15 27 48 14 17 29 39 45 28 42 18 34 6 49 11 1 19 22 51 21 16 8 43 31 24
32 40 39 24 36 42 2 48 1 27 21 30 53 23 29 19 6 25 20 52 4 26 8 10 38 17 13 54 44 34 0 47 7 51 28 18 43 33 46 45 41 5 31 16 22 12 37 50 15 14 49 35 11 9 55
37 24 43 32 40 2 38 36 54 17 15 0 27 9 48 46 45 6 1 12 30 14 28 10 52 25 11 3 53 55 5 35 13 26 33 19 8 29 31 47 34 16 7 41 42 23 20 21 49 18 50 39 22 51 44
8 47 54 45 19 42 31 23 18 51 33 21 53 55 29 46 26 2 0 4 34 24 17 48 30 36 50 12 7 43 37 40 39 3 10 25 14 27 41 16 11 52 15 38 9 35 49 20 44 22 13 32 28 1 6
8 37 32 34 55 9 26 41 50 52 19 4 10 42 29 45 3 1 22 0 28 54 31 24 15 14 16 13 36 21 11 44 35 46 38 18 23 49 30 33 2 7 39 25 17 47 20 12 51 53 48 40 43 27 5
25 12 9 48 17 33 16 11 55 40 31 2 52 18 29 47 26 24 49 19 45 39 27 28 14 20 13 21 32 43 44 50 37 22 54 3 0 41 5 34 51 6 38 36 4 15 42 1 46 8 10 35 30 53 23
20 28 41 6 40 5 42 29 23 46 1 54 10 45 47 22 24 11 12 53 37 33 36 39 44 16 3 49 27 38 13 21 9 25 31 26 4 34 32 55 35 19 0 50 17 14 52 30 51 15 2 7 48 18 43
7 51 11 6 27 14 38 4 10 41 42 18 48 45 39 34 12 21 2 24 31 35 47 54 37 8 20 26 23 30 17 25 52 53 36 1 16 28 15 50 33 44 0 55 29 49 5 19 13 43 32 40 3 46 22
52 27 45 28 33 53 40 32 19 23 8 9 50 55 6 18 13 44 54 38 14 12 4 46 3 34 47 2 26 39 11 25 20 15 29 41 0 36 24 49 21 43 37 17 51 22 5 31 42 16 1 7 35 30 48
21 51 22 31 53 20 55 0 19 9 7 38 52 46 39 8 29 14 32 33 42 15 4 25 27 48 1 35 45 6 30 36 28 10 23 13 37 17 54 26 24 2 34 5 18 47 41 44 16 12 3 50 43 40 49
18 21 7 0 30 16 17 13 20 36 27 28 2 22 48 53 24 4 33 8 42 9 10 37 41 55 25 54 23 34 39 32 19 52 43 50 46 26 51 5 47 31 45 6 44 38 15 35 3 49 40 29 11 1 14
49 22 37 47 33 12 20 45 54 50 52 40 28 42 2 53 17 10 25 39 21 41 43 29 14 48 31 24 8 6 1 30 38 3 4 7 11 46 32 19 23 16 0 34 15 18 9 55 27 44 36 51 26 5 35
15 22 16 51 30 52 42 23 9 54 1 53 55 0 27 11 34 10 4 13 6 46 40 28 25 7 48 2 33 47 26 29 44 19 20 36 5 39 50 8 41 45 43 31 37 38 24 32 35 17 3 18 49 21 12
14 24 32 22 42 30 55 45 27 4 25 21 1 18 46 31 54 17 39 37 47 43 50 41 29 34 28 52 35 11 6 36 0 44 2 48 19 10 53 9 20 7 26 40 13 23 38 5 12 49 51 8 33 3 16
47 24 55 12 52 14 43 33 31 7 35 54 46 53 17 48 30 38 1 19 25 39 49 0 42 8 6 40 41 45 26 44 50 51 23 32 9 34 18 13 28 4 36 27 37 20 5 3 2 10 22 21 11 15 29
30 54 43 26 38 7 12 50 45 4 1 51 15 27 16 39 13 24 47 40 18 35 21 53 25 3 37 2 5 41 9 0 19 11 46 34 44 10 48 52 6 49 29 28 33 22 36 32 8 20 42 55 31 23 14
12 41 31 38 37 30 36 24 47 15 32 29 42 5 0 20 7 9 10 45 17 50 34 33 39 1 25 48 21 28 51 53 6 43 22 52 2 3 16 44 35 49 26 46 13 11 19 54 55 4 40 27 8 14 23
34 50 55 46 0 44 11 31 5 26 10 51 54 36 6 25 48 16 3 22 43 28 7 12 21 30 45 37 42 23 52 53 15 4 27 47 17 13 40 14 20 8 38 1 41 29 35 2 33 18 9 39 32 49 24
31 35 8 45 29 11 13 12 55 44 38 47 37 26 30 18 41 53 22 49 3 48 25 54 23 0 34 2 7 27 33 51 9 10 42 52 39 46 32 28 21 14 19 15 16 6 17 4 36 5 43 50 1 24 40
11 12 46 50 30 40 44 15 53 54 55 3 48 5 34 39 24 13 35 33 0 22 9 17 38 25 32 19 18 6 43 8 7 26 41 10 37 20 49 36 47 31 23 2 4 28 45 52 29 27 16 1 14 51 42
27 11 14 13 32 15 33 28 49 30 47 34 23 38 55 12 8 52 37 40 46 19 6 44 20 24 51 21 25 7 18 35 54 0 10 1 43 17 26 29 2 53 42 48 36 3 16 41 31 39 5 4 50 9 45
8 14 31 10 22 40 39 51 5 29 3 48 53 0 2 54 42 20 12 30 24 38 33 34 1 43 19 9 11 37 26 6 16 45 49 46 27 50 13 32 36 52 55 28 15 41 4 47 35 21 25 44 17 18 7
4 48 16 15 3 35 40 43 18 28 53 8 12 34 38 17 21 46 22 7 1 6 51 9 13 55 23 33 37 49 25 32 0 5 39 30 10 29 31 47 45 11 42 36 27 50 14 41 52 26 54 2 20 19 44
7 42 54 51 30 0 15 41 43 37 19 55 29 44 13 53 1 28 3 16 4 20 11 48 12 47 17 39 2 14 18 22 21 38 46 24 26 8 10 9 27 32 49 6 5 34 33 36 40 52 31 45 35 23 50
17 29 38 19 43 54 45 6 27 52 2 20 32 49 7 3 5 30 10 40 1 53 46 25 4 9 16 51 41 14 47 23 8 21 48 33 39 12 42 44 35 55 11 50 15 18 28 22 34 37 31 36 24 0 13
22 10 0 46 12 15 31 55 4 9 48 3 26 17 14 49 45 52 51 42 1 39 11 40 8 7 2 47 20 50 19 29 23 32 25 44 34 43 30 38 16 36 37 5 54 53 33 41 28 24 13 35 21 18 6
53 8 51 54 22 42 10 24 41 12 13 0 38 52 55 25 43 34 15 4 49 35 50 6 44 19 45 14 7 37 18 29 11 30 2 3 32 47 16 9 31 20 40 23 17 48 46 33 26 36 21 27 5 1 39
52 38 20 46 26 8 0 43 18 34 42 23 31 11 36 7 6 3 25 15 51 5 50 13 45 44 49 1 33 2 28 41 55 30 32 10 27 14 4 37 24 53 47 17 35 19 48 22 9 21 40 12 54 39 16
17 53 12 36 48 18 14 22 15 21 54 25 1 3 20 16 38 2 46 37 4 51 44 26 41 47 23 52 19 13 42 11 24 9 29 28 33 31 40 34 5 6 43 32 27 55 49 45 35 8 39 7 50 10 0
20 11 33 18 16 44 19 27 34 23 5 15 7 35 52 53 0 29 41 49 32 1 37 6 39 43 46 13 36 9 30 8 45 4 38 42 24 50 28 55 48 47 51 3 12 40 10 21 25 14 26 17 2 22 54
3 0 2 15 22 4 1 45 42 51 6 10 54 18 48 40 55 37 50 31 26 11 53 49 12 46 21 43 24 7 29 13 16 39 52 28 27 30 41 23 8 44 25 20 34 17 36 19 14 33 35 9 38 47 5
43 55 31 34 13 16 22 2 7 10 51 38 35 53 48 5 12 36 11 46 8 21 18 39 0 24 23 50 49 14 20 29 45 54 4 30 26 40 37 6 3 9 17 25 28 44 27 19 42 1 41 15 52 32 47
19 52 33 6 22 31 29 54 42 21 24 14 9 15 28 18 49 43 55 0 46 10 20 12 38 5 23 36 44 3 1 30 50 8 4 27 16 2 17 53 7 39 25 11 13 32 47 40 37 35 26 48 45 51 41
48 20 43 49 24 16 0 46 55 33 31 2 42 28 15 54 21 51 17 40 53 4 36 9 11 47 45 6 22 26 8 37 18 29 19 1 34 44 23 30 50 39 12 5 41 38 25 27 14 3 52 32 7 10 13
2 3 30 4 12 18 54 41 19 29 33 50 39 0 46 42 8 44 15 31 53 45 55 6 49 35 34 11 52 40 10 5 47 9 23 16 1 7 27 14 17 25 21 24 20 28 22 32 38 26 13 51 43 48 37
4 51 53 13 18 6 1 15 43 20 25 32 22 2 49 30 8 31 12 42 54 48 28 24 38 17 44 19 50 9 45 40 11 7 23 29 33 0 21 52 39 10 55 35 5 27 46 16 34 26 14 3 47 41 36
29 17 2 18 4 26 20 49 48 33 11 9 22 28 42 16 24 30 10 40 47 51 50 21 1 8 3 34 23 25 37 13 53 54 6 44 31 27 7 43 19 45 46 15 5 12 41 55 35 14 36 39 52 32 0
3 47 54 0 15 23 11 51 17 42 44 9 21 36 13 55 50 16 27 8 43 31 25 33 7 18 12 10 41 2 24 52 20 32 48 26 45 37 40 1 6 5 34 14 46 35 19 38 53 49 30 29 4 22 28
3 47 8 4 24 0 21 10 50 13 7 32 2 23 22 51 17 35 38 27 26 14 43 52 16 48 37 45 46 36 30 55 33 53 1 41 19 39 5 28 15 31 34 25 54 42 44 29 6 12 18 49 9 11 20
55 8 18 2 51 28 52 25 36 6 9 53 31 20 45 50 15 0 12 13 30 39 16 29 26 17 10 21 49 42 7 46 32 48 40 44 3 4 19 5 23 47 14 27 54 38 35 33 11 43 24 1 37 22 34
25 15 49 8 3 32 28 55 14 5 18 29 13 35 9 6 44 34 38 50 39 54 47 12 43 27 0 36 11 16 23 53 45 37 51 30 19 20 1 26 2 41 31 52 48 24 46 4 7 33 22 10 17 40 21
33 17 4 35 16 48 24 51 29 47 26 25 50 37 15 53 28 42 34 19 13 39 31 40 32 21 23 7 49 18 12 1 30 52 3 27 10 5 38 22 54 0 55 14 46 9 41 20 2 45 44 11 36 6 8
55 31 20 19 21 2 46 42 25 10 39 22 54 8 36 30 49 28 15 45 50 29 37 34 51 6 16 48 7 3 38 0 14 26 27 17 32 41 47 18 53 9 33 12 35 23 11 40 1 13 5 43 52 24 4
20 10 48 32 49 47 15 13 5 17 26 8 51 4 41 6 27 18 9 54 7 42 28 44 29 36 19 11 16 33 35 37 40 2 0 23 31 24 39 3 38 12 30 52 14 46 25 34 21 50 53 43 1 55 22
21 51 29 19 8 27 35 15 44 4 11 16 0 2 55 22 30 36 24 33 1 10 5 34 31 14 53 26 32 25 48 40 6 13 12 23 41 54 17 47 20 3 37 42 39 28 38 52 18 45 43 7 49 50 9
16 40 1 13 49 39 22 45 5 43 20 18 8 53 15 48 54 2 17 7 42 0 38 10 25 30 27 9 35 14 26 19 52 3 4 36 24 28 46 44 12 29 55 6 31 34 51 41 21 23 11 37 32 33 50
35 24 45 7 43 30 52 38 27 3 32 4 33 12 49 21 50 19 51 23 16 47 9 20 25 13 11 37 54 14 15 18 2 40 46 44 5 26 39 41 55 17 31 42 28 0 53 29 1 22 34 6 8 36 10
13 42 45 47 35 22 38 52 51 48 0 1 31 27 37 26 28 20 16 34 7 8 44 32 54 36 33 29 24 43 6 41 53 23 10 25 2 17 18 30 21 9 5 15 4 55 12 39 50 3 46 40 19 14 11
52 19 21 17 53 13 40 43 6 10 2 48 15 51 42 32 41 36 28 39 18 29 38 55 0 44 33 37 16 27 7 12 34 5 23 31 26 9 8 14 35 3 25 45 24 20 49 4 1 11 30 46 22 54 47
11 37 46 28 14 32 25 43 41 9 53 33 19 49 0 17 23 45 5 39 48 50 40 27 29 30 22 35 1 38 24 42 20 44 18 26 16 3 12 54 7 10 31 47 6 55 2 15 8 52 36 13 34 4 21
10 29 50 34 16 14 48 13 41 49 6 7 26 11 31 28 22 54 27 1 15 4 3 30 2 40 12 19 36 20 39 47 18 9 32 43 42 37 17 23 55 46 45 5 8 25 21 0 53 33 51 24 35 38 44
28 30 37 11 10 50 24 51 21 33 47 12 14 31 41 43 3 16 13 55 5 8 20 25 23 32 17 2 42 35 4 46 36 26 38 19 18 49 40 9 34 15 29 44 0 1 48 27 54 6 22 52 45 39 7
17 28 25 39 30 5 4 13 16 26 36 8 32 21 15 19 14 34 52 47 42 10 2 44 35 6 45 23 20 12 49 37 48 9 38 3 33 0 7 11 22 46 51 27 53 43 40 18 41 24 29 55 1 31 50
41 33 16 19 44 20 11 15 6 42 27 35 2 7 22 32 10 21 14 53 25 46 28 39 5 34 12 50 24 4 36 0 29 40 48 8 26 37 31 30 47 23 52 1 51 9 43 17 38 13 49 18 54 3 45
