15 1 11 23 46 49 19 56 33 30 51 16 36 3 50 21 6 27 52 34 8 29 5 10 2 61 4 60 42 45 53 40 48 43 37 38 62 41 32 39 44 59 20 9 25 35 54 12 31 57 47 28 22 18 13 7 14 17 26 63 55 24 58
0 61 20 52 21 22 6 41 44 35 46 8 9 59 47 15 28 31 27 12 11 18 24 13 3 58 37 63 49 62 56 38 45 39 60 14 54 36 5 29 40 32 25 55 33 43 19 16 26 50 34 7 42 51 4 2 10 57 53 23 30 48 17
12 46 42 15 23 27 52 19 28 40 38 37 61 20 55 39 24 44 51 59 32 33 60 0 50 63 17 16 5 4 6 47 34 11 21 43 8 26 29 18 31 22 53 25 62 14 58 13 49 57 10 35 36 54 56 41 7 1 30 45 48 3 9
51 49 35 10 6 13 0 55 56 38 33 9 47 57 29 27 7 28 22 36 1 26 12 37 18 17 44 30 39 53 62 15 59 8 19 23 41 32 60 54 52 45 50 20 16 24 31 46 48 58 43 11 14 40 42 25 61 21 63 4 5 34 2
9 40 49 22 35 18 36 47 32 38 24 43 19 33 55 54 23 25 31 56 28 63 30 58 59 57 62 0 16 2 17 46 11 14 26 42 44 13 34 6 53 45 37 51 20 52 60 48 10 50 8 29 5 61 21 39 41 3 1 12 15 27 7
60 6 39 62 26 9 56 63 12 38 30 0 27 17 59 24 31 37 47 54 50 2 29 25 48 49 55 61 23 22 21 44 34 13 1 28 16 18 20 46 15 35 52 40 14 58 53 4 8 45 43 7 11 57 33 36 41 3 32 10 51 19 42
11 55 5 13 1 7 63 20 3 51 0 15 17 54 36 45 22 60 28 31 10 37 48 40 47 27 23 44 2 58 18 61 59 4 8 57 53 33 35 50 25 34 32 52 39 62 29 41 9 12 24 38 43 21 56 46 14 42 16 49 30 26 19
14 36 54 26 6 34 51 17 52 41 9 3 35 57 55 13 12 48 22 39 45 47 33 18 43 50 20 38 53 60 29 49 11 25 21 63 8 30 46 42 31 44 28 62 37 59 61 10 16 19 1 58 40 5 27 56 0 2 24 32 23 15 4
14 44 62 42 50 1 58 22 36 51 9 53 26 16 0 59 10 57 27 32 43 15 33 35 30 38 28 24 56 49 2 3 55 6 46 61 29 7 40 13 48 31 47 21 41 52 12 39 17 63 4 37 54 11 5 18 60 19 23 20 25 34 45
4 37 41 5 52 46 45 18 11 3 1 63 8 24 29 34 7 16 27 51 43 44 21 61 25 50 38 31 42 28 12 58 60 13 15 35 40 36 10 20 53 22 49 57 59 32 14 39 0 26 33 17 47 6 54 56 19 23 55 30 62 48 2
58 48 51 3 36 17 47 37 11 46 19 34 25 8 26 44 6 45 57 53 29 54 18 0 32 22 62 16 50 9 12 60 49 43 63 52 30 55 42 4 27 59 61 31 7 21 2 28 41 39 56 23 40 35 24 5 1 38 14 15 20 33 13
6 0 18 13 14 44 41 28 62 29 16 55 9 17 24 10 46 54 34 60 1 27 35 50 4 59 2 7 33 36 31 52 43 21 39 48 58 57 22 30 23 53 26 45 3 12 56 19 8 63 42 38 40 61 20 5 25 37 15 32 47 51 49
2 56 24 57 52 49 41 27 62 37 32 5 63 58 17 55 53 36 46 23 1 7 40 33 38 48 9 25 3 29 19 22 26 61 47 10 51 42 15 50 28 8 45 16 13 59 21 31 11 43 14 0 34 30 6 44 60 4 54 39 20 35 18
22 11 6 63 3 62 26 41 42 29 20 54 35 31 39 40 36 7 46 56 52 25 58 1 24 37 9 21 57 61 27 4 55 5 14 59 49 19 8 43 47 50 28 12 23 30 38 2 33 17 15 32 45 48 44 34 53 51 0 16 60 10 18
7 32 36 56 29 50 51 8 11 16 55 46 47 53 22 35 20 48 43 42 31 59 34 60 15 63 54 21 33 44 40 4 58 1 49 37 30 13 25 19 39 23 9 18 24 28 62 52 2 41 5 61 12 3 57 27 0 10 6 17 38 26 45
0 2 6 44 28 50 51 61 42 26 1 56 33 18 46 17 14 29 35 8 19 40 63 9 16 58 45 34 57 24 36 3 38 12 23 52 22 53 27 59 5 41 20 54 48 37 43 31 25 13 60 32 47 55 11 62 30 10 21 4 7 39 49
29 14 38 32 0 19 11 26 41 62 36 8 9 35 43 45 2 4 50 58 15 52 10 37 33 57 24 22 56 20 47 17 28 18 53 5 34 51 60 3 12 30 1 54 42 49 61 7 25 23 44 55 48 31 46 59 63 39 27 13 6 40 21
58 46 57 21 59 30 48 62 7 6 63 32 11 47 10 12 26 5 22 23 15 54 56 25 2 55 4 50 3 52 53 19 28 16 29 39 61 51 41 60 42 43 37 38 33 24 8 9 31 34 45 13 36 44 18 20 27 35 0 14 40 49 1
55 11 62 42 30 38 52 4 57 21 9 46 26 44 48 33 15 54 39 10 36 1 37 40 32 7 49 59 34 22 47 3 45 19 58 6 25 20 28 2 60 16 61 63 51 5 41 24 14 50 53 43 35 56 8 17 31 27 0 23 29 12 13
61 0 40 24 51 2 16 27 63 47 4 39 60 10 31 33 54 21 58 15 41 12 34 25 18 48 49 17 53 22 55 3 36 46 35 59 13 14 45 38 44 32 57 1 62 52 7 11 23 56 43 37 9 42 8 28 30 29 26 50 20 5 6
36 1 22 47 51 6 21 24 14 42 33 23 2 13 55 35 61 45 46 28 43 63 40 30 54 58 56 7 31 44 60 18 49 16 9 29 39 32 57 27 3 5 4 0 26 15 34 38 25 11 17 52 8 59 19 41 37 62 12 10 53 48 50
1 17 37 26 36 52 22 18 59 0 20 50 46 44 56 25 23 33 51 19 55 27 9 41 28 14 43 54 13 2 47 63 49 58 62 61 5 7 39 40 34 11 35 8 45 57 12 24 10 31 29 4 48 30 38 60 3 42 6 32 53 16 15
48 13 57 1 4 20 49 60 21 39 8 14 53 55 6 51 17 35 59 3 7 27 61 36 42 23 37 10 18 12 16 45 41 38 5 50 19 47 9 56 2 11 44 15 32 43 30 40 63 31 28 54 62 46 52 58 29 24 0 26 33 25 34
0 24 49 2 40 31 60 48 38 37 51 44 61 20 4 21 59 35 41 36 17 12 57 32 63 6 22 25 45 46 26 54 58 5 50 53 3 29 55 15 14 11 39 30 13 56 62 33 34 19 52 16 28 27 9 10 8 42 18 1 47 7 43
25 23 40 44 12 19 4 20 30 54 11 41 9 33 37 2 56 5 46 59 32 57 43 1 13 49 8 36 63 58 35 16 52 15 29 45 60 55 47 62 18 14 53 31 38 42 3 17 61 34 48 28 21 39 26 51 6 22 27 10 50 7 0
24 27 26 38 49 39 31 53 21 50 57 4 30 63 40 10 58 35 46 13 54 29 17 41 9 12 23 5 19 52 34 18 59 42 60 7 51 47 2 28 14 55 1 45 37 56 0 6 43 33 16 15 20 3 62 48 11 61 32 44 36 8 22
40 31 7 21 45 25 13 5 39 16 53 41 18 27 49 15 8 59 17 10 32 50 3 63 33 54 44 23 37 12 36 42 4 2 52 56 47 62 55 60 58 20 11 29 9 51 1 35 48 24 46 61 34 30 57 22 19 0 38 6 28 14 43
31 36 58 48 25 53 44 2 19 12 0 26 3 8 5 38 63 9 21 57 1 35 6 11 60 22 30 40 43 59 13 54 46 45 28 39 41 20 15 56 10 49 55 34 29 42 62 50 23 33 18 14 7 17 24 37 16 32 52 61 47 4 51
35 31 53 11 2 59 51 48 15 49 40 58 38 6 1 36 4 61 47 43 3 21 20 34 9 8 45 44 52 17 18 16 41 39 5 12 30 55 27 25 46 56 13 14 57 32 7 60 33 22 24 62 37 10 23 0 63 19 42 29 50 54 26
49 14 16 59 11 33 63 13 62 48 3 53 55 9 0 36 10 15 42 54 44 25 61 43 40 47 50 5 12 45 60 51 41 34 7 24 2 20 17 23 8 57 1 38 58 26 30 39 32 4 37 27 31 21 56 6 22 35 19 18 28 52 46
18 62 57 0 17 40 24 31 48 25 5 4 37 58 44 32 8 20 53 27 56 38 3 54 49 36 63 46 14 28 41 34 59 7 47 10 60 11 50 35 42 23 55 16 22 61 29 52 13 43 39 33 45 21 12 26 9 51 19 15 2 1 6
28 27 26 60 33 37 38 59 23 30 25 49 35 34 14 40 36 57 58 19 4 44 13 6 1 52 5 42 9 20 62 61 2 46 41 11 50 8 54 53 24 3 45 7 47 22 12 17 10 63 29 43 21 15 51 56 0 16 48 18 32 55 39
40 14 16 53 4 52 39 12 17 61 63 60 2 37 8 23 24 26 18 56 30 10 47 57 35 42 38 49 33 41 20 3 54 62 50 1 9 0 19 28 22 59 43 34 29 44 36 6 13 46 15 45 55 58 51 11 31 21 5 27 7 25 48
31 38 0 51 29 56 60 3 36 20 4 47 54 24 34 18 21 19 15 63 2 62 48 61 12 59 40 8 7 41 14 26 42 16 35 46 32 11 39 53 6 49 52 50 1 17 28 9 23 44 25 13 30 27 5 37 57 45 58 10 22 43 55
44 7 46 40 31 0 39 33 37 10 9 14 11 59 42 38 58 28 43 50 54 19 18 2 25 29 15 60 4 5 16 21 61 30 35 41 24 20 32 48 62 17 27 6 23 45 1 53 12 36 13 26 63 57 49 47 55 3 51 52 56 8 22
28 41 46 4 3 56 1 14 55 31 50 48 38 59 13 23 7 25 20 16 22 15 27 44 8 11 49 9 32 24 57 33 58 47 36 21 6 19 34 54 30 26 5 0 39 53 61 18 52 2 40 62 63 45 29 60 43 10 17 42 37 51 12
20 7 27 48 14 53 44 21 4 0 10 8 59 41 52 33 38 6 51 16 31 23 28 12 29 13 18 62 55 3 46 22 60 42 39 37 24 26 45 30 9 15 19 11 1 35 47 49 17 32 2 40 34 43 5 63 58 61 56 25 50 57 54
45 9 31 21 56 51 47 12 23 50 2 10 63 44 34 24 58 60 46 61 6 32 5 30 18 53 43 1 55 3 22 13 36 26 38 16 41 52 39 0 14 4 25 17 7 15 29 8 48 40 28 42 19 57 62 33 11 59 27 54 49 20 35
49 60 33 16 18 31 25 4 41 5 23 2 3 36 56 28 35 53 57 27 63 48 34 12 42 9 8 50 30 59 1 37 7 32 45 22 15 0 29 46 43 19 55 62 24 17 54 40 44 13 47 61 20 11 21 52 6 51 58 39 10 14 26
61 54 59 58 51 5 22 40 26 56 44 32 46 25 50 19 52 34 42 2 53 13 63 18 60 49 7 36 1 3 37 28 48 20 33 17 21 41 11 27 57 55 14 0 8 9 23 29 35 24 30 47 6 62 4 10 43 45 16 38 12 31 15
47 32 26 4 24 19 59 23 39 2 30 28 34 46 31 25 13 6 53 63 12 55 18 41 33 29 58 15 51 20 42 60 27 14 9 48 49 0 61 50 21 8 1 54 56 22 38 43 44 5 37 62 57 45 3 35 36 11 7 52 10 16 17
45 35 53 52 1 11 42 9 13 12 16 38 51 26 36 54 48 24 55 50 7 58 49 23 57 21 47 40 25 56 33 19 63 29 46 37 60 22 28 59 32 3 31 39 30 27 62 17 0 18 8 34 15 43 61 14 10 44 6 4 5 2 20
18 2 41 51 8 56 13 59 20 14 50 15 39 57 48 55 34 31 29 38 22 9 46 40 36 0 58 33 26 44 32 43 25 4 49 60 63 12 7 17 45 10 62 24 30 16 54 53 27 52 11 47 37 1 3 19 21 23 28 35 61 6 5
54 4 14 48 58 9 59 28 8 62 16 52 37 24 34 20 29 7 21 53 45 49 44 2 55 42 27 50 46 0 11 13 10 38 63 17 1 22 32 41 25 18 3 40 30 12 31 15 61 57 51 19 39 5 56 36 6 35 47 23 33 60 26
50 11 24 34 36 1 8 27 39 15 49 21 56 57 23 52 18 37 31 2 45 10 9 35 29 30 51 6 53 14 26 43 20 3 54 28 42 58 59 47 4 5 62 63 60 61 22 19 0 48 7 46 38 33 40 32 16 17 55 41 13 12 25
41 37 48 26 62 9 46 55 59 6 49 63 44 20 10 61 54 58 16 7 23 29 43 18 52 1 15 28 53 0 22 51 38 36 24 27 4 56 19 50 3 60 25 42 12 57 21 31 11 17 34 40 30 47 32 5 13 35 39 33 2 8 14
62 17 0 35 2 14 1 34 9 39 45 18 21 54 40 11 10 37 59 15 12 24 53 25 13 20 61 60 36 42 51 4 23 41 33 43 27 30 31 55 8 19 28 38 7 5 3 58 52 44 47 63 57 22 26 50 32 48 16 56 6 49 29
40 20 4 14 37 62 54 57 19 17 10 3 58 33 1 60 59 61 28 48 6 41 5 53 29 7 63 32 2 18 21 44 16 35 12 22 24 25 26 49 8 30 13 50 36 31 52 46 9 56 38 51 39 45 42 15 0 55 34 11 23 43 27
22 36 10 27 53 45 55 28 17 23 30 63 14 50 41 35 29 18 54 43 42 62 60 6 49 38 33 47 7 12 61 5 59 40 19 0 39 11 8 56 4 57 44 3 24 15 34 58 37 26 46 13 21 16 25 31 51 52 1 32 2 20 9
29 55 0 38 4 3 22 23 12 25 44 28 31 26 54 45 41 48 39 53 24 1 18 35 43 60 8 51 61 5 19 40 21 30 7 20 42 32 58 14 9 33 13 47 10 59 63 36 56 16 27 57 2 34 62 37 46 6 11 50 17 52 15
58 44 14 8 53 0 21 62 37 15 48 39 25 35 61 42 41 55 26 2 9 5 29 11 34 57 60 38 16 17 7 43 10 54 22 23 52 40 12 32 31 33 45 3 59 30 13 47 6 18 4 1 56 27 46 63 51 19 24 28 36 49 20
3 14 0 39 10 42 20 33 7 19 37 28 6 41 23 15 54 8 36 22 21 2 53 9 55 60 44 40 46 29 49 63 45 57 12 25 17 16 18 4 56 26 58 47 52 24 31 43 59 62 48 1 13 50 30 32 38 34 5 35 11 61 27
1 41 18 56 21 2 12 32 9 58 0 36 44 39 7 61 31 62 43 13 63 25 45 53 17 16 28 24 37 54 26 50 59 11 33 15 3 10 8 4 57 46 19 14 30 47 5 22 51 35 6 23 42 60 40 38 48 20 55 34 29 27 49
55 59 41 36 48 32 28 27 50 14 26 22 25 38 8 29 39 12 51 58 56 46 10 40 49 60 37 47 44 57 63 30 43 52 7 45 62 17 3 0 19 9 23 16 2 33 4 6 31 15 24 11 18 42 35 5 61 34 54 13 21 1 20
7 43 39 47 24 41 6 58 51 46 48 33 4 13 49 11 18 59 19 10 45 17 63 29 5 25 60 14 34 20 26 21 23 44 30 50 52 27 1 32 3 31 35 40 16 38 55 15 0 42 22 61 8 2 62 53 9 57 12 37 28 36 56
53 18 49 62 6 14 48 3 11 35 61 22 45 60 4 63 41 2 20 29 12 50 42 21 7 59 36 40 51 17 37 56 43 5 57 13 19 24 8 46 23 28 58 39 25 26 10 38 1 30 54 27 32 44 16 52 47 9 15 31 34 0 33
12 63 14 0 35 52 42 37 39 5 33 3 58 44 21 38 4 15 24 53 13 17 41 32 59 20 30 1 8 55 16 22 26 45 28 48 57 62 40 27 25 49 51 23 47 50 11 18 19 2 31 29 61 43 10 9 46 7 6 36 60 34 54
17 22 30 12 18 47 44 25 3 61 31 42 38 8 41 7 23 10 27 24 4 50 53 32 62 16 13 35 15 55 51 58 9 6 29 20 60 39 56 11 28 19 45 21 48 52 49 46 2 40 43 37 14 5 63 0 34 54 59 26 33 1 36
10 50 17 62 27 63 39 8 56 52 54 28 12 47 31 37 41 61 43 25 53 19 30 45 4 34 13 40 1 9 16 20 42 15 18 6 24 14 44 23 21 35 49 57 55 11 29 26 46 3 2 48 59 5 51 7 22 32 36 38 60 33 0
53 39 40 31 61 17 29 21 28 36 42 45 1 26 14 35 8 23 47 63 54 2 46 5 24 62 22 34 60 55 43 4 33 56 18 11 38 48 25 44 27 6 3 41 52 13 30 19 9 50 15 0 49 32 12 10 7 58 51 16 37 57 20
5 31 61 38 22 23 33 55 19 6 47 62 37 32 14 48 11 39 2 59 53 46 54 51 27 50 0 36 9 40 29 49 20 1 7 34 41 63 42 25 24 18 10 3 44 16 57 45 17 30 26 4 28 15 52 8 21 12 35 58 13 56 43
39 63 19 1 60 59 55 32 23 2 50 15 57 52 58 37 47 28 20 45 46 33 0 9 29 22 48 12 49 13 6 40 5 21 31 18 8 62 17 34 44 24 30 10 7 41 14 16 35 54 38 4 43 53 26 11 56 3 25 42 36 51 27
58 46 18 55 30 8 11 5 13 45 47 12 17 50 16 29 63 60 48 33 59 52 43 36 4 1 57 10 53 3 31 21 61 44 26 32 24 0 41 38 42 56 19 14 7 2 23 34 22 40 27 28 39 35 6 51 25 54 37 15 49 20 9
61 56 58 13 6 19 29 5 12 17 48 32 9 55 62 37 25 59 45 33 39 27 38 4 23 40 54 2 14 52 47 20 1 53 26 15 41 24 21 51 60 30 18 42 7 44 10 43 49 22 8 46 31 11 50 35 57 34 28 3 36 16 0
