52 58 46 6 55 5 43 4 54 30 40 44 10 41 28 27 16 24 38 36 35 32 12 50 34 17 62 26 11 22 57 9 3 61 63 45 19 49 51 20 29 25 2 53 23 31 18 14 13 33 7 42 48 21 47 8 39 1 15 60 56 37 59
17 28 26 29 15 53 12 42 4 35 61 25 3 30 44 34 19 43 9 6 18 14 13 2 36 52 62 8 47 63 23 55 60 49 27 40 48 56 54 21 5 58 11 50 59 41 39 51 10 46 16 31 57 7 20 38 32 33 0 24 45 37 22
15 19 22 55 39 31 7 13 5 27 30 41 11 9 21 32 33 52 54 25 20 50 8 10 61 56 51 48 1 28 44 43 6 63 26 38 37 29 4 57 16 46 42 59 0 49 34 35 14 53 36 12 62 23 47 24 40 45 17 58 3 18 60
9 39 10 25 17 45 34 35 49 53 44 38 37 16 15 22 19 5 7 8 29 36 48 51 12 61 6 1 33 13 30 47 50 60 4 54 43 32 55 57 27 41 31 0 23 28 26 42 11 46 21 63 14 40 24 58 20 62 52 56 59 18 2
43 36 8 9 50 25 32 42 0 33 1 56 22 52 45 26 44 41 40 59 57 62 19 3 34 63 29 31 37 10 38 35 18 49 27 11 7 2 12 55 47 5 48 13 6 16 23 20 39 15 24 53 58 60 21 54 14 61 28 46 51 17 30
46 49 42 14 53 2 12 52 17 54 6 0 3 8 11 51 24 33 15 62 38 50 26 63 16 59 34 23 57 58 10 45 60 7 30 4 13 9 1 31 41 32 35 55 29 20 47 43 27 22 19 56 39 37 61 36 44 40 18 25 28 48 21
26 16 13 41 0 33 42 45 51 34 5 8 49 44 35 21 11 63 9 25 3 38 14 23 59 1 52 55 43 7 2 19 58 18 29 53 46 31 54 50 12 30 36 62 57 56 24 37 40 4 61 60 32 27 28 10 20 39 47 22 15 17 48
60 18 20 54 13 43 28 15 63 2 61 55 33 56 8 24 40 3 47 39 16 35 38 44 23 46 57 34 25 6 50 11 4 52 62 45 12 5 22 58 31 48 51 30 19 29 37 17 53 59 14 42 0 9 21 1 41 49 10 36 26 32 27
17 50 55 4 24 49 33 59 6 7 60 31 5 57 12 46 40 3 53 9 16 20 52 42 2 43 36 14 45 48 58 44 41 11 34 1 23 38 19 13 18 22 61 54 28 47 27 35 10 30 32 39 29 21 15 63 62 0 51 37 25 56 26
21 56 60 58 3 59 13 45 11 4 19 20 2 57 23 17 44 62 8 14 6 41 31 22 33 36 10 16 1 54 55 27 38 42 12 43 40 0 30 29 35 18 25 5 53 39 49 32 51 46 34 28 63 15 48 61 7 52 26 37 47 50 24
3 11 36 44 46 30 42 45 60 2 14 18 0 51 23 37 38 9 22 59 26 15 20 31 4 49 13 53 47 5 62 24 29 50 25 21 40 27 48 19 55 63 35 33 56 8 57 52 39 28 1 32 17 43 61 12 6 58 7 16 54 41 34
40 10 48 57 28 9 2 50 5 60 6 43 24 35 34 29 39 47 63 44 15 27 17 56 31 53 21 26 58 20 12 46 51 8 7 0 25 4 36 59 14 3 54 22 33 55 23 1 13 42 19 30 45 41 32 52 38 61 18 16 62 49 37
33 17 5 1 22 27 46 16 62 8 44 38 3 19 54 23 15 52 53 60 57 24 61 28 11 51 0 32 63 21 48 37 9 50 35 47 25 4 49 30 7 20 6 31 36 13 42 14 40 43 34 58 41 2 18 39 29 10 59 26 45 55 56
14 31 7 6 35 44 9 24 2 26 36 49 38 27 62 48 51 17 33 3 40 41 46 45 57 1 19 10 42 58 34 22 8 59 39 53 61 28 23 12 5 11 21 29 20 15 32 4 47 18 43 0 30 16 50 25 54 56 63 52 60 55 37
15 52 13 46 23 63 21 5 25 59 51 17 42 29 16 19 20 26 9 47 61 53 10 45 28 8 35 6 39 32 1 40 31 37 41 38 27 36 33 50 11 62 49 56 43 57 55 12 2 48 3 0 7 54 30 58 34 22 4 60 24 18 44
46 14 48 29 2 17 1 45 7 39 50 3 12 16 27 5 26 56 11 42 22 55 43 61 25 30 40 19 24 10 37 51 49 21 47 41 63 57 44 53 28 31 52 13 62 38 33 32 9 60 4 54 8 35 18 20 23 6 36 34 0 58 59
20 33 6 63 42 48 23 3 36 32 14 12 18 8 22 46 49 25 34 41 15 7 28 0 39 54 30 9 45 27 5 44 26 47 53 17 50 24 35 43 2 51 62 60 57 19 58 56 55 4 38 21 29 37 61 13 1 31 11 40 59 10 52
1 41 38 15 8 3 21 59 56 46 12 20 5 39 14 55 52 9 34 26 25 13 11 45 22 49 18 61 62 24 23 63 16 36 0 53 40 35 51 28 44 27 30 37 31 58 19 57 43 29 7 54 10 42 47 33 48 50 2 60 6 4 32
46 25 7 36 54 31 41 51 29 61 39 35 20 16 50 21 26 27 49 10 34 17 55 22 1 45 47 40 56 4 42 58 6 57 38 8 44 60 19 9 33 43 0 13 63 62 37 12 53 23 48 24 59 15 5 52 28 32 3 11 30 2 14
41 2 28 48 9 3 25 36 14 42 60 12 30 27 1 54 23 20 29 53 15 4 40 46 6 13 50 49 32 63 35 55 8 51 52 58 57 45 37 56 0 21 47 18 26 10 22 62 16 34 24 61 11 17 7 38 5 31 43 33 44 59 39
40 16 7 58 17 45 53 9 57 18 14 36 43 8 2 50 52 55 37 19 35 32 11 10 61 59 21 33 41 25 38 29 31 30 26 27 0 12 24 34 23 48 13 62 28 5 54 44 3 42 4 51 63 46 6 15 1 49 47 22 60 56 39
9 28 17 14 56 39 44 2 6 42 18 43 59 29 27 11 60 55 45 61 22 46 51 26 25 12 20 15 53 54 30 10 19 58 33 47 1 52 13 3 41 37 50 63 62 16 32 23 31 38 40 8 7 4 0 34 57 49 48 24 35 36 5
55 2 29 41 25 53 28 33 59 46 12 3 48 49 35 34 44 32 52 16 4 50 37 9 15 17 24 57 10 31 18 21 60 54 58 0 13 47 43 8 39 62 11 51 7 27 19 61 30 45 36 5 38 42 40 56 14 6 23 20 63 26 1
29 53 14 16 44 41 9 43 46 62 48 30 42 61 45 12 27 34 55 49 6 19 10 40 50 7 59 35 17 5 39 63 60 8 56 1 24 54 3 36 13 20 11 47 31 0 51 4 21 26 2 18 37 15 57 58 32 22 25 38 33 28 52
46 8 13 30 53 45 7 59 28 47 5 55 39 11 32 34 51 0 58 31 22 12 27 33 57 15 26 17 25 42 52 62 16 10 23 61 44 38 48 56 20 35 6 19 36 3 63 37 4 2 49 18 50 1 29 43 21 41 14 40 54 60 9
18 3 53 22 14 56 32 27 43 38 4 19 55 17 2 1 16 6 37 39 15 44 48 52 24 49 54 40 7 51 30 21 59 11 50 62 45 12 26 20 33 10 34 60 57 36 35 0 9 61 41 31 42 13 23 46 47 5 63 28 58 29 8
1 6 31 53 13 42 58 14 28 17 18 15 50 27 4 44 32 5 56 55 48 11 51 63 10 49 24 34 16 2 39 37 21 0 41 59 25 35 3 20 43 19 33 45 40 62 29 46 54 52 23 57 12 47 9 30 38 36 60 61 7 22 8
38 57 25 2 28 60 12 45 39 13 33 18 23 59 15 19 11 26 0 21 49 62 43 29 51 24 16 46 35 50 9 48 3 4 41 14 58 1 17 34 30 20 22 8 10 47 36 52 54 61 42 55 5 6 37 40 32 44 56 63 31 53 7
1 21 7 19 51 11 22 48 35 27 24 26 59 43 0 14 16 53 33 31 34 56 32 12 2 55 47 30 62 52 37 38 63 60 44 40 17 3 41 13 8 15 58 29 61 20 49 45 9 10 6 39 50 42 57 36 18 54 4 5 23 25 46
15 23 1 44 33 22 41 18 48 14 56 51 3 45 58 31 36 11 37 62 49 21 54 27 50 19 4 60 43 38 6 63 39 10 53 2 55 42 20 57 0 9 46 32 30 13 40 28 5 26 59 7 16 52 17 8 12 34 61 24 47 25 35
56 33 50 35 24 2 10 51 47 23 0 60 19 58 41 1 42 54 31 16 3 45 15 62 28 59 25 39 21 9 36 12 38 20 48 17 27 46 6 5 22 32 57 61 29 34 8 11 7 37 44 14 13 63 49 55 26 53 18 4 43 52 40
58 18 26 13 39 48 2 36 40 52 8 37 51 55 29 9 33 60 42 30 41 11 24 28 22 49 10 14 4 47 45 32 54 44 3 6 20 57 59 17 12 34 7 5 15 50 23 43 0 61 63 25 21 19 56 1 16 46 27 38 35 53 62
38 40 50 25 4 33 16 35 42 2 22 45 37 47 24 34 41 26 49 43 14 20 62 28 0 46 58 48 12 51 19 31 3 60 57 44 55 52 30 54 9 29 5 56 63 13 8 6 11 15 21 10 27 61 36 23 18 59 1 17 7 39 53
16 30 39 34 59 12 29 6 8 45 22 7 44 32 4 41 57 61 37 36 2 53 27 62 51 5 46 31 13 56 3 28 9 50 24 60 43 52 40 38 49 20 25 14 48 58 26 21 11 47 18 55 10 54 15 35 0 17 42 1 23 63 19
33 3 47 38 57 53 51 6 52 37 17 22 63 11 16 23 54 18 41 60 32 24 1 49 28 50 40 4 7 26 5 0 8 13 35 25 27 20 31 19 39 58 42 2 30 56 12 9 62 55 61 43 45 44 48 36 29 21 14 15 59 46 10
37 13 3 53 30 47 28 18 40 6 32 22 1 56 42 60 11 63 14 7 48 62 20 43 41 27 39 0 59 23 55 38 4 16 58 19 17 12 61 49 34 45 26 50 36 25 9 54 52 24 8 5 10 2 44 33 57 15 51 46 21 31 29
49 18 4 41 10 31 13 16 19 20 40 3 33 38 29 48 63 61 39 8 57 9 47 0 1 17 54 46 14 11 23 30 25 43 35 62 52 6 12 27 51 24 53 59 22 50 2 45 60 5 34 32 28 42 55 37 15 56 26 21 58 7 44
35 60 63 3 46 34 31 42 33 32 29 22 25 62 20 47 10 58 44 49 54 59 55 43 15 4 26 14 28 12 57 2 19 56 40 17 53 48 41 6 21 50 7 38 27 16 18 5 24 30 52 23 51 45 36 9 1 13 8 0 39 11 61
27 32 17 34 3 46 25 57 45 13 12 36 40 5 58 6 7 62 10 0 50 47 60 63 54 42 41 52 35 9 4 33 28 29 8 14 2 18 24 20 30 15 44 37 16 19 43 22 59 56 39 21 51 11 49 61 48 55 1 53 26 31 23
3 33 31 2 58 15 17 18 21 62 27 24 11 46 7 36 63 25 41 16 61 14 42 53 35 43 23 30 26 40 45 29 59 13 49 22 50 9 34 52 60 44 57 51 1 10 55 5 8 4 48 12 38 28 54 6 47 0 56 20 37 19 32
20 11 32 63 31 61 35 7 8 36 0 49 38 44 13 4 23 34 15 56 19 14 25 18 47 39 33 51 17 9 46 54 28 50 1 37 52 10 58 57 60 42 45 41 26 53 29 6 62 3 12 27 21 48 43 2 22 5 55 16 24 59 30
17 36 18 19 6 22 29 49 23 2 46 48 33 62 16 9 45 30 34 0 53 32 4 55 31 39 44 13 35 58 38 51 8 59 26 14 20 50 3 27 15 56 28 57 40 5 37 63 52 1 21 25 12 11 60 54 7 42 47 61 24 10 43
16 5 56 6 1 14 4 32 26 19 37 21 35 23 49 10 8 59 15 50 30 31 53 52 39 44 47 38 24 54 13 18 9 43 29 60 48 3 46 40 51 2 55 12 34 11 63 27 58 57 20 25 17 7 22 0 61 33 28 36 41 62 45
4 45 7 52 48 25 0 55 57 51 23 59 20 54 11 28 21 53 8 61 27 1 15 49 35 32 37 60 6 2 39 33 29 3 46 9 42 44 16 22 36 26 14 18 58 31 17 12 5 47 38 13 10 34 40 50 63 62 19 24 30 56 41
29 10 13 3 23 59 33 6 21 9 22 12 55 56 40 0 11 46 48 1 62 26 4 54 7 41 37 42 25 16 45 2 8 61 53 31 28 43 17 24 60 32 18 50 15 57 49 39 38 52 35 20 30 27 34 5 51 47 63 58 36 19 14
43 3 15 9 33 63 6 20 24 38 27 57 29 32 55 23 10 41 50 17 61 14 4 51 8 30 16 56 13 21 47 44 18 31 62 39 25 19 35 0 5 7 49 40 53 26 22 46 58 48 11 28 36 54 60 34 2 59 12 37 52 1 42
15 18 5 24 62 0 14 58 17 10 22 38 37 56 53 59 12 41 23 8 16 63 33 39 44 60 13 27 7 52 32 11 19 21 61 43 36 51 40 6 30 42 57 2 47 29 45 3 55 9 26 54 1 20 49 48 50 31 25 4 35 34 28
34 50 35 24 7 30 32 61 11 14 59 53 37 38 3 45 36 42 60 58 28 18 16 31 40 56 1 52 57 10 15 12 22 19 4 8 33 21 27 46 23 5 13 43 63 54 2 17 26 49 6 62 39 0 41 48 20 55 25 9 51 44 29
15 16 11 31 57 49 43 28 19 22 29 41 23 13 3 36 60 44 35 2 26 56 8 25 27 32 52 12 59 33 24 30 42 62 1 54 58 10 53 37 51 7 20 4 14 45 61 9 39 40 18 34 55 0 17 38 63 46 47 50 5 21 6
36 5 58 50 8 3 48 41 51 22 6 52 13 40 42 16 18 29 34 61 27 23 17 32 43 37 62 26 31 25 10 19 15 54 33 4 1 35 56 12 39 0 45 14 60 44 2 9 59 55 28 57 24 30 47 46 63 20 38 7 21 53 11
8 57 32 30 49 47 15 4 11 58 18 22 2 20 26 42 45 5 56 33 34 29 38 23 3 27 7 0 61 19 53 62 60 16 25 12 54 41 40 10 35 14 6 44 63 51 31 39 1 21 37 36 59 55 52 24 13 43 28 17 46 48 9
58 62 28 18 61 34 6 14 49 43 5 29 63 31 30 3 13 33 56 24 10 2 45 27 26 60 15 25 12 11 21 32 41 40 19 46 17 55 0 52 57 16 42 22 59 50 48 7 36 9 54 39 23 53 1 20 37 38 35 44 47 4 8
0 14 63 58 43 5 34 31 49 17 53 60 2 22 8 4 12 20 61 42 6 25 54 46 38 1 33 28 24 47 48 19 7 62 40 51 36 32 55 35 15 21 27 41 39 57 44 10 29 59 26 11 56 37 50 3 9 18 13 45 23 30 16
23 25 35 3 5 26 34 22 24 1 20 60 46 52 8 33 14 43 12 41 63 28 42 61 47 11 19 39 59 16 55 50 17 58 10 6 21 44 54 29 13 62 15 37 48 45 9 40 0 56 36 2 51 7 57 4 18 38 30 31 27 49 32
18 7 62 55 5 59 0 43 2 61 12 34 30 29 16 19 44 57 37 38 9 3 52 22 25 63 42 49 36 31 50 53 21 40 23 6 48 11 8 56 1 35 60 32 27 51 58 26 33 46 20 41 45 17 15 47 14 39 13 4 28 10 24
22 8 2 54 0 7 17 43 25 61 31 44 45 24 23 41 20 15 62 26 21 18 37 6 28 35 9 53 58 3 19 1 29 57 32 51 4 52 10 11 42 14 33 46 49 5 63 16 27 50 39 60 34 56 48 30 38 47 12 36 59 40 13
9 30 17 63 42 25 61 7 46 21 29 35 4 57 44 60 15 51 33 2 11 50 26 48 45 62 40 28 47 58 18 23 19 49 37 41 1 14 54 24 6 53 32 10 34 16 5 59 52 38 31 55 27 3 13 22 36 39 20 0 12 43 8
50 11 48 34 27 63 38 20 9 43 8 33 45 56 36 12 54 22 4 13 24 7 5 47 0 37 18 3 19 32 15 2 55 29 25 46 40 51 44 31 6 14 16 41 30 59 62 52 17 49 10 39 42 35 53 26 61 1 60 28 23 21 58
0 51 9 31 52 49 46 20 39 61 50 26 29 30 38 24 37 11 8 47 41 32 63 6 22 59 56 13 5 53 18 55 35 19 27 33 21 40 48 7 28 60 17 1 34 43 45 16 54 42 12 3 4 10 14 23 62 2 57 36 44 25 15
33 9 17 8 14 22 44 54 24 46 43 28 27 42 21 47 6 4 10 23 37 5 35 20 30 53 41 58 25 26 39 48 13 11 61 31 51 2 60 1 49 57 36 29 50 52 7 63 56 38 12 18 62 45 3 55 32 16 40 34 19 0 15
7 9 37 27 8 53 11 30 52 19 35 56 10 61 34 31 48 12 46 38 21 47 3 22 51 33 43 62 50 23 29 32 1 28 63 44 42 25 18 40 5 49 16 54 58 59 39 6 36 41 55 15 45 4 57 17 13 14 26 20 0 2 24
51 7 40 18 56 58 55 33 1 23 54 3 47 36 14 60 52 63 45 2 43 49 39 53 15 12 17 21 20 44 50 46 24 35 0 13 8 59 22 30 19 25 28 27 31 6 48 9 16 5 10 34 62 57 42 32 38 29 4 11 26 41 37
46 51 54 63 39 12 23 13 9 41 33 5 29 37 44 27 38 55 35 4 56 32 49 30 17 1 60 28 50 0 45 24 10 25 53 7 52 48 14 22 36 16 6 19 26 20 57 40 15 21 2 18 34 3 61 59 47 8 58 43 11 42 31
16 52 37 14 56 7 45 40 57 62 51 34 6 46 36 11 61 35 53 39 38 5 26 4 17 58 54 2 23 12 1 28 19 29 60 15 0 50 10 41 3 42 32 55 21 24 31 18 9 59 47 20 30 43 49 8 13 48 27 25 44 22 33
