49 43
44 21 48 46
4 32 62 5 42 54 7
45 46 39 25 15 63 38
29 17 61 15
61 19 20 57 16
41 27 42 5 61 8 36 31 53 16 7
24 41 13 15 55 63 6
54 23 19 38
53 1 12 14
32 39 17 9 2 14 1
55 19 7 38 45 5
58 38 28 17 31
7
63 31 48 12 37 3 39
53 58 32 8
58 41 55 23 21 50 1 24 47 13 22
8 60 1 62 9 11
45 1 26 21 43 47 42
29 27 51 5 53
25 33 7
4 6
35 51 3 17 14 38 55
62 61
7 37 28 4 10 2 46 49 15 45
31 23 54
27 49 20
56 9 60 49
60 8 47 15
32 50
51 16 0 62
56 20 34 5 2 17 22 10
27 50 15 52 36 56 38 34
16 49 17 41 45
35 8 20
23 52
23 37
16 18 30 4 57
5 34 11 19 45 53 1 36 49 18
12 36 4 25 53
60 19 59
9 38 56
55 16 52
37 12 42 38
42 54 2
2 9 31 17 29 16
51 30 62 56
41 31 32 25 35
4 41 42 0
4
53 38 35 12
31 48 11 58 59 13
46 56 39 29 47 62 61 12 59
54 7 3 10 18 25 35 62
45 60 3 26
28 3 15 1 50 62 27
32 9 43 47
22 39 31 25
55 25 61 51 63 8 6 3
35 57 27
10 32 37 29 8 48
32 13 55 24 58 20
63 2
13 37 38 25 18 62 0
