36 59 5 60 45 42 26 40 46 1 15 50 48 49 31 24 53 33 58 55 28 6 41 8 14 18 56 16 61 39 47 57 52 37 23 44 62 7 38 20 3 19 32 30 51 54 63 34 12 21 29 9 27 2 35 4 11 22 43 10 17 25 13
2 58 51 13 10 24 30 53 20 15 54 44 0 14 39 31 61 50 29 3 25 9 49 22 33 59 21 48 6 45 37 5 23 17 32 38 46 11 57 27 26 47 62 8 55 52 18 42 16 40 7 34 28 4 43 35 41 63 12 36 56 19 60
3 56 1 24 12 38 15 47 53 50 37 39 63 18 5 4 7 42 51 13 20 9 57 35 8 34 32 48 28 62 41 55 33 26 21 58 19 61 52 46 27 49 45 22 0 54 59 11 14 29 43 40 16 23 17 60 44 31 6 36 10 25 30
2 27 33 45 52 29 4 6 31 59 28 61 46 21 50 44 38 55 1 63 36 23 54 26 39 18 57 8 19 17 35 14 10 24 0 16 32 60 49 9 11 47 34 12 48 25 15 5 43 7 51 62 53 41 22 58 30 56 13 37 40 20 42
36 41 33 3 5 9 45 59 62 63 60 44 10 7 55 32 37 48 11 23 2 12 13 40 43 61 16 42 46 30 24 49 22 56 58 26 25 51 8 20 19 47 28 35 54 14 53 27 52 0 1 39 29 6 15 57 38 34 21 50 31 17 18
36 52 63 0 27 4 8 17 48 62 11 60 23 21 59 53 2 25 57 6 39 29 49 22 37 56 26 31 1 7 43 54 45 41 15 51 58 28 12 34 32 18 42 47 24 9 40 61 19 14 13 3 46 33 38 35 30 16 50 55 44 10 20
7 22 34 3 61 11 58 18 44 42 26 57 30 19 17 8 15 48 5 31 14 62 40 24 0 45 47 39 1 41 43 46 59 55 38 21 35 9 52 50 60 51 53 12 27 23 32 37 10 13 49 63 56 20 29 33 28 54 4 36 2 25 16
24 6 12 13 37 17 25 8 55 53 4 50 58 60 47 19 16 35 2 10 59 20 5 43 42 31 48 28 51 18 62 21 0 61 29 56 11 23 22 52 9 34 63 41 40 27 14 45 38 57 49 33 1 3 32 30 54 26 39 36 15 46 44
54 35 45 5 30 32 25 57 48 12 33 7 53 11 52 37 43 18 29 20 6 46 60 26 13 31 10 21 19 36 0 58 16 14 28 2 62 50 3 55 56 1 4 24 44 47 9 22 39 51 42 34 17 59 38 63 40 41 15 61 27 23 49
46 38 51 50 49 23 54 4 25 30 58 56 10 27 42 55 28 44 21 33 29 32 1 22 14 61 52 26 53 18 24 2 16 40 62 17 11 6 19 13 31 59 36 7 3 5 15 34 12 41 8 35 0 20 63 47 43 37 60 48 39 45 57
13 46 17 11 37 1 9 59 12 4 45 44 25 56 55 63 33 32 40 34 22 47 7 29 8 53 49 16 27 18 38 35 48 43 21 20 14 31 24 3 19 52 50 57 42 36 61 60 6 28 39 15 62 0 51 41 30 5 54 58 23 2 26
17 44 15 55 10 13 27 56 57 5 43 23 6 12 8 38 60 40 46 4 42 21 26 59 28 62 31 29 41 51 50 22 37 30 19 14 1 9 48 32 49 7 3 53 47 45 58 33 39 0 20 18 54 2 34 25 16 35 24 61 52 63 36
35 7 2 30 22 45 39 38 63 8 36 11 10 27 28 55 31 57 4 42 16 50 53 14 61 34 59 62 58 54 26 13 21 43 47 25 6 5 23 20 46 56 19 18 32 52 0 51 9 41 3 60 37 40 44 49 17 33 29 1 48 15 24
10 44 11 46 56 7 1 40 25 16 54 47 43 39 48 22 23 4 42 59 8 2 20 36 30 51 29 12 24 9 14 15 37 38 61 49 19 21 50 26 52 31 6 17 5 33 28 18 58 53 41 63 34 55 27 45 57 35 32 3 0 62 60
49 29 24 16 28 34 39 46 43 21 18 1 23 35 32 58 62 19 9 54 6 59 48 63 31 12 50 47 40 15 0 22 8 53 26 51 11 10 3 30 37 13 41 52 38 27 61 60 33 4 7 20 57 5 25 42 2 17 45 44 55 36 56
39 32 11 61 51 44 2 54 27 42 55 1 0 28 29 62 6 26 50 35 43 17 38 14 25 45 48 53 22 40 52 5 63 24 19 23 20 30 57 13 47 9 56 31 41 34 3 33 37 36 46 21 10 8 58 60 49 7 4 59 16 18 12
45 14 41 18 38 58 30 63 46 32 52 20 44 13 42 56 33 36 49 7 57 40 4 12 60 53 23 17 61 25 8 10 9 0 54 26 59 62 50 43 47 3 27 24 29 22 1 35 21 28 55 31 11 37 2 39 5 34 19 15 48 51 6
37 11 10 21 38 5 7 52 26 47 51 50 62 30 18 54 6 56 60 19 31 23 22 42 48 59 15 16 40 41 58 55 1 29 3 9 28 36 32 43 57 35 34 46 53 13 27 8 45 25 12 24 61 14 33 49 0 2 20 39 63 44 4
30 45 16 61 54 48 14 6 39 20 2 17 8 40 49 23 55 9 21 19 56 34 0 3 44 59 10 22 42 62 7 29 32 24 51 50 63 52 53 58 5 1 12 36 38 33 41 27 46 60 26 13 25 11 47 57 28 37 43 31 15 35 4
56 32 54 28 37 23 58 52 34 30 42 39 61 63 51 6 7 27 14 35 17 62 49 36 40 48 57 8 18 41 46 33 31 11 50 55 3 15 38 9 10 44 4 0 25 59 20 12 13 43 2 24 29 47 53 5 60 26 22 21 16 1 45
59 28 50 39 36 1 16 43 41 46 18 55 60 8 52 62 42 25 35 49 2 47 45 54 13 7 37 30 58 10 44 22 31 38 23 15 57 0 12 4 19 24 14 40 21 9 48 51 27 6 32 11 61 26 56 34 29 17 33 53 63 3 5
39 62 37 17 22 61 14 29 60 3 31 52 5 50 59 9 24 56 33 46 30 11 51 1 18 8 53 42 48 10 12 25 32 6 7 34 63 45 54 2 26 49 47 44 13 58 27 38 36 40 0 35 16 28 20 41 57 23 43 15 55 19 4
39 32 60 23 6 28 31 12 21 54 51 45 56 59 29 34 52 13 48 9 30 10 1 17 61 5 49 43 55 14 50 18 11 15 4 36 57 20 62 35 41 33 24 38 7 25 40 16 8 47 27 46 2 44 37 0 26 42 63 3 19 58 53
52 54 62 22 43 47 34 9 42 19 56 44 5 11 51 46 41 25 14 13 4 27 3 18 36 31 17 16 33 39 53 38 59 1 29 60 45 20 15 0 40 35 24 12 7 6 50 57 32 48 63 21 37 28 55 2 8 49 58 10 30 61 26
7 45 14 2 59 29 1 41 34 39 30 25 27 21 0 56 26 6 32 9 31 28 51 4 61 50 53 48 58 35 62 57 46 15 10 13 22 3 23 52 18 8 55 40 16 19 5 43 20 47 60 37 17 33 42 63 49 11 54 38 44 12 36
48 29 9 38 8 13 7 42 53 54 23 10 24 34 1 33 5 20 35 45 32 58 60 44 16 15 27 55 57 28 21 40 12 49 41 36 63 4 51 43 19 22 61 26 30 14 3 50 46 18 39 17 11 62 37 0 31 52 6 56 2 59 47
57 46 59 0 45 39 41 28 31 33 17 36 6 37 43 54 29 9 56 52 50 11 15 8 24 47 3 5 42 58 14 16 12 60 1 4 51 27 2 21 25 35 49 55 38 32 13 18 30 22 63 20 62 19 53 7 40 34 61 44 10 48 23
3 31 49 54 56 5 29 11 45 58 50 60 15 9 51 40 39 37 53 36 12 35 38 33 47 34 24 57 19 55 23 41 28 25 10 48 43 32 1 46 26 16 6 61 14 21 44 18 7 30 2 22 4 0 20 17 59 42 13 8 52 63 62
34 44 14 33 22 19 46 20 3 29 9 26 55 58 38 15 12 60 57 37 43 40 48 63 0 11 24 49 27 8 32 25 2 41 7 56 17 45 5 36 30 47 59 53 62 4 52 10 21 31 16 13 1 61 51 6 54 18 23 39 50 35 42
14 44 56 3 27 25 59 24 28 40 21 41 60 22 47 63 15 1 9 8 54 26 36 5 35 10 57 37 30 11 53 46 23 13 17 51 52 18 7 33 16 62 43 19 42 31 0 34 48 50 6 4 2 55 12 20 45 49 32 38 39 58 61
41 18 56 45 39 12 8 9 58 16 1 61 44 59 19 46 24 62 17 6 21 22 32 38 60 29 37 40 4 36 52 13 11 51 20 63 14 15 28 0 48 35 27 55 34 57 31 49 25 54 47 26 7 5 53 50 10 3 42 33 23 43 2
27 50 3 22 53 46 26 21 1 54 47 48 37 39 0 12 42 40 59 52 6 17 23 8 35 14 24 11 38 5 33 49 51 58 19 7 61 44 20 36 10 45 62 43 9 56 63 15 29 57 30 13 28 16 60 55 34 25 18 2 32 4 41
15 22 19 38 63 44 53 57 8 16 56 58 62 42 9 4 54 14 60 10 41 25 61 30 50 24 39 48 2 28 1 52 21 40 47 27 11 17 34 55 18 0 5 3 43 49 59 36 6 12 26 23 45 7 51 35 20 33 46 37 13 29 31
55 3 44 59 28 4 48 53 56 63 8 26 16 27 9 38 54 25 21 0 10 1 45 23 19 31 58 35 42 41 36 61 52 22 29 2 40 46 57 60 34 49 18 14 11 13 15 7 47 5 6 24 32 17 39 37 12 62 43 50 20 51 30
28 6 23 44 45 40 14 38 24 36 19 22 46 27 25 10 50 35 12 18 53 60 2 48 42 32 21 61 52 39 41 62 5 7 33 59 54 0 17 3 9 57 55 15 30 58 29 49 8 63 1 51 47 11 13 20 31 37 26 16 4 56 43
58 12 8 40 48 50 37 39 44 56 27 47 53 14 36 19 60 20 25 7 15 59 29 34 31 41 2 55 54 46 10 33 24 3 42 62 22 6 51 23 57 43 61 45 63 26 17 4 30 9 21 16 0 32 5 1 11 38 13 28 49 18 52
47 5 4 46 0 62 20 55 37 44 58 12 34 38 27 26 41 16 43 57 35 3 51 23 19 29 8 50 30 40 13 53 61 22 39 31 33 25 49 17 28 54 9 45 18 32 10 21 60 63 15 52 59 42 48 56 7 14 6 1 2 11 24
17 42 10 21 35 19 62 53 39 7 49 46 51 36 2 27 8 40 26 31 54 4 28 43 38 41 58 29 5 30 1 63 11 20 60 55 52 0 14 45 13 56 47 50 6 12 15 48 57 59 22 9 24 33 25 23 16 18 34 32 61 3 44
51 9 42 32 2 16 17 52 25 34 12 36 28 60 3 27 41 11 58 33 59 37 56 47 30 61 31 15 55 23 62 10 1 39 6 46 20 19 49 40 48 0 22 13 14 18 21 44 26 54 7 53 43 50 8 45 5 57 63 35 4 24 29
15 22 21 30 60 50 14 52 37 20 12 26 35 56 2 27 43 19 1 53 24 18 42 13 63 31 41 5 51 54 6 32 3 59 23 57 0 61 38 36 55 47 34 45 48 49 62 8 11 10 25 4 40 33 44 16 58 9 7 28 46 17 29
51 41 58 35 34 62 48 0 13 29 60 27 37 11 61 18 46 31 4 16 10 28 19 6 17 54 30 14 36 56 55 9 59 49 15 25 32 53 63 23 38 43 33 24 22 45 7 50 5 21 1 20 12 57 39 8 42 44 47 2 26 52 3
30 59 47 4 40 46 16 48 24 26 50 29 23 20 38 36 32 37 39 45 55 54 35 27 0 17 19 11 6 49 33 5 60 28 25 2 22 57 14 61 44 53 34 42 43 7 58 9 18 12 51 15 56 62 21 13 52 63 8 3 10 1 31
58 37 38 61 46 0 45 23 15 9 43 25 19 16 32 6 39 51 31 54 20 11 12 13 4 59 2 17 63 47 21 56 26 18 62 7 60 33 34 35 50 41 57 5 1 10 29 53 8 55 14 44 48 27 40 49 36 22 24 30 52 28 3
23 44 52 49 62 46 14 56 11 42 39 53 20 13 50 54 26 8 45 36 28 37 4 15 22 6 60 63 5 7 51 10 27 58 12 55 61 16 31 40 17 47 35 48 25 32 41 19 29 24 3 38 9 1 21 0 57 2 33 18 59 34 30
11 13 33 29 48 28 46 43 32 34 15 36 35 23 30 1 4 3 16 9 6 10 56 60 45 25 59 55 18 49 31 20 0 53 19 41 8 21 27 38 62 51 42 22 12 47 40 52 39 14 58 63 5 61 50 2 54 24 26 17 7 37 57
16 24 3 30 18 0 49 8 42 27 34 26 12 22 4 48 10 50 55 43 44 53 41 25 57 54 61 33 6 20 60 1 15 62 5 58 59 23 37 28 31 21 36 35 56 39 40 46 11 7 2 51 32 17 38 47 63 14 52 13 29 9 19
63 9 10 55 26 36 44 41 49 13 28 42 56 14 43 37 0 50 16 31 3 23 30 20 34 11 40 21 8 58 4 59 48 62 19 6 35 29 1 38 24 27 47 33 12 54 51 45 17 2 57 18 22 5 15 25 61 60 53 32 39 7 52
36 41 63 52 54 23 2 56 61 13 29 17 35 27 31 7 57 48 10 38 6 26 20 58 42 14 50 55 0 12 32 1 60 28 16 39 46 4 43 37 21 5 15 3 11 19 24 8 22 9 51 33 34 30 49 18 59 44 45 40 62 53 25
44 25 41 35 54 33 5 40 50 57 56 8 18 49 45 0 31 52 13 22 4 53 6 47 28 14 17 19 58 1 46 32 34 15 59 21 27 24 2 63 10 7 11 38 43 30 39 51 3 20 23 37 62 29 55 42 9 36 61 60 12 16 26
14 27 57 46 45 9 52 43 37 63 48 50 58 60 51 0 16 1 61 18 55 19 54 20 5 22 10 59 28 31 4 41 40 44 53 62 25 38 36 11 32 56 3 21 13 33 39 26 2 30 6 34 7 47 12 42 17 24 29 15 23 35 8
55 31 9 35 52 39 48 20 27 46 49 2 56 41 3 54 45 0 21 1 43 7 17 26 34 12 15 32 53 60 14 36 22 63 11 8 24 51 47 19 42 16 6 57 61 18 10 40 23 13 37 58 25 29 38 62 59 5 28 30 33 44 4
38 40 9 15 1 22 37 27 23 49 58 19 17 42 36 61 21 56 39 2 54 52 53 24 62 11 31 57 13 50 30 43 14 60 29 7 5 35 26 4 6 25 18 63 0 46 12 48 41 8 45 20 44 47 59 32 3 34 28 10 55 33 16
23 3 47 5 57 43 49 50 38 39 58 61 19 16 21 17 8 22 59 48 55 54 20 9 31 26 63 62 51 30 56 32 15 37 0 33 6 60 29 34 14 24 10 7 18 1 28 12 2 13 4 36 41 44 45 27 11 40 25 53 42 35 46
54 32 33 37 2 31 1 55 61 25 58 27 43 7 8 39 35 63 56 5 0 48 45 9 16 50 62 12 21 10 51 23 34 36 14 29 15 24 49 40 44 60 59 6 28 41 57 18 11 19 17 4 42 38 13 3 30 26 46 20 47 52 22
23 19 27 47 8 53 61 48 9 22 15 18 1 50 62 13 25 63 31 43 37 32 33 17 52 29 42 26 57 14 45 49 3 39 41 51 20 40 35 16 56 5 12 55 60 59 36 21 0 46 34 4 38 30 2 11 58 6 28 7 24 10 44
50 33 46 59 11 36 9 53 28 15 7 3 20 4 12 57 45 52 10 63 62 27 49 0 18 41 17 22 35 61 44 38 25 40 8 54 19 6 37 47 43 39 2 32 60 24 1 34 30 26 58 42 48 16 29 31 13 51 23 14 5 21 56
19 2 30 29 27 59 13 60 11 46 58 48 9 33 47 43 22 39 50 23 35 57 32 16 44 10 21 53 17 61 26 38 24 51 5 18 0 42 40 54 52 4 28 8 7 37 31 49 12 62 45 15 41 6 63 20 36 3 55 1 34 25 14
26 49 52 11 32 48 8 56 60 55 6 28 12 27 36 54 16 47 5 45 63 29 19 58 2 61 39 51 3 25 22 24 1 0 15 50 20 41 35 42 53 33 10 17 34 31 14 62 23 46 30 7 37 21 40 38 18 43 59 13 4 9 44
35 42 1 40 62 27 56 16 9 30 52 19 49 36 28 6 53 32 51 38 7 60 14 0 25 46 37 48 57 47 17 8 31 33 26 12 45 24 43 20 4 5 59 18 2 21 41 50 11 34 55 13 63 54 15 61 44 39 22 3 23 10 29
41 33 20 55 0 26 56 24 29 3 4 22 10 30 21 52 61 5 38 62 31 42 14 35 44 13 11 17 1 7 46 49 39 12 23 18 6 40 48 16 63 54 45 53 58 28 9 19 34 32 60 51 37 8 27 2 47 50 36 57 43 15 25
22 39 0 56 27 5 40 21 49 4 38 57 29 61 11 58 7 20 28 32 17 35 44 8 62 16 25 50 30 45 34 43 42 37 26 54 23 51 41 52 47 53 6 55 63 3 33 14 10 59 36 12 18 24 19 31 9 46 15 48 2 1 13
15 42 54 18 3 6 21 63 52 30 53 47 19 1 60 59 40 49 9 56 51 4 32 62 22 45 12 16 38 57 55 0 24 36 31 39 33 43 7 50 34 41 13 35 25 27 2 14 10 5 20 28 17 46 58 8 11 44 48 37 26 23 29
23 63 21 58 37 40 5 43 36 4 32 54 17 30 15 14 59 20 55 19 60 61 6 53 52 11 46 51 12 8 45 38 42 9 49 24 18 16 35 22 2 7 0 1 31 34 28 56 29 57 39 41 44 48 3 26 25 50 10 33 27 47 13
46 62 47 32 5 61 49 16 12 33 4 2 19 54 29 39 53 55 10 3 28 57 14 52 42 50 43 37 48 59 30 15 40 25 21 18 60 31 51 7 35 0 36 6 9 34 56 23 58 8 41 26 13 45 38 24 22 1 27 44 20 11 17
