14 57 62
57 9 31 3 43 14
9
38
54 29 20 22
18 46 2 47 42 63
60 63
20 44 63 37 21
19 62
30 0 3 13 2 36 25 12 60 20 18
31 17
33 6 44 31 48 8 21
43 42 55 53 37 34 22
49 5 8 34 7
23 22 35 48 25 31
7 21 34 47
10 28
15 6 2 1 18 24 39 48 45 63
57 53 43 1 37 16
14 7 46 6 15 17
17 52 41
4 61 30 28
32 30 62 50
50 45 46 10 34 55 19 59 2 42
0 34 43 39 42 30 36 49 14
6 59 31 49 38
62 1 37 11 41 4 55
21 58 42 63
2 54 62 35 40 32
5

18 39
12 47 52 34 5 53 51 38 24
16 60 11 47 8 21 32 22
18
48 38 4 23 61 5
18 62 9 28 40
47 16 32 44 12
7 5 33 27 18 9 47
14 7 15
59 5 22
32 34 58 57 6 12 2
45 34 9 57
53 12 45 59 29
37 59 25 2 27
7 37 33 14
44 49 36 15
2 58 32
6 16 33 52 5 13
48 3 34 45 20 36 0
9 40 20 25 3
49 60 29 23 52 28
45 63 40 61 14 50
57 37 24 6 52 49
25 9 14 28 55 27
38 0 20 41 30
58 8 52 59 37 16 30
6 61 30 1
13 40 62
47 40 34 26 3
4 37 30 24 22
1 59 12 22 63 52 53
60 25 30 46 34 16
47 5 59 36 57 35
