60 42 26 41 13 8 50 4 6 34 43 61 21 29 44 20 25 10 57 36 27 17 16 7 14 32 2 3 9 15 19 59 5 11 39 56 51 52 28 31 54 33 63 24 49 62 35 12 1 46 23 45 53 55 30 40 48 22 37 18 58 38 47
56 3 20 63 60 62 40 41 26 42 55 11 33 52 58 38 19 53 43 46 2 47 22 48 59 44 18 16 23 30 57 50 14 32 5 29 0 21 8 10 61 9 31 28 27 15 45 12 6 49 54 7 17 36 51 34 24 25 35 37 4 39 13
29 32 52 9 25 48 4 30 51 47 40 45 57 37 62 5 26 34 27 14 0 60 6 31 54 61 36 63 35 46 24 22 53 17 49 19 15 1 38 20 7 28 39 50 58 18 55 44 11 59 56 16 10 42 8 21 3 23 43 12 41 33 13
38 13 1 43 11 12 35 27 37 57 59 16 15 51 23 60 44 58 0 17 10 7 41 48 39 25 49 33 40 14 29 21 22 45 32 30 28 55 34 19 50 9 61 20 62 36 52 46 2 56 8 63 54 5 53 6 26 47 24 18 42 31 4
34 0 44 46 39 2 18 32 14 30 61 28 36 17 26 63 54 62 57 56 37 22 7 53 19 5 24 12 29 49 11 25 35 20 41 16 60 47 45 38 21 52 31 55 15 6 42 27 51 23 9 59 40 13 48 50 10 33 8 43 3 1 58
53 57 27 52 55 36 62 33 9 44 8 58 60 38 2 11 61 54 14 26 20 31 28 21 4 15 0 42 48 41 7 47 35 50 23 34 46 12 43 1 63 51 49 59 19 25 17 32 37 56 30 18 45 3 13 39 22 10 40 16 6 29 24
21 61 38 50 0 24 36 8 13 9 32 40 54 22 14 59 10 28 2 49 18 39 45 15 30 43 12 41 17 44 7 46 60 53 27 20 52 31 16 55 26 58 63 51 35 48 29 4 25 62 56 37 1 3 57 23 47 19 11 5 34 33 42
27 26 37 59 50 51 30 18 17 62 21 34 32 0 4 25 57 3 46 31 33 14 42 5 41 22 60 28 40 39 63 2 6 19 49 8 44 56 15 24 10 16 43 61 36 11 35 13 45 53 9 55 20 58 12 23 52 1 29 54 48 38 47
57 55 19 0 15 39 6 5 50 35 48 28 13 49 14 32 52 54 61 42 51 10 23 7 22 46 56 18 1 43 31 37 17 25 21 60 2 33 30 29 27 26 3 36 16 20 59 58 47 38 34 45 53 12 24 4 44 63 9 62 40 41 11
29 2 34 55 5 49 14 6 10 47 16 46 27 24 18 52 54 56 40 48 37 63 50 39 51 0 11 62 17 12 45 43 32 41 28 44 61 20 15 33 22 3 1 13 23 4 36 19 42 59 7 26 58 38 57 60 35 8 53 21 30 25 31
56 15 14 50 38 41 20 22 54 36 31 29 9 0 45 57 34 33 6 42 3 18 62 51 58 52 26 61 37 23 27 8 60 49 7 13 46 25 1 12 48 21 39 2 35 43 28 63 40 47 30 59 17 55 16 44 53 19 24 4 5 32 11
13 54 3 27 23 37 25 48 45 43 5 57 12 35 15 29 32 1 38 9 14 21 0 50 55 19 4 51 17 63 61 26 18 39 20 47 34 52 2 7 53 16 42 24 36 22 31 46 33 44 49 40 59 28 60 30 62 10 56 6 41 58 8
42 18 46 15 34 30 3 45 51 59 60 28 11 32 61 16 52 55 6 49 63 56 4 35 57 9 20 39 17 5 26 0 14 21 41 31 62 10 13 25 47 43 38 22 33 1 7 37 19 54 53 27 2 44 58 23 50 48 8 24 36 40 29
29 40 11 0 3 42 46 21 24 54 6 35 45 63 32 17 34 30 25 47 8 27 16 22 26 31 33 49 18 61 53 10 28 38 48 57 62 12 9 50 7 20 60 39 36 52 59 5 58 14 37 4 44 19 41 23 43 2 56 15 55 1 51
30 33 18 56 60 19 27 10 51 28 4 9 35 6 5 26 0 58 2 8 43 36 39 29 57 47 53 7 11 54 37 42 31 45 34 44 3 48 38 41 61 59 40 1 52 20 16 22 63 50 12 24 21 15 17 49 13 55 32 62 46 25 23
25 31 10 12 18 16 49 30 8 38 56 27 20 36 52 37 3 55 11 23 53 6 0 5 32 57 2 29 19 22 48 58 17 43 44 26 28 21 7 24 50 60 40 9 35 4 59 47 51 34 42 33 1 46 14 39 62 45 54 41 61 13 63
18 44 41 21 50 15 39 45 20 62 47 30 3 9 63 48 0 37 12 19 26 29 51 13 59 32 42 40 54 43 22 35 38 4 1 53 49 7 52 17 6 14 55 25 27 31 33 11 2 61 36 58 24 56 23 8 57 10 28 60 46 5 34
53 33 23 55 60 49 18 24 50 7 44 52 61 13 26 4 0 30 25 58 3 29 6 41 38 2 28 9 36 63 15 12 40 11 42 31 37 46 16 32 51 20 62 48 59 34 8 5 47 21 10 27 45 14 1 56 43 22 57 35 39 19 54
23 16 36 22 34 12 14 24 15 19 17 4 7 35 61 40 38 27 29 31 9 6 52 59 49 44 10 57 58 63 46 56 1 39 43 13 47 45 11 2 60 53 37 51 8 55 21 20 42 5 50 54 28 41 32 0 25 33 48 3 30 62 26
33 41 57 24 27 54 8 18 14 23 45 35 37 30 25 55 46 16 1 4 0 48 52 56 61 26 2 11 53 15 31 7 39 47 3 60 44 29 21 5 38 34 63 58 43 36 51 9 62 50 59 12 20 10 13 32 22 40 28 42 49 6 17
47 21 53 1 46 32 16 42 48 38 10 61 15 0 40 52 41 5 51 60 29 37 22 55 30 44 39 43 26 35 12 4 2 24 56 54 58 45 6 14 11 17 27 9 63 3 57 13 18 28 7 25 62 33 59 8 19 49 50 23 36 34 31
6 20 53 16 33 60 58 13 62 0 38 36 42 7 32 49 27 61 55 51 5 11 57 48 54 31 52 3 26 15 34 41 63 25 4 19 28 1 12 50 56 37 10 46 23 8 18 43 22 17 59 14 29 2 35 30 40 24 47 39 44 45 9
30 18 32 38 26 39 28 58 53 10 27 29 6 55 36 4 48 13 37 42 2 20 62 16 43 15 7 56 1 60 35 50 52 3 40 8 54 45 61 14 47 23 57 33 9 59 46 21 12 41 31 51 34 11 5 63 25 0 19 44 17 49 24
18 26 17 45 42 11 35 19 55 43 3 15 24 38 40 54 52 27 39 60 5 58 10 44 8 56 51 1 30 63 49 62 59 46 57 47 41 37 29 22 0 36 28 9 21 25 4 32 16 50 2 7 61 34 6 20 12 33 53 13 48 14 31
19 27 25 18 6 60 13 53 17 26 32 54 63 44 51 9 37 23 46 34 2 4 50 41 33 36 38 39 48 40 55 56 20 49 61 15 7 57 31 28 0 59 58 42 47 30 11 62 14 16 52 21 45 43 29 10 3 8 12 1 5 22 35
15 41 29 24 34 2 53 11 28 0 13 19 17 52 7 37 30 27 50 31 35 43 59 58 3 4 48 60 38 63 62 54 46 33 36 49 51 40 21 16 26 5 10 12 56 8 23 6 44 20 45 39 55 47 22 61 42 18 57 14 1 32 9
23 0 7 45 39 22 59 24 37 50 17 47 2 4 5 1 44 14 33 16 56 43 13 31 19 58 49 35 20 51 10 52 54 15 57 61 21 38 11 6 12 25 46 63 62 60 42 53 32 34 40 9 27 8 55 3 36 41 30 29 48 18 28
7 46 24 19 62 5 14 41 11 3 58 61 15 22 28 18 0 2 43 9 45 59 63 53 30 21 13 49 25 32 23 33 38 48 34 29 42 52 10 54 51 57 6 55 60 50 20 56 39 16 35 40 4 1 26 17 8 37 12 31 47 44 36
39 29 22 14 33 25 46 4 27 12 52 32 60 34 40 41 8 6 57 42 45 38 5 44 51 63 47 50 17 49 37 7 0 43 2 15 3 35 24 13 9 55 30 21 53 62 23 36 1 31 10 20 18 56 11 16 54 19 61 59 48 58 26
2 13 9 25 28 52 48 55 32 57 0 10 31 49 39 22 50 41 18 34 45 11 35 53 54 16 43 14 17 61 20 56 4 15 51 38 59 37 27 3 63 47 42 46 1 19 58 23 40 6 30 21 8 36 60 44 33 62 24 7 26 5 12
44 49 22 14 60 39 33 35 15 12 2 50 7 4 63 31 16 13 19 48 17 27 62 6 25 41 46 32 20 36 58 38 47 23 1 52 3 61 54 56 28 55 59 53 40 43 45 24 37 57 34 29 10 8 5 0 51 21 26 42 11 18 9
15 41 48 35 50 57 53 58 45 10 29 34 30 61 33 36 18 42 63 56 52 2 46 5 7 25 13 26 40 14 54 59 19 21 0 44 17 24 6 37 51 4 39 8 12 16 32 55 1 38 28 22 11 49 47 60 27 62 3 20 43 23 9
2 22 34 20 39 29 4 48 24 33 6 13 28 21 59 7 12 11 55 53 0 58 45 42 16 38 8 27 47 30 15 35 46 63 43 60 49 44 54 61 3 1 9 17 57 56 50 31 41 26 51 5 23 37 36 62 18 19 52 14 10 40 25
19 17 59 14 53 60 30 47 21 38 55 5 28 34 58 32 31 46 35 10 57 50 1 62 26 48 52 49 7 45 27 24 41 13 3 0 61 25 43 9 22 36 42 16 44 63 15 40 8 12 51 20 37 11 29 54 39 56 23 2 4 18 6
56 62 18 4 25 45 9 12 32 0 33 47 31 53 58 10 13 28 7 2 29 42 51 49 40 24 41 36 14 27 60 5 21 3 57 61 44 11 19 35 17 46 15 63 59 26 37 50 55 30 43 22 54 39 52 23 8 48 1 6 16 20 38
56 59 61 60 30 31 43 40 63 52 3 51 39 8 13 23 18 14 19 33 11 29 37 53 2 62 32 25 12 26 4 20 5 16 54 22 45 48 28 47 46 0 50 57 15 38 34 7 42 6 58 27 36 10 21 49 41 55 44 9 17 1 24
62 18 58 56 5 6 10 15 21 4 46 49 37 0 31 60 22 14 38 61 45 59 42 2 30 41 55 34 24 17 52 44 50 25 43 7 33 23 35 28 16 11 13 19 39 3 9 54 29 53 57 40 8 51 32 26 47 48 1 20 12 63 27
40 7 11 54 58 3 2 26 15 59 36 19 60 16 62 38 4 24 9 35 25 22 61 39 20 14 56 28 46 42 29 10 17 49 48 50 18 31 23 41 21 8 47 57 43 30 34 55 5 45 52 53 32 44 6 63 27 12 33 13 0 51 1
3 6 22 33 58 44 59 10 20 15 21 60 55 5 18 54 53 52 41 37 62 40 23 49 63 46 36 32 1 28 11 48 17 27 30 61 50 2 29 24 47 43 16 39 25 14 26 51 4 13 35 19 45 31 12 42 57 9 56 8 7 0 34
46 28 30 16 26 47 62 4 32 58 22 8 41 55 35 45 29 49 42 43 14 40 6 61 9 37 48 3 20 0 60 53 51 23 12 24 63 38 18 7 19 59 54 52 44 2 11 27 31 56 10 13 36 25 34 15 5 33 50 57 17 21 1
44 13 50 37 57 48 35 2 56 1 6 20 18 55 41 28 9 38 53 23 47 39 34 16 31 62 59 7 3 24 60 17 52 61 42 22 14 25 15 45 30 29 46 27 26 10 33 0 36 54 63 4 11 21 51 49 19 5 43 58 32 12 8
25 19 16 0 49 31 27 10 39 51 42 1 40 28 29 59 38 53 20 50 3 30 6 24 17 58 45 60 36 5 33 34 7 4 44 14 48 55 62 63 21 9 23 54 37 57 12 32 43 56 22 46 18 61 26 2 35 15 13 52 11 47 8
12 0 61 50 13 23 20 46 43 59 41 63 21 39 31 1 55 48 10 34 60 28 32 44 16 36 22 45 54 5 14 7 8 37 27 57 52 53 40 17 29 24 56 33 49 35 4 11 26 15 62 9 2 18 38 30 25 58 19 3 47 51 6
55 47 3 54 35 0 42 11 23 27 59 53 39 14 29 6 49 1 26 25 16 44 20 32 22 58 63 38 56 62 15 18 28 60 46 9 5 33 7 50 36 8 30 61 51 45 12 19 10 37 41 21 57 34 48 2 24 17 52 4 40 13 31
30 16 48 40 55 56 38 4 5 17 54 0 46 24 47 26 3 52 50 57 42 58 18 61 59 28 51 20 43 32 62 1 14 49 41 15 6 23 36 7 31 60 39 53 63 34 9 2 19 45 33 25 37 11 29 10 12 13 27 22 35 8 21
23 26 34 16 58 2 12 11 31 13 39 10 19 29 27 32 28 6 36 60 42 33 41 63 53 49 14 47 9 56 35 3 48 18 20 22 4 51 61 40 44 52 30 50 0 43 38 7 37 55 5 59 25 1 17 15 24 57 8 54 62 21 46
27 52 39 12 13 20 4 42 44 28 36 33 9 19 49 56 24 31 38 7 2 30 54 59 1 32 50 37 18 63 6 5 43 25 10 23 17 8 35 29 62 0 51 26 22 34 21 40 61 15 3 48 55 11 41 53 16 58 57 14 47 60 45
20 43 59 33 61 54 39 63 2 34 55 16 44 26 9 13 40 14 32 58 28 1 45 5 30 38 53 56 19 29 4 18 35 11 52 23 22 24 57 49 37 15 12 17 10 48 51 31 8 36 25 3 62 27 21 6 60 42 46 7 50 41 0
55 44 58 31 40 53 2 20 29 32 11 8 50 16 30 42 57 9 33 22 60 38 3 19 39 5 15 21 27 1 25 24 14 41 35 45 54 52 37 51 13 17 62 56 10 6 61 47 46 59 43 49 0 4 36 34 63 26 12 7 18 23 28
53 30 57 41 52 15 17 63 9 56 29 36 39 61 21 8 46 6 38 58 27 43 18 34 12 33 26 2 4 45 32 28 13 3 44 24 7 16 10 54 23 37 60 25 62 0 59 5 42 47 55 31 51 1 48 14 20 35 11 50 40 19 22
40 16 42 6 0 7 31 10 57 30 17 53 8 26 48 59 33 29 44 41 9 25 52 24 28 11 38 46 5 22 1 36 58 15 2 63 37 35 51 27 62 43 60 14 3 21 32 45 13 34 54 19 23 18 20 49 12 39 61 4 55 56 47
7 2 14 12 41 35 58 56 24 3 34 16 20 21 9 54 44 28 60 10 39 29 26 0 8 11 23 27 57 38 55 25 63 17 61 5 50 48 53 45 59 18 31 46 6 43 15 4 62 32 19 22 30 33 47 49 36 40 1 52 37 42 13
2 46 5 49 63 35 29 55 17 57 15 28 31 12 38 9 44 20 59 1 25 18 23 61 33 8 50 53 19 10 60 0 36 26 27 22 21 42 40 30 39 62 16 48 14 6 47 4 11 45 13 24 37 3 7 56 34 54 43 32 51 41 58
17 5 49 21 33 20 58 48 54 25 24 31 61 22 50 34 43 29 38 27 15 32 55 41 40 4 1 35 14 2 52 39 45 19 47 42 16 6 13 44 63 51 18 28 30 11 60 0 26 7 62 37 36 3 12 46 10 57 8 56 23 59 9
56 19 60 11 55 43 47 13 53 37 24 10 44 6 5 4 38 9 29 2 23 51 8 63 16 42 14 46 31 61 35 21 26 32 0 27 39 25 57 49 62 20 30 48 22 41 36 50 40 34 18 3 1 12 33 52 15 7 28 45 58 17 59
57 43 48 44 8 5 54 17 9 33 60 29 47 52 39 38 23 40 15 19 1 42 32 22 53 12 21 20 11 36 56 63 24 61 41 3 6 51 27 16 2 28 30 58 59 18 4 49 31 34 37 7 45 0 46 10 26 25 14 62 35 50 13
1 61 34 10 35 54 58 14 57 44 36 62 15 40 49 51 31 59 4 9 46 26 29 12 19 37 0 63 55 22 45 18 60 43 47 24 20 23 7 30 8 32 27 42 48 21 2 39 25 41 5 16 6 3 52 28 38 33 17 50 53 11 13
55 63 5 49 8 19 60 40 56 50 31 29 2 3 52 0 10 11 33 4 48 44 28 7 14 18 15 21 12 42 26 51 54 1 27 61 24 34 23 32 41 62 35 22 13 47 20 37 59 30 43 58 36 16 38 6 53 45 39 9 46 25 17
48 56 36 53 21 38 45 39 31 22 37 27 33 5 51 34 14 3 17 32 1 49 44 60 18 61 41 30 47 26 25 10 15 43 23 20 50 59 2 24 29 6 55 35 19 16 62 57 7 8 13 9 12 0 46 42 54 52 40 63 11 28 4
61 33 47 35 7 38 26 42 12 37 3 32 50 43 6 27 56 41 63 52 16 18 36 44 0 25 46 29 40 1 31 14 39 23 58 24 49 5 51 30 55 17 2 22 15 34 57 9 21 19 10 4 45 48 20 13 8 11 62 60 53 28 54
0 30 54 57 35 33 14 21 24 17 55 1 38 61 12 5 28 37 3 36 42 2 45 48 20 58 51 39 41 32 7 52 22 56 23 25 34 40 43 4 10 6 44 49 19 15 18 27 50 63 53 26 13 8 31 29 16 11 9 62 47 59 46
59 56 42 6 35 47 53 0 20 27 17 4 60 18 31 49 5 12 21 36 2 52 39 44 29 37 63 8 58 19 38 54 10 55 26 14 32 40 13 24 11 33 57 30 22 51 34 7 45 9 3 1 43 16 46 48 23 41 25 50 15 62 28
36 34 27 21 39 5 56 16 1 2 7 4 37 33 38 30 35 22 9 10 40 44 43 25 41 52 54 23 49 0 50 17 57 46 48 28 12 13 26 24 3 51 58 42 19 53 63 6 20 15 29 32 55 31 47 11 45 14 60 59 61 8 18
57 52 35 1 47 49 24 42 13 30 4 16 31 27 59 38 9 2 12 54 61 18 28 45 32 56 55 43 17 39 46 7 25 29 23 11 41 0 50 5 21 53 51 44 14 60 6 20 26 19 34 10 33 62 37 3 40 22 48 8 58 36 15
