2 16 60 43 10 35 8 53 58
36 10
0 54
52 11 27
42 38 29 17
26 20 39
35 9 42 61 11
8 36 50
50 13 39 6 51 2
26 20 39 52 54 40
54 50 39 17 6 14 21 30
48 29 40
52 49 24 51
24 11 28 61 3 20
25 39 56 45 2 1
32 9 46 24 3
62 38 9 47 23 28 13
52 7 0
0 36 27 47 20 16
9 3 32 46 25
14 22 50
0 15 3 53
55 6 10 59 1 44 34 47
54 29 48
23 57 46 38 58 19 22
22 51 42 50
44 60
26 11 18 25 22
49 47 41 29
40 30 16 38
14 31 32 33
57 47 17
26 39
38 58 9 14 20
8 38 27
56 36 51 39 62 59
9 20 62 21
32 38 25 19 57
61 58 41 42 21 44 36
33 48 54 0 13
54 58 21 46 0 51 25 38 35
48 11 5 8 28
51 56 3 17 11 23
49 61 2 41 58 5 4 55 40 13
60 50 27 20 14 61 2 7 43
28 4
5 41 7 45 23 35 47
21 6 23 5 41 36 10
49 54 47 14 1
39 23 6 7 21 53
58 38 27 14 17
40 52 45 28 62 46
58 41
25 51 45
57 59 51 26 0 5 20
18 53 44 31 3 59
21 62 47 38 7
43
47 31 63 44
56 42 12 45 48 13 10 14 26 8
23 24 53
12 3 46 6 42 8 58 10 56 53
22 49 2 18 12
60 35 15
