5 28 13 58 20 25 31 40 8 18 54 61 19 11 30 46 10 27 24 3 33 15 60 50 48 12 35 44 21 14 59 1 29 22 26 49 45 17 37 39 4 32 36 51 6 16 55 57 63 42 2 41 47 7 53 34 56 9 38 23 52 43 62
21 52 38 25 13 29 33 41 36 60 31 14 28 63 46 5 55 43 39 0 61 45 24 30 2 49 50 18 11 23 6 51 10 12 34 57 47 35 17 15 62 3 4 42 32 37 56 58 54 40 16 7 26 19 48 27 9 53 8 59 44 20 22
34 55 44 13 54 23 57 6 58 59 8 61 12 49 52 5 24 62 15 9 4 39 63 36 35 22 47 17 50 53 1 43 21 38 3 51 11 33 37 16 25 14 10 27 32 40 28 31 42 0 18 19 41 45 20 60 30 56 7 48 46 26 29
23 41 59 30 36 4 54 28 45 8 37 7 43 20 14 47 44 32 60 10 0 57 22 24 42 55 58 46 61 53 49 39 63 33 5 2 27 12 62 18 40 15 21 56 17 48 50 6 52 51 25 26 31 34 13 29 35 16 11 1 38 9 19
19 52 21 25 3 62 33 13 44 63 58 16 30 29 54 2 34 46 7 12 50 42 40 56 10 45 53 61 17 28 59 55 0 27 5 9 14 48 22 39 41 47 49 37 23 35 38 1 18 60 32 51 11 24 31 6 36 26 20 15 57 8 43
48 0 13 12 33 59 14 25 31 57 41 46 40 51 32 63 37 9 2 10 26 21 18 56 8 27 38 49 15 6 1 36 17 35 61 55 3 44 30 53 7 50 62 34 4 39 29 22 19 54 24 28 16 20 45 58 11 43 42 47 23 60 52
49 63 36 12 52 33 57 62 26 20 2 43 18 54 13 17 21 25 32 55 45 56 50 23 61 10 37 39 9 59 5 19 58 41 24 53 44 46 40 30 51 47 1 38 35 3 0 31 14 22 8 11 48 29 60 15 34 42 27 7 4 28 16
26 35 13 22 19 15 38 11 3 36 21 53 63 33 18 31 30 56 23 32 17 61 4 24 37 28 59 41 52 44 25 42 10 62 12 34 48 5 51 43 49 46 58 20 40 27 57 50 60 47 54 55 9 0 45 6 16 1 14 29 2 39 8
16 27 30 26 57 54 48 55 3 11 13 46 62 50 0 2 32 42 28 10 18 31 24 15 5 53 19 60 51 29 45 17 20 22 39 41 44 56 38 43 14 21 37 34 52 61 9 59 49 6 12 63 40 58 23 35 36 33 47 4 1 25 7
32 59 61 29 51 48 38 35 40 20 56 55 50 13 26 5 2 45 23 15 6 39 24 34 12 46 16 33 49 30 19 18 42 62 27 8 53 52 37 10 17 4 25 54 47 36 41 60 11 43 44 7 31 63 57 3 28 21 58 22 0 14 1
43 42 49 36 19 29 34 17 31 56 37 60 50 21 57 46 51 13 8 0 18 5 3 12 40 63 6 47 61 54 4 16 27 7 45 58 1 2 55 11 32 23 30 9 26 52 39 62 15 14 33 53 22 44 38 20 24 48 25 59 41 35 28
57 56 15 51 7 8 16 28 0 53 34 45 29 52 19 30 36 55 43 61 46 44 12 20 31 33 54 2 25 24 1 50 58 10 60 35 18 17 41 48 49 23 9 21 40 3 59 37 32 6 27 14 5 4 26 22 39 62 13 38 63 47 42
61 27 5 58 6 52 36 32 33 19 48 29 42 63 2 31 44 16 53 60 49 10 41 40 62 46 21 17 0 4 9 13 57 45 11 25 47 3 7 22 20 51 30 59 24 54 1 15 28 35 14 18 43 37 56 26 34 8 38 55 50 23 39
5 38 2 25 7 39 0 42 1 33 16 43 46 4 48 22 41 61 8 29 17 6 10 26 9 24 15 62 47 49 31 50 52 35 12 58 59 53 19 44 23 55 32 56 34 63 57 3 40 37 60 14 45 30 21 36 11 54 18 28 27 20 51
5 48 38 28 26 49 51 50 16 58 62 24 3 20 63 1 36 23 29 52 22 0 27 44 60 33 35 55 8 39 57 15 17 42 2 30 41 53 34 59 4 19 12 6 47 45 32 10 56 18 54 43 11 37 25 13 46 31 7 21 40 61 9
25 57 30 11 33 31 7 20 49 19 45 46 50 2 13 8 0 41 37 32 21 39 5 9 24 35 38 52 48 28 62 61 58 42 23 55 63 14 3 54 43 12 40 27 29 53 60 1 51 36 59 56 10 17 44 6 16 47 26 4 18 34 22
8 20 46 18 14 37 13 52 63 45 11 26 23 58 4 47 59 34 35 42 12 40 41 49 44 39 38 50 9 19 32 10 48 36 57 2 55 62 24 0 61 21 60 30 29 3 17 5 33 51 53 27 43 56 15 28 1 7 25 54 31 6 22
19 52 51 63 45 10 44 27 47 53 13 6 21 33 62 7 61 12 41 31 60 5 28 30 46 8 32 2 42 20 50 55 24 49 54 48 0 39 14 4 34 3 9 11 29 36 1 58 40 38 43 16 57 15 18 22 37 35 23 56 25 59 26
50 36 16 37 61 38 6 29 0 19 57 7 8 53 60 10 45 34 5 46 58 51 32 44 21 39 33 26 40 52 54 35 30 27 3 1 9 49 23 59 63 11 22 48 25 62 12 55 28 42 47 14 2 24 4 17 56 20 43 31 13 15 41
17 4 21 25 38 41 62 57 10 7 49 60 12 30 34 39 52 40 24 15 48 36 51 0 56 18 28 33 32 11 26 42 8 59 61 44 6 47 46 16 43 13 9 27 53 29 50 35 63 14 20 37 31 5 45 58 23 55 54 2 1 3 22
34 31 26 35 16 21 25 37 0 32 15 53 40 6 59 58 9 27 24 28 39 3 46 49 14 48 38 22 63 51 33 62 8 36 42 61 17 11 60 57 43 12 30 7 19 41 56 50 52 47 5 45 54 18 29 23 2 10 55 4 44 13 1
52 19 1 40 54 4 20 63 56 41 10 35 7 30 42 48 6 29 5 26 17 53 12 15 49 32 0 62 33 23 18 24 55 58 46 2 61 8 43 44 45 38 31 59 3 28 60 51 50 22 47 16 37 27 11 25 39 9 13 36 57 34 14
50 25 37 7 45 54 43 34 38 56 27 13 35 28 41 20 3 31 2 14 33 49 8 52 23 57 26 0 46 55 12 62 40 63 21 53 18 48 39 4 47 5 6 42 60 59 36 29 61 30 10 51 58 17 32 11 9 44 24 16 19 15 1
3 26 39 2 45 44 62 25 46 16 31 38 34 28 32 6 7 14 53 9 52 30 49 21 59 24 22 63 15 35 13 1 18 10 42 43 58 48 36 37 61 57 11 54 4 19 50 60 56 47 12 51 20 8 41 55 29 27 17 5 33 0 40
36 56 48 26 29 38 27 25 50 19 49 52 20 14 13 8 2 46 54 59 0 43 3 63 7 40 47 21 15 9 23 6 57 61 1 31 32 17 51 11 12 39 16 42 34 33 30 28 41 37 55 5 60 45 18 35 4 62 58 10 44 22 53
22 19 26 15 13 28 4 20 5 1 24 0 60 63 45 51 23 6 41 47 40 38 30 62 39 43 61 36 53 31 32 37 7 35 46 12 42 11 29 2 55 57 9 49 18 56 3 34 33 50 27 21 58 14 59 44 54 48 16 10 17 8 52
60 20 7 35 23 25 41 24 14 8 6 62 28 50 54 13 16 9 40 5 31 21 19 57 29 34 18 38 63 59 44 49 22 0 36 27 46 42 30 37 58 10 33 52 3 48 61 47 12 53 45 56 11 39 32 4 55 1 15 43 17 2 51
39 8 12 48 50 45 24 51 47 17 49 33 22 20 54 0 38 28 30 44 29 5 63 35 14 62 36 41 18 43 10 3 19 26 9 59 52 60 2 56 4 15 58 21 7 37 57 25 61 32 53 11 31 46 40 16 6 23 55 1 13 34 42
0 50 25 14 47 3 39 26 11 22 20 58 53 33 60 8 54 19 61 23 27 40 1 32 45 48 7 55 59 43 17 15 29 30 51 57 42 41 4 62 52 21 56 34 12 46 2 37 24 31 35 63 18 5 38 44 9 49 16 13 36 6 10
24 10 62 32 1 9 61 49 12 44 40 13 18 21 11 4 59 14 27 53 31 41 8 26 63 46 43 30 36 28 0 56 58 52 25 38 51 42 35 19 60 37 15 55 50 17 34 5 54 48 45 16 3 33 47 22 6 20 57 23 39 7 2
3 8 32 15 35 19 48 58 50 60 21 34 39 0 4 27 7 11 25 23 43 47 31 38 57 40 53 17 29 37 41 18 45 1 6 63 5 9 28 55 12 14 46 26 10 59 52 20 61 62 24 49 36 16 42 54 22 51 13 56 2 44 33
20 5 10 15 45 0 38 23 59 36 12 8 1 7 26 35 60 48 47 13 29 54 44 30 17 22 25 50 24 11 55 41 63 40 21 53 37 46 61 57 6 32 3 42 28 2 49 52 19 56 51 27 9 33 62 58 4 14 18 43 39 16 34
9 61 53 12 30 29 20 48 33 5 58 8 6 19 23 3 44 7 47 28 15 21 18 55 17 25 54 38 16 24 57 42 45 63 35 43 13 34 10 2 0 49 41 60 31 50 14 39 40 62 11 56 27 1 37 52 4 22 26 59 51 46 36
5 6 12 61 15 43 4 13 27 1 51 32 49 62 28 19 7 58 17 0 41 20 50 46 21 22 18 54 45 14 9 35 3 56 38 11 42 2 44 40 47 48 57 24 26 39 52 34 25 16 29 36 59 55 10 53 60 31 37 63 23 30 8
20 2 42 36 44 10 22 19 53 54 56 30 57 61 23 11 16 55 39 18 52 4 26 47 9 50 7 8 38 48 32 17 14 62 1 28 13 59 5 40 24 29 51 41 33 25 3 43 58 63 49 60 12 35 6 0 45 21 37 46 15 27 31
26 44 7 20 30 9 22 21 63 48 36 56 45 16 60 31 49 59 2 0 47 27 15 5 13 39 51 25 18 33 14 54 42 23 32 29 37 46 11 6 52 57 12 19 58 53 1 55 50 28 38 43 3 4 61 40 34 62 24 8 17 41 10
24 18 6 62 34 10 12 51 3 37 45 63 39 1 7 55 41 19 44 35 53 31 14 52 11 2 40 57 50 25 54 42 5 38 27 20 29 43 26 16 49 47 46 0 23 17 9 30 59 15 22 58 61 33 60 13 4 21 8 48 28 56 32
61 22 36 16 20 18 10 3 41 53 42 5 59 51 15 63 7 6 54 39 50 60 56 25 43 30 57 48 8 2 35 26 0 29 31 9 58 23 47 28 45 21 19 27 24 12 13 4 11 46 52 38 40 32 44 55 14 1 49 33 17 62 34
56 13 19 14 59 1 24 39 22 7 18 62 61 9 31 40 57 23 49 27 43 20 50 25 54 5 30 51 26 55 36 41 16 15 32 8 58 33 2 34 21 29 52 6 42 45 48 35 17 60 4 53 37 28 3 12 46 44 63 47 10 0 11
27 13 23 38 47 19 28 36 56 30 20 49 60 62 34 25 2 15 42 43 6 37 1 18 54 9 16 3 35 8 58 14 17 48 63 50 46 24 0 59 57 5 22 10 33 4 32 41 52 55 40 61 21 26 12 11 53 29 31 45 44 7 51
61 21 51 5 20 19 53 0 9 29 52 57 38 25 56 49 26 16 28 63 12 44 10 36 24 30 58 62 45 18 4 54 6 55 3 33 31 22 42 59 48 50 15 2 34 43 17 46 47 7 13 32 11 37 35 41 39 8 27 1 14 60 23
3 19 26 56 5 55 1 13 21 37 58 36 22 63 25 59 12 15 50 16 44 33 62 17 53 29 7 60 6 38 8 27 30 57 31 28 14 52 45 48 42 32 54 46 61 34 11 24 9 4 20 39 0 43 40 2 47 49 23 51 35 18 10
10 55 63 34 51 13 44 43 57 12 48 21 8 37 46 16 54 3 19 39 36 49 4 53 17 20 7 60 47 25 35 56 15 33 28 32 14 9 29 26 40 62 23 45 38 24 61 41 59 31 58 22 2 30 0 18 1 6 52 5 50 27 11
10 55 49 22 48 33 13 57 42 6 56 63 3 38 24 51 30 25 11 39 28 1 29 53 62 44 37 27 19 2 36 20 8 21 54 15 50 32 7 58 23 46 61 40 12 34 35 17 47 60 9 41 14 45 5 18 16 52 31 59 26 0 4
45 35 2 46 57 60 34 17 42 61 23 29 4 49 36 3 53 12 27 32 40 56 41 31 0 18 19 50 14 16 11 7 43 6 8 26 5 13 21 33 47 59 62 63 9 37 15 48 28 51 38 55 25 10 52 20 22 24 58 30 39 54 1
44 56 27 22 17 36 31 3 63 23 16 54 25 15 59 46 57 53 6 35 11 9 18 51 28 58 8 40 1 33 30 12 55 61 50 21 4 10 0 32 49 42 41 14 60 38 52 37 62 29 19 20 5 48 24 43 26 47 13 2 34 7 39
16 44 48 5 13 56 8 50 55 10 23 45 20 0 57 62 59 42 15 24 18 61 1 4 12 58 33 3 29 11 17 49 19 9 25 6 21 22 26 54 30 36 60 39 35 53 7 31 43 28 41 47 40 37 27 38 14 51 52 63 34 2 32
58 48 51 27 28 60 39 17 56 16 25 3 63 13 32 31 62 55 30 24 35 52 10 19 34 2 42 12 33 6 44 36 21 9 37 1 50 14 22 46 40 26 4 59 53 20 7 43 61 29 0 18 23 45 41 49 57 38 5 15 8 11 54
5 27 47 14 24 46 8 43 58 30 32 9 13 12 42 19 21 35 20 59 60 31 0 28 49 57 15 37 16 50 7 62 17 33 34 39 40 63 3 41 23 22 18 4 29 38 26 11 54 53 45 6 52 44 51 25 56 10 36 55 61 1 2
6 10 14 19 43 27 29 15 24 33 44 39 20 38 2 51 40 12 35 56 13 61 5 21 52 23 42 16 3 46 22 48 59 26 9 53 1 0 17 58 36 18 7 45 50 32 60 57 8 25 62 30 11 31 4 54 34 37 47 41 28 63 55
18 22 28 27 59 57 14 54 24 30 10 46 8 26 9 55 60 6 15 38 41 0 13 36 37 33 44 61 4 31 56 16 2 17 1 48 45 34 63 53 11 5 43 52 39 49 40 21 3 19 29 58 51 62 47 32 35 20 25 7 23 12 42
63 17 36 42 47 14 27 62 40 11 33 57 9 5 25 10 19 61 49 37 45 43 18 20 38 8 53 35 55 56 6 2 28 24 12 7 29 1 54 21 0 34 50 3 52 15 31 16 60 44 4 22 23 30 48 46 41 59 39 32 13 58 26
21 17 4 1 6 12 58 16 19 63 62 24 53 40 57 2 11 55 36 34 14 23 49 47 7 13 18 22 15 29 8 54 56 38 41 50 27 61 28 9 30 35 59 3 10 26 51 45 33 60 31 20 37 39 48 32 44 46 42 43 0 25 5
32 58 56 60 34 20 40 17 37 52 28 7 11 36 45 18 63 44 12 23 21 8 29 25 41 30 43 3 51 42 6 2 13 49 19 5 4 50 57 31 14 9 46 62 22 55 15 35 61 47 48 38 27 26 33 10 16 59 0 54 39 24 1
21 2 22 61 3 8 50 56 45 6 34 26 0 27 28 24 62 42 4 38 31 37 36 39 33 10 18 40 32 35 11 60 52 17 43 46 15 12 51 41 9 29 63 23 55 48 5 49 30 7 14 19 20 53 25 58 57 1 16 13 44 47 59
42 2 43 41 8 61 36 46 9 50 6 60 34 58 52 11 3 47 28 32 1 21 38 51 63 5 45 59 17 40 14 62 15 31 22 30 16 13 25 10 57 4 56 29 53 35 0 54 18 24 7 33 19 37 12 39 44 20 23 26 27 49 48
45 38 24 11 41 53 54 10 46 22 21 47 39 43 34 9 19 35 6 40 7 58 49 5 44 60 37 50 8 4 51 33 29 42 62 52 3 27 13 28 55 57 25 61 20 12 59 15 14 32 31 23 18 26 1 0 16 48 30 63 2 36 17
11 19 44 50 5 8 15 6 2 63 43 51 42 61 10 40 38 45 34 46 52 18 3 36 30 26 24 48 58 12 22 37 20 32 14 41 28 16 53 55 33 25 31 49 39 35 13 56 1 23 0 60 62 7 27 17 9 59 54 47 29 21 4
61 47 12 53 52 0 48 30 63 14 2 20 41 60 28 4 32 16 55 56 33 18 46 3 62 45 40 6 21 57 13 39 38 15 29 49 10 11 26 43 37 7 23 27 50 35 17 42 34 36 19 5 25 8 54 22 9 1 31 24 59 44 51
3 5 50 9 38 20 2 45 31 16 37 46 24 62 48 41 29 35 19 28 6 7 0 63 23 49 26 13 55 12 21 44 18 27 8 40 4 30 39 34 14 52 42 36 22 47 60 11 15 56 33 57 53 25 61 58 32 51 10 43 17 1 54
26 44 19 53 47 10 30 25 58 28 50 55 61 1 39 18 3 35 12 31 48 0 8 56 17 37 41 14 42 20 63 54 46 27 29 21 11 49 32 15 57 45 16 52 22 9 38 62 59 7 43 24 13 34 23 6 51 4 36 33 2 40 5
12 58 37 40 62 32 33 54 9 44 29 18 38 57 13 55 2 0 34 28 51 60 49 46 6 7 17 25 19 11 50 3 10 5 1 63 24 20 15 21 45 8 4 52 31 30 42 43 41 23 16 26 53 56 35 47 36 27 22 39 59 14 48
61 36 19 4 29 6 51 38 52 26 23 8 14 33 46 39 2 54 59 63 13 25 17 47 12 41 20 58 21 40 43 27 15 3 7 55 48 56 22 9 5 28 42 16 34 53 30 44 50 18 10 49 45 57 60 32 1 35 31 24 37 11 0
6 42 51 17 21 57 36 58 45 16 52 25 12 4 43 5 35 7 41 53 14 47 62 40 24 1 2 10 37 20 27 59 29 61 26 55 3 30 60 23 31 15 50 32 22 39 18 48 13 19 54 28 0 34 44 8 9 38 49 46 33 56 11
