61 45 19 14 20 29 60 12 17 54 5 32 21 57 55 33 22 2 58 59 42 26 24 9 46 1 25 38 27 3 39 50 53 51 23 4 18 52 63 31 6 34 30 47 28 11 62 56 16 48 44 37 10 49 15 43 40 36 8 7 41 13 35
5 8 31 53 28 43 20 46 47 48 27 10 60 51 35 63 4 9 17 25 59 0 14 50 7 15 62 54 49 22 13 52 41 11 56 19 29 39 16 44 45 55 18 37 57 33 42 24 34 26 23 36 6 2 58 12 30 40 61 3 32 21 38
21 59 54 26 39 23 61 8 63 5 13 43 14 15 4 29 0 45 33 18 47 27 58 25 9 57 10 6 22 17 24 3 28 42 41 32 51 52 11 55 38 48 62 30 31 7 16 12 44 35 53 19 37 34 50 40 1 36 56 20 60 46 49
28 51 37 10 40 33 26 13 27 16 29 17 5 57 12 60 48 55 8 34 42 62 4 58 49 9 0 24 32 46 2 7 44 61 47 41 56 54 52 30 21 19 38 39 25 15 63 53 14 35 20 43 6 45 31 18 59 11 23 22 1 36 50
60 28 50 48 19 32 45 33 62 18 61 25 5 49 27 11 6 30 46 15 2 59 53 34 1 55 42 9 57 44 26 52 3 13 8 16 23 38 35 0 29 43 41 36 51 63 37 14 31 40 39 24 54 20 47 21 56 7 22 12 10 17 58
1 31 17 27 33 24 37 54 19 3 4 50 0 44 16 14 11 59 2 48 39 42 34 49 21 47 26 35 53 38 55 43 29 32 10 30 8 45 62 6 15 36 61 13 56 9 51 63 18 40 57 25 7 60 41 22 23 58 20 12 52 46 28
15 21 53 58 35 34 63 14 47 40 17 31 8 59 11 60 56 51 42 4 23 9 29 55 57 10 62 22 26 44 41 16 39 2 49 54 28 33 12 45 30 25 36 61 0 37 7 5 38 27 46 43 24 18 52 19 1 3 32 48 20 13 50
8 45 48 52 18 23 40 46 29 34 58 9 28 51 32 21 35 49 25 57 22 30 13 55 12 31 27 62 20 17 37 1 38 53 33 19 16 3 41 43 44 59 56 15 50 6 42 10 26 2 63 47 5 11 14 0 4 61 54 60 39 36 24
59 7 1 30 49 14 44 38 48 17 55 36 6 61 18 25 27 2 60 62 51 29 3 57 63 56 22 10 9 58 31 19 4 21 20 37 39 34 16 5 46 11 41 33 43 12 40 23 15 13 26 50 52 28 24 54 0 35 45 32 53 47 42
19 55 35 32 11 14 46 12 7 62 44 40 6 21 18 57 13 37 1 58 4 15 0 48 38 54 2 27 3 43 47 8 63 25 50 51 17 39 61 41 60 33 29 5 16 26 31 28 52 10 45 30 56 20 53 49 42 23 34 36 22 24 59
51 63 44 11 12 14 3 48 58 27 52 18 50 22 37 35 24 46 29 36 25 33 59 1 6 57 43 54 34 40 41 55 30 31 56 8 32 2 60 47 5 53 15 17 21 62 19 13 7 45 16 49 26 20 9 0 61 28 38 42 4 23 39
44 35 34 23 59 39 10 51 58 25 9 14 47 6 38 30 4 24 5 48 28 40 49 46 18 22 12 17 21 45 55 62 42 56 57 19 1 8 52 2 37 33 60 43 41 0 50 61 16 20 26 29 15 32 54 63 13 53 7 27 31 3 36
55 58 45 10 21 25 40 38 19 9 3 0 52 50 30 28 41 34 43 48 44 7 54 47 11 24 23 63 39 15 14 6 29 61 42 36 27 46 17 8 18 53 13 16 62 57 2 60 51 35 59 56 37 49 26 32 5 1 31 4 33 22 20
32 36 37 22 57 3 30 48 2 38 9 15 7 63 42 60 25 59 21 4 20 58 14 54 46 40 33 55 1 43 26 27 47 10 41 18 29 12 16 61 5 53 8 50 56 44 35 19 11 17 28 49 51 34 39 52 62 45 31 24 6 0 23
61 57 10 0 24 8 6 22 9 44 11 43 51 32 35 28 5 37 50 2 16 17 38 56 1 54 58 42 21 63 13 59 52 33 29 23 62 25 27 12 46 55 40 60 39 26 4 20 30 15 19 3 41 36 47 48 34 18 53 7 49 45 31
49 58 6 24 18 31 63 45 22 47 17 25 35 36 20 40 4 51 48 53 2 13 43 38 54 30 27 9 39 59 37 1 28 12 33 60 10 23 7 57 21 5 32 19 41 3 8 14 56 11 16 29 62 42 50 0 61 44 55 34 26 52 46
38 44 50 22 60 30 53 3 37 5 27 17 36 14 41 46 31 33 6 29 57 56 42 32 49 4 7 8 43 59 25 54 34 45 1 12 13 20 9 19 10 63 28 2 0 11 61 47 35 15 23 39 52 24 51 62 18 26 21 48 40 58 55
27 57 5 23 6 8 15 41 20 53 21 3 18 29 0 51 16 60 49 61 14 1 37 55 42 45 44 25 7 19 32 11 35 58 50 2 24 10 56 9 33 22 12 59 28 31 30 52 26 48 46 47 54 34 13 62 38 63 43 4 40 39 36
22 20 63 39 15 10 7 36 59 52 57 4 58 8 17 53 26 45 9 51 34 35 31 29 42 56 24 11 2 50 62 28 47 0 32 46 54 23 48 60 37 55 13 12 41 27 1 5 43 33 38 49 6 14 30 19 25 40 61 3 16 44 21
27 28 41 0 49 60 4 9 58 47 39 55 12 35 38 23 5 62 34 45 48 37 59 17 32 63 8 7 56 36 11 51 26 46 21 1 30 52 10 33 24 3 15 16 54 20 42 50 22 14 2 6 13 44 53 18 40 61 31 57 43 25 29
52 56 18 49 44 40 59 21 0 17 26 61 1 34 54 50 35 15 63 36 37 62 25 60 55 22 28 58 23 43 7 33 51 42 13 8 29 14 45 16 41 24 38 31 57 19 11 10 4 30 9 32 3 46 27 48 53 5 2 6 47 39 12
6 46 2 12 20 61 17 38 7 9 23 0 25 32 44 47 48 49 29 62 5 14 13 11 26 50 8 30 57 53 43 56 19 10 51 34 15 58 59 3 39 63 60 55 40 22 52 24 4 42 27 45 41 35 16 54 37 33 36 28 31 1 18
18 48 43 32 13 16 28 15 14 10 34 56 44 61 63 55 7 6 31 0 20 35 45 30 11 8 53 39 42 2 51 1 50 41 38 40 47 17 62 54 37 58 49 25 24 21 52 46 19 60 27 29 59 5 57 23 36 9 4 3 33 26 12
55 11 17 63 47 37 7 58 19 59 2 60 48 26 34 53 6 39 50 21 43 52 57 36 20 35 28 12 44 14 4 0 61 49 38 42 18 15 25 45 62 8 24 41 32 46 30 27 40 16 9 1 56 51 5 54 31 22 29 33 10 3 13
31 63 55 15 14 29 5 50 33 10 11 47 28 32 38 18 0 56 44 12 3 60 39 59 2 17 42 52 48 54 35 37 57 43 19 27 23 22 26 45 20 36 58 1 4 49 21 8 41 46 6 34 16 40 30 62 53 25 9 13 51 7 61
52 56 53 26 54 12 11 47 34 36 15 62 4 8 63 10 37 48 42 31 51 20 32 7 21 29 55 41 17 46 1 13 28 0 59 2 9 14 33 35 6 58 30 57 16 23 50 60 22 61 39 3 5 43 44 38 49 18 40 45 24 27 19
45 60 39 56 25 38 37 57 49 2 3 30 20 23 54 29 18 51 46 32 62 61 58 63 53 6 31 41 0 4 35 5 36 47 34 21 27 42 33 55 43 13 19 59 14 52 40 44 24 7 17 8 9 10 11 50 1 28 48 12 16 15 22
19 17 35 29 5 45 10 41 3 44 42 8 1 4 16 15 32 59 7 2 39 0 9 57 26 61 30 53 33 49 56 14 12 40 36 13 38 48 60 24 18 6 58 54 51 34 55 43 52 23 22 63 21 47 20 31 28 11 37 50 25 46 62
3 19 29 60 38 4 54 22 36 51 1 56 7 44 14 12 33 11 43 53 24 42 20 25 23 50 49 61 35 48 18 32 15 6 52 57 41 2 58 62 47 63 17 0 16 37 9 8 34 40 59 26 30 39 27 10 13 46 45 21 5 55 31
42 28 47 50 61 27 45 24 0 51 7 10 3 60 26 59 17 35 6 62 2 38 8 25 18 55 39 21 48 31 16 33 40 30 5 34 14 20 12 4 41 37 63 32 1 46 49 13 36 44 9 54 11 15 53 22 43 58 23 57 56 52 19
49 53 51 56 8 46 52 16 31 32 26 13 11 12 58 4 43 7 15 10 36 38 22 47 29 27 35 42 59 21 63 60 5 6 54 25 45 44 19 0 3 2 17 14 50 40 41 33 57 48 20 23 9 39 34 28 37 18 1 24 55 61 62
24 1 5 60 15 37 38 6 30 35 32 62 25 49 50 57 44 22 26 18 16 55 52 43 54 10 7 29 45 8 58 59 40 0 41 34 33 17 56 47 2 46 51 4 20 9 63 42 48 27 23 39 3 12 11 61 19 13 21 36 14 28 53
44 13 22 36 53 61 4 56 30 9 35 37 48 33 14 31 55 0 7 26 25 59 21 24 41 50 39 27 19 10 42 17 16 54 34 3 28 5 58 43 18 60 51 40 2 63 62 29 57 49 46 47 15 23 11 45 20 12 6 52 8 1 38
54 38 34 3 4 5 46 24 32 10 55 51 28 61 63 44 0 52 2 60 45 58 16 29 49 20 62 26 6 27 14 7 36 15 13 25 50 17 35 8 19 11 53 31 9 43 47 59 41 1 40 30 18 42 48 39 57 37 23 21 12 56 22
55 11 40 6 33 46 35 25 22 42 7 20 53 23 19 39 59 43 18 12 3 52 4 10 5 58 63 47 54 51 45 26 56 38 32 29 8 36 44 0 16 62 21 61 31 57 37 60 27 50 28 41 1 17 24 2 30 48 14 9 49 13 15
45 27 11 6 9 34 32 50 63 10 19 31 44 15 20 14 51 29 7 52 18 1 43 22 26 23 36 61 5 48 59 39 17 28 46 30 56 4 42 25 24 54 49 33 62 47 37 55 38 60 40 57 12 2 16 41 3 13 8 21 58 53 0
57 13 32 61 28 18 49 8 56 25 10 39 15 20 60 16 23 43 46 30 50 35 26 47 33 40 41 34 6 19 12 45 27 38 62 4 48 44 5 55 29 24 53 59 54 42 14 52 1 0 22 2 9 37 51 7 21 11 3 31 17 58 63
13 3 31 41 26 46 23 62 38 5 43 10 32 25 56 16 39 20 40 14 57 55 9 17 19 45 7 15 8 52 63 51 24 42 29 6 18 11 22 59 4 35 53 1 34 28 48 0 54 12 2 60 61 58 30 33 36 50 27 49 44 21 47
53 45 16 28 55 62 33 26 40 8 31 52 37 12 21 19 48 63 11 61 58 51 39 60 42 13 29 24 47 15 14 56 59 9 30 50 0 5 54 34 7 4 44 23 22 46 49 27 36 57 2 3 6 35 20 18 25 17 43 10 32 1 41
59 48 26 11 46 18 49 19 2 52 55 44 36 45 38 37 34 23 5 61 29 32 58 15 6 27 35 22 0 24 12 63 8 54 62 40 51 56 47 14 42 60 9 53 43 1 21 3 25 4 30 16 57 33 50 28 31 41 13 7 20 17 10
34 20 3 38 54 12 7 6 50 57 42 9 15 37 53 11 55 44 10 58 29 59 49 36 13 41 39 31 61 52 14 32 27 62 22 51 60 26 46 8 5 21 45 30 33 4 35 48 47 28 56 23 0 2 25 24 19 18 1 63 17 16 43
57 58 19 37 17 27 48 51 53 42 12 16 32 6 49 25 10 26 45 43 63 47 40 36 22 28 7 29 54 1 2 8 3 44 55 50 4 13 9 61 31 11 18 23 59 15 20 33 56 30 62 34 52 60 5 35 14 24 21 39 0 46 38
55 29 45 34 27 40 47 25 6 41 38 28 61 5 58 3 18 46 0 4 17 13 63 14 16 32 53 20 22 26 59 54 30 11 24 44 35 23 12 52 2 37 57 39 43 60 7 48 1 19 50 31 15 33 21 51 36 56 9 62 10 8 49
22 62 55 37 1 14 47 53 48 49 28 30 34 10 2 23 15 35 61 12 36 45 59 31 51 20 52 56 9 41 5 21 16 32 13 26 4 7 42 24 39 8 11 33 18 58 46 54 25 27 6 50 29 0 63 3 38 17 57 19 60 44 40
32 11 49 10 20 45 16 62 8 14 27 39 60 9 35 22 28 5 50 33 31 21 40 6 46 12 17 4 47 24 56 51 59 53 54 23 38 42 61 3 58 63 34 30 7 41 48 36 1 29 26 2 52 25 0 13 19 15 55 37 57 18 43
26 7 38 42 35 0 44 12 29 27 15 4 57 60 39 59 61 55 48 18 46 19 2 43 17 33 22 56 41 50 31 34 37 11 49 6 5 36 30 16 23 53 51 1 10 20 62 24 40 9 54 63 32 21 47 3 25 8 28 13 52 58 14
52 21 50 54 59 39 30 37 49 34 56 7 33 9 47 10 61 58 1 51 26 45 4 16 44 48 42 11 36 25 0 60 53 55 35 13 3 14 18 8 38 12 19 29 62 40 32 31 23 6 43 17 22 24 20 28 57 5 63 41 27 2 15
62 29 56 53 23 6 15 19 25 49 11 58 46 42 1 54 51 43 48 24 21 38 34 52 12 2 5 44 26 30 61 9 50 60 36 10 41 18 55 39 22 28 3 13 0 35 31 32 33 7 57 40 17 16 4 14 27 45 63 20 59 8 37
22 39 7 4 52 10 8 32 41 38 57 1 23 25 13 62 47 3 43 45 11 5 19 15 21 63 12 46 29 9 50 35 28 61 49 53 24 18 27 2 36 44 42 55 17 0 58 37 30 40 54 33 14 31 20 34 26 6 60 16 51 56 59
54 62 15 30 44 20 53 19 8 39 46 36 52 26 47 4 58 43 31 7 17 57 11 21 41 56 5 60 28 3 33 16 6 45 1 40 27 48 23 51 55 50 35 38 29 32 22 61 63 10 24 18 0 12 9 25 34 13 37 59 14 2 42
46 4 16 29 60 52 24 10 40 35 53 20 63 5 12 23 62 14 44 57 31 32 54 18 36 28 48 45 38 1 47 21 17 0 22 9 33 49 55 61 7 41 25 59 56 30 11 58 8 13 34 42 19 15 26 43 2 39 37 27 3 6 51
3 10 30 11 62 63 28 53 29 14 60 61 7 57 47 33 6 38 41 17 26 46 35 25 56 1 15 18 8 43 34 44 20 0 22 58 52 9 49 39 37 32 19 2 21 40 4 45 5 31 27 59 12 42 54 23 55 16 13 36 48 24 50
20 46 25 7 48 10 30 18 49 38 50 39 12 61 58 56 35 23 53 34 33 31 47 43 4 62 60 14 28 55 37 51 24 1 42 40 0 2 11 19 26 3 54 57 17 8 21 63 22 9 44 41 27 6 36 16 59 5 13 32 45 15 29
54 38 62 6 30 1 25 49 32 47 61 17 51 58 16 34 18 63 50 23 41 43 40 57 15 28 26 4 52 46 22 5 42 44 55 7 27 0 21 10 48 59 39 45 33 12 13 37 36 3 2 9 29 60 11 20 19 14 56 24 8 35 31
49 53 33 46 25 28 59 2 40 55 5 56 47 20 26 0 57 10 15 50 31 9 12 34 14 38 32 60 58 6 44 1 13 42 63 39 24 30 18 41 35 16 3 22 52 27 29 19 4 61 43 48 45 11 37 17 36 51 8 23 62 7 21
42 34 24 23 12 38 9 63 8 62 43 19 54 39 33 32 45 3 56 6 20 37 40 22 0 29 7 25 17 4 31 10 46 5 59 53 11 26 52 13 47 14 49 50 41 2 18 36 1 35 21 57 48 60 27 58 61 51 30 44 15 16 28
20 25 30 26 47 59 32 36 46 28 22 54 60 6 37 55 52 51 18 14 38 49 10 24 45 8 44 43 16 34 35 27 11 19 63 21 39 17 1 7 3 57 50 31 0 5 62 15 41 13 40 9 12 42 4 23 2 53 61 33 29 58 48
41 36 17 14 13 45 26 59 18 40 48 3 51 60 54 6 10 50 31 9 0 23 53 49 37 7 8 4 16 27 2 58 21 28 63 11 42 25 61 24 15 38 32 56 52 55 12 1 20 5 34 47 30 35 62 39 33 22 46 29 43 19 44
63 15 41 12 59 6 10 19 11 18 53 23 7 47 46 38 52 49 30 26 42 61 0 9 34 39 20 33 3 40 2 14 8 57 17 60 54 13 31 51 32 44 25 28 21 22 27 50 62 24 43 48 55 29 37 5 1 45 56 35 16 4 36
8 39 2 11 58 46 54 56 20 18 57 63 6 23 29 45 10 60 5 34 32 4 0 43 27 1 38 19 25 13 44 35 15 55 40 24 14 42 30 31 26 53 16 7 17 37 62 21 50 41 33 51 36 12 28 22 52 3 49 61 47 48 9
4 26 28 31 19 16 50 45 51 44 29 6 0 56 23 57 8 59 36 3 38 17 1 20 33 13 49 46 52 24 58 54 47 10 61 30 15 32 14 18 39 42 27 11 9 40 25 21 35 62 55 34 5 12 22 41 63 53 37 2 7 48 43
14 0 62 32 29 36 21 53 4 20 8 46 51 2 38 45 22 52 33 26 17 39 42 43 58 35 47 28 27 60 48 23 44 12 40 3 6 57 50 9 41 34 13 5 63 49 25 11 54 16 55 10 37 15 18 7 19 56 30 1 31 59 24
49 53 43 61 47 44 38 51 37 4 55 63 25 9 19 48 31 20 8 6 29 50 26 21 7 3 18 52 33 1 11 14 39 40 28 32 22 36 35 10 46 34 5 59 23 0 2 12 45 58 60 56 41 15 57 17 42 54 16 24 13 30 27
24 58 10 18 15 23 6 51 55 62 35 59 38 25 53 50 20 2 33 22 26 1 48 8 13 34 42 19 12 14 41 9 30 39 54 37 57 56 0 32 44 29 28 4 21 5 61 16 7 52 49 3 31 45 27 60 11 43 17 40 46 47 36
