34 61 11 40 27 24
28
58 10 29
21 8 34 29 56
28 38
43 1 38 30 48 17
34 57 58 53
56 62 25 40 59 0 43
12 3 62 1 4 61
3 22 54 46 31 42 53 26
60 62
17
51 26 43 27
10 37 21 57 4 11 33
46 56
5 62 14 16 61 63 48 45
9 23 37
45 12 43 51
40 17 19 22
52 2 48 28
17 61 1 6 59 44
26 52 61 8 37
57 7 5 55
50 16 5 1 63 61
22 50 8 7 12
54 36 23
38 29 34 2
7 44 54 33
58 61 48 17 44 23 54
39 52 53 30 60 26 47
43 26 5 21 60 17 33
3 1 19 34 25 14 40
8 35 7 6
40 45 34 21 55
61 18 33
43 3 15 5
47 26 0
30 26 4 49
33 10 57
47 44 45 49 30
16 60 21 14
45 51 54 61 13
32 10 29 52 1 40 45
48 0 33
38 6 8 56 23 0
29 31 6
51 6 17 34 57 37 2
51 49 36 17 9 2 12 30
4 59
2 36 39 17 52
35 43 52 20 44 7
57 14 48 29 18 56
25 9 29 17 20 12
47 32 38 51 41 37 8 63 21 48 7 40
0 44 8 16
8 6 34 49 38 1 11 44
32 17 33 57 37 49 48 0 52
45 56 12
25 41 52 22
36 0 22 17 28
35
41 38 55 14 16 26 50 58 22 20 21
3 39 20 51 10 6 14
46 6 51 10 2
