29 1
40 56 36 57 48 46
54 62 46 7 42 13 48 21 22
47 44 58 22
33 59 40 20 58 47 52
38 43 58 30
51 14 0
28 10 11 32 57
47
22 27 49 7 20 3
49 61
29 37 19 8 5 41 21 22
2 35 11 50 19 41 31 46 43 30 56
54 16 62 7 44 49 27 56
62 22 37 13 48 3
58 62 46 57 8 49 63 31
12 17 49
22 1 61 3
53 2 29 51
43 18 15 45 44
31 3 25 9
29 23 2 7 40
60 36 28 47 26 52 30
41 38 6 12 44 52 46 27 37 33 10 39
10
41 47 38 12 9
15 22 0 39 11 24 45 18
4 26 16 22 21 12 36
17 32 25
61 32 25 11 7 19 15 4
21 7 33 50 27 51
43 47 17 60
58 41 39 56 55 57
22 3 24 11 54
20 13 17
59 28
25 17 6 58 16
49 48 63 43 3 25
34 13 9
51 38 25 48 42 7
52 57 20 47
2 47 9
61 50 29 63 24
60 47 42 38 3 12 48
25 6 60 58 7 36 59 24
12 62 46
12 8 6 39 57 51 56 37
23 38 35 9
20 2 38 4
29 6 52
62 57 28 52
47 50 25 3 44
5 20 16
54 12 56 5 40
8 5
25 38 5 52 42
59 27 7 52 24 36 58 46
63 20 27 40 48
8 37 20
27 16 63
8 20 52 1
45 17
32 16 3
20 21 26 4 51 10 2
