22 28 39 24 52
46 33 10 6 16
27 36 55 58
10 35 9 55
1 17 61
51 63 27 52 56
14 21 29 45 5
54 40 14 46 33
36 53 13 14 46 59 43 20
17 1 32
3 57 61 18 47 53 9
27 4 40 35 8
55 48
57 4 2
63 30 53 1
11 13 33 9 30
2 25 37 8
24 5 15 55 48 10 1 30
24 25 63 44 8 62 21
28 18 27 0
5 29 55 54 41 36 59 3
56 1 42 26 22 7 60 27
31 4
33 2 31 60 46 56 3
23 4 51 2
6 30 56
43 63 33 13 22 6 5 12 2
19 14 58 21
3 1 32 30 57 23 18 54
44 25 53 42 30
17 4 26 8 49
25 51 2 44 4 8
35 36 22 49 9
43 25 44
6
23 31 39 54 40 45
40 61 23 44 50 39
11 15 33 9
32 9 3
61 28 3
23 22 37 26 36 58 13 59 41 3 16 21
45 40 29 19 46 63
30 38 59 5
4 16 59 27
13 27 50 17 57 32
13 33 9 11
22 21 6 48
1 6 53
4 55 62 13 3 0
1 60 44 30 32 15 10
47 63 30
61 8 62 7
1 31 13
51 2 10
17 34 38 58 56
9 48 10 36
15 12 28 58 52
62 59 17 45 50 5 16 29
62 61 56 31 25
19 40 44 27
51 52 45
54 12 62 5 10 50 27
12 37 50 20 40 27
26 0 17 60 18 16 44 12
