10 11 14 7 4 3 9 2 6 15 8 13 5 12 1
8 2 14 11 9 6 12 15 5 7 0 4 3 10 13
7 1 13 6 14 8 12 9 10 5 3 15 11 0 4
14 8 10 9 0 12 2 6 5 7 13 4 1 15 11
14 15 0 5 8 13 12 2 7 10 6 9 3 1 11
9 15 12 6 11 7 4 13 14 8 2 10 3 1 0
7 10 5 8 2 9 11 14 15 12 3 13 0 1 4
6 2 0 11 15 5 10 13 14 12 4 3 8 1 9
15 1 3 12 13 6 4 2 5 9 11 14 10 0 7
5 13 3 14 1 6 2 0 8 15 4 12 11 7 10
0 6 11 3 7 13 15 2 5 12 4 8 14 1 9
0 10 7 5 1 6 15 13 8 2 12 9 4 14 3
13 8 5 14 4 15 2 3 6 7 10 11 1 0 9
12 9 8 2 7 10 5 4 11 6 14 15 3 0 1
3 15 4 0 1 9 2 12 6 5 7 8 13 10 11
14 4 8 5 7 11 12 6 10 2 13 9 0 1 3
