2 14 11 15 5 10 6 21 25 9 23 17 16 20 8 31 12 1 7 26 24 30 22 3 18 28 13 27 19 4 29
16 19 17 5 2 3 28 23 25 12 4 10 0 24 29 13 26 18 30 31 15 27 9 7 8 20 11 21 14 22 6
31 5 20 21 27 8 0 1 9 19 26 23 17 14 11 25 4 22 7 3 28 12 24 18 13 29 30 16 6 15 10
5 21 7 25 10 28 1 14 13 16 20 27 23 22 9 6 2 8 19 30 15 12 0 18 26 17 11 29 4 31 24
17 25 5 11 28 15 16 30 1 31 2 10 18 7 29 21 14 26 19 8 24 6 12 20 0 13 27 23 3 22 9
3 2 30 4 1 0 13 7 15 17 20 9 16 24 18 22 26 28 12 11 21 25 19 31 8 14 23 6 10 29 27
30 11 20 12 21 14 0 27 23 16 18 19 24 15 17 3 8 10 7 9 4 25 29 2 22 31 13 28 5 26 1
25 16 3 11 20 5 19 8 24 22 26 31 2 23 0 27 4 10 15 12 9 29 28 14 6 13 30 1 18 17 21
9 13 2 10 25 16 17 27 7 22 21 29 20 0 15 19 31 6 18 3 4 26 5 23 28 14 12 24 1 30 11
8 28 10 23 2 31 29 12 0 18 26 22 5 3 27 7 21 6 25 16 30 20 13 1 11 19 15 17 14 24 4
14 25 9 20 30 8 23 12 22 0 3 16 28 27 24 13 1 21 4 31 15 29 6 19 7 18 17 11 26 2 5
6 17 7 4 12 0 14 22 18 31 26 2 27 15 13 28 19 21 20 25 5 29 10 9 23 16 3 1 24 8 30
26 22 6 16 11 10 27 21 9 25 1 23 31 29 0 24 2 28 7 19 5 20 15 3 30 18 4 17 8 14 13
8 15 30 5 21 3 26 28 10 11 24 25 27 20 22 23 14 2 1 31 0 17 9 7 6 4 18 29 16 19 12
10 19 0 30 11 18 6 3 15 23 26 2 21 16 24 20 22 4 27 31 13 7 25 17 8 5 29 9 1 28 12
28 0 17 13 4 23 30 14 5 27 25 16 22 21 11 8 6 10 7 26 18 3 29 12 31 1 19 20 9 24 2
1 12 31 7 21 17 25 10 4 8 29 28 6 22 3 0 15 14 5 24 27 26 2 9 18 30 11 23 19 20 13
4 25 1 11 28 16 30 15 8 18 2 5 0 21 31 27 6 29 24 19 26 20 23 14 12 10 13 22 3 9 7
24 28 21 19 20 31 29 22 14 17 11 9 27 6 26 23 5 4 30 8 2 15 1 0 25 3 12 10 16 7 13
1 24 14 18 2 31 20 25 7 6 28 11 8 22 10 17 26 4 30 3 12 23 21 15 5 0 29 27 9 16 13
30 6 2 10 18 7 21 19 23 22 5 25 3 8 28 0 31 14 11 13 12 17 24 27 4 29 9 15 26 1 16
18 2 16 3 26 6 13 12 25 0 30 20 14 8 15 17 24 10 29 11 4 28 9 5 19 23 22 31 27 1 7
12 25 31 27 10 18 29 11 20 16 8 7 15 9 26 2 3 30 24 5 14 13 19 28 0 21 6 23 17 1 4
25 9 29 10 15 2 14 6 20 1 28 0 26 12 3 30 18 7 31 27 13 19 17 21 8 24 22 11 16 5 4
18 19 27 26 10 7 21 13 5 6 28 14 22 12 29 1 17 0 16 2 31 25 4 20 23 8 15 11 9 30 3
23 17 4 22 7 10 3 16 8 21 0 1 27 19 12 15 20 2 28 13 30 11 24 18 6 5 9 26 14 31 29
12 21 27 2 13 14 29 9 24 11 23 18 7 22 5 0 4 19 15 30 17 28 1 16 8 25 3 10 31 20 6
22 2 24 12 26 6 29 8 25 10 30 15 18 11 3 13 28 17 31 7 23 14 9 16 20 0 1 19 21 4 5
18 9 15 17 4 29 3 10 16 31 1 23 13 20 25 11 24 27 19 5 2 12 22 26 21 7 0 8 30 6 14
23 28 18 27 16 22 9 26 8 21 12 30 17 10 24 4 7 1 15 31 2 11 20 6 19 0 14 3 13 25 5
6 20 5 10 14 17 13 21 15 27 4 23 31 22 29 18 25 0 19 26 3 1 2 12 9 28 7 16 8 11 24
2 22 16 18 9 28 19 11 12 17 30 4 7 0 10 20 27 8 23 14 24 13 29 15 1 5 25 21 6 26 3
