20 4 21 6 10 15 7 9 11 8 23 27 26 19 25 24 12 28 13 16 14 2 18 1 30 5 22 29 31 17 3
19 23 20 12 25 10 6 31 30 14 5 26 9 3 13 28 18 8 22 7 24 11 0 27 4 2 16 17 29 21 15
7 26 18 30 23 12 22 17 5 14 27 21 29 20 28 31 9 3 4 11 24 0 8 1 15 10 19 16 25 13 6
18 28 14 25 13 4 29 5 9 30 7 23 17 20 24 11 1 27 22 10 21 2 12 15 8 31 16 26 0 6 19
29 26 30 0 8 5 3 18 13 15 19 10 11 12 31 24 6 28 27 22 23 16 17 2 25 20 21 14 1 7 9
31 16 4 24 23 3 12 22 26 2 14 13 15 1 25 20 19 17 18 7 29 6 27 11 21 9 8 28 10 0 30
21 27 0 13 26 18 31 11 14 1 7 8 4 28 30 17 16 22 9 20 23 5 29 15 25 24 12 10 19 2 3
31 21 2 9 15 0 23 6 14 18 20 29 3 12 28 13 11 24 5 22 10 30 1 16 25 27 17 4 19 26 8
28 12 4 29 10 31 19 26 17 6 24 27 15 20 0 21 22 30 13 11 18 1 16 3 2 5 14 25 9 23 7
7 31 11 29 14 30 22 0 17 23 28 19 20 27 25 3 24 18 16 12 15 1 21 6 2 13 26 5 4 8 10
21 25 18 23 8 0 13 28 15 1 4 12 22 16 17 14 26 3 20 11 7 29 19 30 24 31 27 5 6 2 9
14 22 20 21 9 28 27 30 12 16 6 25 4 19 0 24 23 15 13 18 8 3 29 26 17 7 10 2 31 1 5
21 8 28 31 14 11 26 1 29 20 5 17 2 18 10 4 13 22 25 23 7 9 0 30 24 3 19 15 27 16 6
6 25 3 10 16 26 28 4 19 22 12 29 5 30 24 11 8 21 7 0 1 18 15 23 9 14 20 17 27 2 31
31 11 3 27 9 12 21 6 23 30 7 1 5 2 20 10 24 18 26 22 29 16 0 19 13 25 4 17 15 8 28
29 7 17 0 10 4 27 8 22 5 19 11 9 16 18 20 30 28 23 13 26 21 25 3 31 24 6 12 2 14 1
27 26 5 13 24 11 21 23 30 31 20 10 18 6 9 15 17 28 25 4 19 14 0 7 22 8 29 12 1 3 2
18 20 27 15 21 22 12 25 9 8 23 2 31 6 10 3 16 11 5 24 4 13 19 29 7 14 28 1 0 30 26
3 22 17 10 28 2 6 27 4 12 30 7 26 16 9 15 11 8 21 14 23 13 5 1 24 25 0 19 31 29 20
1 8 29 31 27 13 26 4 23 9 30 11 15 0 5 24 28 22 16 14 10 12 25 17 18 20 21 6 2 7 3
0 11 1 17 24 28 12 9 8 7 31 16 22 14 3 15 29 2 5 21 10 30 23 6 4 25 13 27 19 18 26
12 10 7 0 6 11 26 14 23 17 16 24 8 28 2 25 9 13 18 20 3 27 15 5 4 30 31 19 1 22 29
18 11 9 17 5 13 2 10 15 12 20 4 24 8 30 6 3 27 23 28 7 14 19 1 26 29 25 16 31 0 21
10 1 28 26 27 5 31 21 30 2 14 7 9 19 24 16 17 11 12 29 0 3 25 4 18 22 15 20 6 13 8
20 25 5 16 30 23 29 21 8 4 9 11 22 13 3 0 27 31 14 7 19 17 26 12 18 2 1 15 6 10 28
10 3 13 31 24 29 27 1 17 11 9 30 12 5 23 28 26 21 0 16 4 18 20 15 22 19 14 7 6 8 2
4 6 16 2 21 23 13 31 30 8 12 19 18 5 29 1 0 25 10 11 14 28 24 15 22 27 9 3 20 7 17
31 16 6 29 17 14 11 23 25 18 19 15 9 8 28 4 0 2 3 24 22 21 26 5 20 12 7 30 1 10 13
8 12 3 18 23 11 20 10 13 9 27 31 6 4 21 25 7 15 0 2 29 16 1 26 19 22 5 24 17 14 30
4 8 27 15 9 19 25 3 12 24 13 7 23 26 20 2 11 28 5 14 10 22 6 16 17 30 18 31 1 0 21
4 11 2 26 9 31 24 23 14 19 18 1 16 3 6 13 25 8 22 15 12 20 7 10 21 27 0 29 5 17 28
5 14 27 7 12 9 25 8 6 26 23 30 19 1 16 4 28 17 20 24 2 11 15 10 21 18 3 22 29 0 13
