4 9 30 25 35 34 14 18 32 13 2 46 29 17 27 37 44 31 33 16 28 45 3 10 7 23 41 1 20 11 40 15 5 38 24 39 6 26 43 22 36 21 42 47 8 12 19
31 32 40 39 9 25 3 24 17 36 44 45 18 46 14 23 41 38 6 2 7 43 8 16 15 0 37 27 28 34 47 30 35 42 26 19 13 10 20 5 21 12 33 29 22 11 4
31 3 24 8 36 10 41 30 16 38 17 33 29 12 9 26 47 0 32 19 37 1 43 23 14 6 11 34 5 35 42 13 28 21 27 45 7 22 40 46 18 39 44 15 4 25 20
2 30 45 40 16 46 36 21 35 1 27 47 42 15 31 4 5 20 23 24 25 0 18 32 10 26 43 14 38 8 39 9 12 34 7 33 44 29 28 41 22 6 17 37 19 13 11
25 47 28 0 36 14 38 16 42 7 3 33 35 6 22 10 44 15 18 32 13 29 27 40 9 5 46 43 24 45 12 31 17 37 39 30 23 21 41 26 20 2 34 11 1 19 8
26 7 45 23 30 40 18 39 38 6 31 43 27 3 47 20 16 29 4 12 22 2 10 46 44 0 21 9 36 17 24 28 42 11 33 13 14 1 32 34 8 15 25 37 35 19 41
23 9 10 44 13 7 5 18 37 25 19 17 4 14 32 1 31 11 22 45 15 39 2 40 43 36 30 47 41 42 20 27 35 21 0 8 28 3 33 26 46 38 24 16 12 34 29
5 25 11 20 24 27 15 31 6 4 14 39 44 41 40 1 34 12 0 21 23 30 22 33 46 42 19 13 3 37 43 2 35 18 45 36 38 17 47 28 32 9 26 16 29 8 10
31 2 9 19 23 14 18 24 11 35 17 25 45 44 21 33 13 41 1 46 22 47 29 12 3 16 37 32 20 27 10 6 30 38 39 42 5 43 36 15 34 0 28 26 7 40 4
11 17 6 0 8 39 26 1 42 38 35 2 22 32 13 19 30 31 18 40 45 20 37 47 16 33 15 4 36 21 27 43 28 5 3 34 29 10 14 25 44 23 24 7 46 12 41
37 40 2 6 46 11 30 12 29 15 26 22 16 27 28 4 25 23 41 36 3 44 20 0 17 32 45 14 21 35 42 5 43 18 38 33 19 8 1 9 31 39 24 13 34 47 7
9 16 21 14 35 29 7 44 46 10 30 39 8 12 37 28 6 13 43 26 17 2 32 15 24 0 34 27 40 38 19 5 47 31 41 1 18 25 45 36 20 23 42 4 22 3 33
18 40 20 22 42 17 38 32 2 10 11 33 35 26 15 29 27 16 7 8 13 5 39 28 47 3 34 24 4 25 41 19 1 43 23 31 37 21 45 6 46 0 44 14 36 9 30
45 39 15 22 20 38 6 42 33 0 9 14 36 40 19 8 41 26 24 11 4 34 12 18 21 44 43 16 2 7 27 46 1 29 5 17 32 31 37 10 47 35 28 23 3 25 30
31 43 11 25 36 34 8 29 4 32 0 24 20 47 19 13 38 7 1 18 6 35 15 40 21 39 2 33 30 16 3 27 10 22 41 28 17 42 37 23 9 44 5 46 45 26 12
19 26 13 29 39 23 31 17 27 34 7 10 43 20 3 41 33 30 40 16 42 14 12 38 46 4 6 37 9 1 28 32 21 11 25 0 36 22 45 18 44 47 2 5 8 35 24
36 17 11 3 2 32 4 10 30 28 15 0 31 43 29 1 45 9 14 5 12 37 8 13 18 47 24 39 33 44 40 25 42 35 23 34 22 27 38 26 21 19 6 41 7 20 46
23 42 9 33 16 27 25 12 15 38 2 46 40 32 8 1 45 28 0 24 6 29 10 11 36 22 14 5 31 30 41 43 4 21 37 13 47 7 26 18 34 3 19 20 44 35 39
12 47 42 8 40 27 28 45 0 5 24 6 1 26 25 32 41 9 14 29 4 39 3 38 43 21 13 33 20 46 16 10 34 37 23 35 7 22 15 17 2 19 31 11 30 36 44
15 21 31 36 25 8 22 44 45 9 2 14 13 6 23 42 43 34 35 37 38 28 40 33 24 29 46 26 47 7 1 30 11 39 10 20 12 41 27 18 16 17 3 32 5 4 0
12 13 7 42 14 15 35 3 5 31 26 30 9 43 33 10 22 36 28 18 6 0 23 46 39 45 25 8 24 41 19 27 1 38 47 40 4 29 17 2 11 21 44 32 37 34 16
44 19 11 43 3 24 34 45 40 33 8 46 23 47 30 14 18 25 7 10 42 13 15 9 6 27 35 36 39 5 2 28 22 41 17 1 37 4 0 16 12 31 29 32 26 20 38
12 33 30 32 31 13 19 43 44 9 27 10 4 34 25 36 46 47 6 8 40 28 35 20 23 5 38 7 14 26 37 17 42 2 21 15 18 0 3 16 45 39 1 24 41 29 11
17 6 5 28 8 15 46 31 1 40 19 36 3 21 24 10 2 32 43 45 0 22 41 30 7 37 25 20 26 38 44 27 29 18 14 47 33 39 4 16 9 34 42 12 11 13 35
46 2 25 32 35 7 8 21 14 1 18 26 17 27 36 37 44 13 3 33 42 23 30 40 43 28 29 19 11 4 45 5 20 0 16 12 39 34 41 47 9 38 22 10 6 31 15
4 41 38 14 19 7 0 17 39 24 47 43 1 33 27 8 18 6 45 22 10 3 35 21 34 23 15 26 46 20 42 30 12 9 40 16 31 32 36 29 5 11 2 37 28 44 13
5 43 15 30 9 45 47 41 2 39 34 10 35 18 36 12 24 13 29 20 3 42 11 37 28 23 22 38 25 19 1 27 31 0 17 14 6 32 4 16 44 21 7 40 8 46 33
46 17 36 31 28 18 25 15 7 3 22 45 10 5 0 24 39 43 12 4 14 35 30 1 29 6 9 42 21 11 38 13 23 2 26 8 20 47 34 19 16 44 41 40 37 32 33
4 44 23 27 39 29 18 37 42 17 34 38 11 16 10 0 30 22 19 36 33 20 24 15 41 26 1 47 12 14 40 9 46 32 2 21 5 31 3 35 6 7 45 25 8 13 43
46 15 11 28 14 2 39 10 0 31 18 35 26 17 38 16 12 32 8 4 5 27 24 19 37 47 23 34 13 42 9 33 3 40 41 1 43 25 21 36 20 44 45 22 7 30 6
31 3 26 0 22 5 2 11 10 45 9 15 16 33 32 47 20 39 21 28 24 14 27 34 6 37 23 36 7 40 1 17 42 25 19 46 8 4 41 35 44 43 18 38 29 12 13
14 8 2 30 1 19 22 27 15 23 7 32 5 9 3 29 35 0 16 45 6 20 34 43 33 36 38 41 40 17 28 4 26 10 47 44 25 37 11 12 13 18 42 21 24 46 39
36 41 1 46 37 22 24 34 12 35 16 14 17 0 9 2 31 18 6 30 29 23 4 3 10 15 11 43 42 40 28 8 47 39 33 5 45 13 25 26 44 7 21 20 27 19 38
17 22 38 47 25 13 2 35 46 45 12 21 15 8 4 36 0 30 24 41 14 9 20 42 37 31 28 43 18 19 7 40 3 10 29 5 16 32 23 1 6 39 34 26 27 44 11
35 42 14 32 0 15 26 21 28 37 19 22 43 7 31 13 30 39 25 2 46 1 11 44 40 3 18 12 9 29 24 27 36 16 5 23 17 47 33 45 10 41 38 8 6 4 20
34 38 11 24 3 0 32 9 33 8 44 46 26 12 20 31 4 47 14 29 19 39 25 45 22 41 27 10 6 40 2 37 21 1 42 7 18 28 16 30 43 13 17 5 15 36 23
32 16 46 2 19 27 14 4 37 3 43 39 1 13 26 40 42 23 33 24 44 47 22 10 28 20 6 9 31 30 17 45 21 5 15 7 34 25 38 0 41 29 8 11 18 12 35
46 43 10 32 36 28 6 11 2 34 0 24 19 9 41 15 38 33 40 1 30 23 26 16 35 29 22 8 7 18 47 14 42 45 4 17 31 21 12 39 13 3 5 25 27 20 44
35 42 25 47 33 13 12 9 17 2 4 5 14 28 1 15 29 39 19 18 37 41 40 3 22 46 44 31 23 26 27 45 11 0 10 43 8 7 20 36 16 6 24 34 21 30 32
46 13 1 25 9 15 28 11 26 29 5 36 44 42 7 27 30 38 35 18 14 6 12 34 41 3 21 20 16 0 19 45 24 4 32 47 40 10 23 8 43 2 22 33 37 17 31
44 12 10 3 1 47 18 43 17 5 21 15 13 23 9 36 14 7 22 24 4 19 6 37 38 30 35 45 32 28 42 0 31 33 34 11 41 2 16 29 39 25 20 46 27 26 8
32 46 25 2 26 44 15 18 13 1 7 8 37 10 33 42 35 0 23 38 6 39 28 47 14 31 17 20 21 40 12 43 45 3 19 30 24 29 4 11 27 36 34 22 16 5 9
17 18 38 34 12 9 13 20 28 4 3 39 36 19 15 24 33 26 41 44 43 46 21 6 47 10 27 32 2 40 7 1 25 35 30 14 22 5 37 29 16 8 23 31 0 11 45
14 37 26 21 25 40 22 36 15 5 19 34 2 16 1 27 47 23 20 11 31 3 18 42 6 24 4 33 9 10 32 13 7 44 46 17 41 38 0 39 12 35 29 8 30 45 28
46 40 21 28 11 6 19 22 41 35 1 8 39 47 0 24 7 4 36 10 42 13 38 34 23 5 3 43 14 16 31 9 45 15 32 2 27 30 26 29 17 12 20 37 18 25 33
13 5 3 26 18 21 33 19 17 27 30 1 8 25 9 0 46 31 6 16 35 23 47 10 36 40 20 24 38 4 2 39 7 37 15 41 14 44 32 22 12 34 11 28 29 43 42
44 37 39 27 29 36 24 41 32 3 10 11 23 17 33 35 0 21 1 45 15 22 8 42 4 34 18 38 47 19 7 5 20 28 25 13 43 30 2 14 6 40 31 12 9 26 16
4 18 38 40 25 33 26 3 14 2 44 35 5 21 36 30 9 22 43 8 45 6 41 42 28 46 1 12 19 29 16 37 27 23 32 31 11 39 17 7 20 24 15 34 13 0 10
