4 45 18 40 38 55 21 35 28 12 29 14 25 34 20 30 48 52 9 5 51 1 36 39 47 42 8 11 17 46 15 26 37 2 32 54 19 27 22 6 24 33 3 23 7 10 16 49 41 43 44 31 53 50 13
46 8 14 47 33 41 49 55 34 53 2 52 22 7 40 25 6 19 35 29 0 12 48 54 4 50 28 10 42 18 9 37 45 30 17 3 51 31 44 43 23 5 27 15 39 32 16 24 13 20 38 11 21 26 36
43 31 45 21 50 23 52 46 8 18 20 7 3 48 1 51 13 24 19 40 44 14 34 30 25 33 26 9 35 16 27 10 17 42 54 53 0 22 38 39 11 5 55 15 47 6 4 41 12 29 32 28 37 36 49
46 50 16 52 48 31 11 35 24 40 19 30 36 13 2 15 17 18 25 26 42 12 28 39 4 32 54 51 47 43 10 27 44 55 14 6 1 9 8 49 23 53 29 7 37 0 38 41 45 33 20 5 21 34 22
0 42 6 22 48 39 52 13 24 5 35 51 8 37 54 41 45 29 50 34 9 55 16 26 36 14 1 19 3 43 40 7 38 21 18 20 25 23 12 46 17 53 47 28 15 27 32 33 2 10 31 49 30 44 11
34 13 40 15 8 11 26 20 49 31 4 17 33 43 22 48 45 0 32 50 51 12 18 24 19 47 39 55 37 44 21 46 25 10 29 14 9 23 1 2 54 7 3 30 42 53 27 35 6 28 36 38 52 16 41
29 45 35 4 34 32 14 28 19 24 53 55 10 33 20 47 1 36 22 54 43 44 38 51 21 18 15 27 13 49 3 37 40 8 48 23 7 26 0 25 42 11 17 50 39 30 31 2 52 41 46 5 9 16 12
54 48 26 37 25 55 17 36 21 27 2 47 20 41 15 1 53 49 43 13 18 51 40 29 9 24 16 14 8 52 42 45 4 30 35 46 44 6 33 3 19 50 12 31 5 32 11 38 0 39 28 22 23 34 10
26 28 17 47 15 55 45 5 1 54 37 51 2 53 48 4 31 50 33 18 46 44 23 36 24 13 22 11 52 21 0 12 30 43 20 7 25 19 3 29 6 39 35 32 14 49 9 16 10 34 40 27 42 38 41
21 43 13 24 30 32 48 18 34 27 4 31 54 0 14 38 44 50 7 2 53 52 20 1 23 37 12 36 28 41 46 3 40 22 42 26 33 51 5 39 55 15 8 19 16 10 25 47 49 11 45 6 17 29 35
44 51 50 47 22 12 46 31 11 21 14 37 6 13 38 36 28 43 53 33 34 30 48 25 1 16 27 17 2 32 26 3 55 49 5 29 35 19 52 40 45 20 23 8 0 9 24 4 18 39 15 7 42 41 54
23 22 50 28 27 24 32 21 5 15 3 13 49 55 10 51 41 35 26 43 8 0 16 38 14 47 42 54 12 34 33 2 30 29 17 37 18 36 6 20 7 45 53 48 19 25 1 44 9 40 52 39 31 46 4
29 31 53 10 43 17 18 15 0 40 39 24 45 16 14 1 3 5 21 48 37 32 8 36 26 52 35 25 27 9 11 28 51 55 13 34 49 4 30 20 22 38 7 47 42 23 46 54 50 2 33 41 6 44 19
47 15 5 9 40 17 41 49 11 4 26 34 28 33 3 53 50 29 2 30 45 10 14 8 36 22 54 43 24 7 23 16 55 46 48 38 25 52 6 42 12 35 37 31 32 44 19 51 1 39 21 18 20 27 0
22 41 28 35 1 6 53 49 48 45 23 47 46 0 31 10 33 13 55 29 50 21 38 2 12 9 4 15 42 40 11 30 43 7 52 24 20 3 26 51 17 5 16 39 54 8 25 27 44 32 19 36 18 37 34
13 38 28 45 8 24 26 5 36 11 46 42 12 33 20 41 3 29 7 44 43 51 34 22 17 14 49 6 21 25 0 18 35 50 52 55 39 4 47 53 1 2 54 9 37 16 19 30 31 40 48 23 27 10 32
41 42 3 52 21 20 33 36 35 32 25 38 23 43 53 12 30 22 4 13 55 11 10 46 37 2 7 51 26 39 24 45 54 28 14 18 44 40 48 1 34 8 49 15 9 47 27 31 29 0 19 50 17 6 5
44 46 30 8 47 38 13 24 21 7 5 12 33 54 45 3 50 20 41 32 48 27 15 26 43 28 39 0 53 10 2 55 34 1 25 36 14 49 51 18 42 4 11 52 19 6 31 40 22 37 16 29 9 35 23
0 47 43 33 51 41 42 22 24 23 9 36 34 54 44 2 37 12 35 53 48 8 25 21 50 27 3 45 40 30 20 7 55 31 5 49 1 6 19 15 38 39 4 52 17 16 11 26 46 28 32 13 10 14 29
24 47 23 31 22 41 44 50 38 52 6 3 25 35 40 2 46 1 30 28 4 51 39 29 37 36 5 54 18 43 21 8 34 0 27 26 7 17 10 42 48 13 20 45 33 9 32 15 53 14 55 11 49 16 12
51 39 24 54 32 16 5 31 36 15 2 47 48 45 34 7 17 6 49 40 41 0 18 26 29 30 8 9 52 14 38 33 28 4 12 25 22 27 23 55 44 37 46 11 3 19 35 10 43 42 21 1 50 13 53
9 37 39 26 16 23 28 11 2 0 17 53 33 7 49 10 31 18 52 14 8 55 27 48 45 12 6 51 15 25 19 35 46 5 4 41 44 50 32 42 22 38 30 47 3 20 34 54 36 13 43 29 24 1 40
14 11 38 48 4 47 18 19 23 40 29 10 34 5 36 55 1 53 43 8 6 13 32 54 27 16 30 15 25 39 28 33 26 52 2 9 45 0 12 20 42 21 37 41 24 50 31 44 49 46 17 35 7 51 3
11 19 40 27 21 37 18 2 22 29 45 51 14 35 8 16 38 47 32 41 13 54 31 44 28 43 50 55 9 52 49 46 26 24 3 39 4 6 30 53 20 1 5 0 25 12 10 42 15 48 7 34 36 33 17
45 39 19 9 11 15 20 18 17 25 3 40 4 32 6 54 46 2 33 8 51 31 35 30 12 50 13 34 28 52 26 7 5 47 48 44 14 16 23 41 53 0 27 29 36 37 42 43 1 22 55 10 38 21 49
7 37 24 47 34 19 18 48 16 3 1 0 32 26 54 2 43 38 39 29 44 55 49 10 46 41 22 51 27 13 15 33 8 21 12 30 36 52 31 17 42 35 28 5 4 20 6 45 14 23 40 50 9 53 11
7 8 55 21 15 40 51 30 46 34 5 52 42 13 50 54 11 25 3 2 4 48 17 43 35 24 47 20 37 12 36 10 41 16 0 22 38 14 23 33 53 9 49 39 6 19 28 45 31 32 18 44 27 1 29
33 46 42 11 44 49 23 28 53 52 41 45 43 7 51 32 18 30 9 47 22 17 21 29 25 2 10 6 3 31 12 38 48 40 0 19 35 55 24 20 36 1 4 50 14 16 5 26 37 34 54 8 15 13 39
41 8 15 11 14 27 21 31 39 40 50 34 6 42 43 0 13 33 10 48 19 24 35 17 29 45 23 1 32 38 3 22 44 46 54 9 12 20 25 55 16 26 36 49 4 53 18 47 30 37 7 52 5 51 2
12 6 35 36 50 52 49 23 30 22 32 0 13 44 15 54 45 4 39 14 37 1 25 51 41 28 7 27 48 19 20 38 31 42 8 10 47 3 5 33 11 55 24 40 46 53 34 16 21 2 43 17 9 18 26
49 17 9 47 55 26 29 45 39 32 53 3 13 46 27 24 0 19 2 44 16 18 22 10 38 42 41 8 33 20 14 34 52 35 1 25 36 7 40 12 37 23 11 31 54 21 28 50 5 6 43 15 48 4 51
2 12 19 55 28 3 41 20 5 33 49 10 45 8 21 39 14 40 34 44 24 32 9 53 38 23 18 52 47 48 29 36 27 42 25 1 43 13 30 26 50 7 17 37 51 35 6 22 16 15 4 46 54 11 0
42 47 41 51 9 11 6 39 20 24 44 30 29 55 27 16 34 35 25 17 22 31 23 5 43 37 48 28 12 3 53 10 40 38 0 33 52 21 13 26 8 36 7 1 50 19 4 14 49 18 45 54 2 46 15
42 27 18 44 34 1 51 31 45 5 21 16 15 17 13 8 6 47 14 24 28 53 38 40 2 39 35 10 54 41 52 48 30 25 49 22 55 20 32 26 11 9 7 29 0 3 19 4 36 12 37 43 46 23 50
42 53 35 5 40 6 49 33 26 28 18 25 36 52 13 22 1 31 20 9 32 43 4 2 0 15 38 24 10 54 37 30 17 41 19 12 11 55 39 46 50 48 45 16 21 29 8 47 3 27 44 7 51 23 14
46 34 29 6 14 3 0 50 41 4 36 37 18 47 16 23 19 11 51 32 39 24 1 44 43 33 53 28 55 45 26 2 12 30 15 54 21 38 25 7 13 40 8 49 27 10 20 31 52 5 22 48 42 17 9
39 29 15 41 18 20 7 35 34 16 3 51 45 22 47 8 49 6 13 10 37 38 0 4 40 12 46 44 19 26 50 54 31 53 9 30 25 17 28 27 24 11 48 32 43 55 21 52 14 33 42 5 23 2 1
21 40 23 7 46 25 8 35 18 47 4 38 43 54 10 36 29 32 41 48 53 12 26 16 34 19 1 9 0 51 42 5 6 50 13 30 55 3 11 24 20 22 44 31 28 15 39 27 17 33 52 49 14 2 45
52 22 15 0 17 19 44 37 16 10 33 14 23 36 25 31 34 6 30 9 28 11 13 29 43 39 27 53 32 26 4 18 20 35 41 49 42 2 45 46 47 50 48 3 21 12 40 7 55 51 1 24 54 5 8
24 36 20 21 28 4 32 50 44 30 31 48 35 29 12 41 49 25 0 51 33 47 40 52 17 45 19 3 22 5 38 16 18 23 2 53 26 8 34 14 15 9 1 42 43 46 7 6 37 54 13 10 11 27 55
34 54 23 0 5 53 13 37 26 28 55 22 3 24 51 31 19 1 12 2 20 46 18 33 52 39 36 7 14 32 4 43 6 27 45 9 30 48 50 35 47 16 38 10 29 49 41 25 17 8 44 15 11 42 21
28 32 16 14 18 13 19 31 36 27 35 1 15 11 4 7 17 20 48 39 23 55 43 44 29 33 49 37 47 30 25 46 26 52 38 9 34 21 24 3 45 22 40 53 51 2 6 12 0 54 50 10 8 42 5
32 34 33 4 16 27 18 26 28 15 49 43 54 50 48 52 3 45 0 30 14 1 2 7 11 13 29 46 37 31 25 47 9 38 17 22 21 6 24 19 39 12 55 5 20 44 23 36 53 8 51 35 40 10 41
2 9 18 53 28 12 27 5 42 44 52 37 34 22 11 15 13 10 16 6 41 50 25 35 7 32 17 26 23 55 46 14 8 4 3 38 19 40 48 31 47 45 54 49 1 36 24 39 51 20 30 21 33 29 0
17 10 27 33 39 19 18 32 38 43 29 8 48 15 31 2 35 30 6 25 41 55 9 23 46 36 49 51 28 24 3 5 54 7 21 1 13 45 20 47 16 37 53 26 42 22 14 40 50 11 52 34 4 0 12
24 55 6 47 0 49 15 2 8 23 30 33 14 27 31 17 36 20 13 4 29 46 18 5 12 48 42 21 28 39 35 50 1 7 16 40 52 54 22 43 53 38 26 44 25 41 3 10 34 19 11 32 9 51 37
35 1 17 3 53 27 50 37 26 15 2 10 14 24 8 30 45 19 40 55 52 54 25 13 16 44 36 43 41 0 28 23 42 21 9 5 7 4 34 38 20 18 29 12 48 39 22 51 6 31 47 49 11 33 32
13 32 45 19 18 8 17 30 22 1 10 25 14 50 37 35 51 20 7 36 33 6 27 48 23 54 0 39 41 31 26 11 5 24 3 55 42 43 29 40 38 52 4 44 15 12 28 21 2 53 49 16 9 34 46
7 52 22 3 9 4 55 14 50 8 18 20 2 39 44 25 5 41 42 47 0 49 45 17 1 28 26 21 10 32 12 37 31 13 29 54 33 51 24 43 27 6 40 53 38 36 19 34 16 46 11 30 15 35 23
30 50 45 27 55 29 34 13 11 5 14 31 42 1 21 52 36 20 48 7 54 39 41 25 18 15 44 33 23 6 38 3 10 12 26 43 17 53 35 51 28 8 40 16 47 22 32 19 9 0 4 37 24 46 2
49 11 3 29 46 2 10 28 39 19 35 48 47 26 13 8 18 17 4 42 14 24 43 51 55 5 52 1 9 53 23 36 45 15 37 40 21 31 38 7 27 34 32 6 25 30 22 12 20 44 54 16 0 33 41
20 32 18 10 26 52 8 33 23 11 4 27 47 36 40 2 35 24 15 0 50 39 29 6 7 5 19 25 44 21 3 48 16 53 37 12 1 55 14 9 17 49 54 13 31 43 41 38 46 22 42 28 34 45 30
48 38 3 16 29 2 27 51 4 26 19 34 43 53 49 1 21 8 0 42 46 24 40 50 33 39 31 12 9 20 23 30 14 7 13 22 41 25 55 45 32 15 18 17 47 10 35 28 54 36 6 44 37 11 5
34 46 40 43 27 14 12 21 8 30 18 13 6 1 52 22 33 7 10 16 31 35 50 37 17 9 32 36 38 51 2 3 24 26 39 45 48 23 49 4 54 15 28 44 41 47 29 19 55 11 5 25 42 20 0
7 40 55 20 8 18 24 17 29 37 4 26 42 13 6 22 9 25 49 47 23 46 33 1 34 48 3 19 36 2 11 28 35 0 45 16 44 43 30 14 53 5 51 15 12 21 39 52 50 27 32 38 31 41 10
45 26 49 0 54 8 30 31 40 48 7 11 32 1 6 22 14 4 46 41 21 50 44 25 18 16 35 13 43 23 47 17 5 33 3 12 10 52 51 28 37 34 27 15 29 20 9 2 36 38 42 24 53 19 39
