26 47 50 30 19 9 43 36 22 18 17 10 11 14 25 40 49 38 31 34 27 39 53 16 32 29 42 46 23 54 52 20 48 45 28 33 12 55 37 7 4 8 35 5 51 6 41 3 24 1 2 44 15 13 21
54 43 39 21 18 47 25 29 8 27 17 49 53 5 11 40 48 52 20 30 44 7 2 34 15 33 55 28 22 35 14 19 50 42 41 51 26 10 0 3 6 38 24 45 36 32 9 46 12 37 13 4 16 23 31
10 20 34 17 11 54 53 19 3 51 15 4 30 26 23 46 9 14 43 28 48 21 55 36 41 40 1 8 7 5 24 12 27 33 35 39 38 49 31 45 16 47 18 52 0 29 25 6 50 37 32 42 22 13 44
10 47 8 42 44 14 39 50 54 17 40 20 37 2 48 26 5 52 9 13 22 24 6 43 23 49 32 30 31 21 29 25 41 51 33 28 27 12 35 7 53 46 19 15 18 16 34 45 38 0 1 36 55 11 4
43 17 29 18 42 8 54 32 31 14 7 53 34 48 5 12 22 15 47 38 33 11 2 27 24 25 20 13 40 55 41 30 19 46 49 16 28 10 52 51 0 9 36 45 23 44 6 35 50 39 21 37 26 3 1
37 9 16 38 34 43 50 26 39 52 15 4 11 10 36 48 3 23 14 30 22 28 7 19 24 1 44 29 2 32 25 41 46 6 33 20 27 0 17 51 45 31 35 13 42 18 21 8 40 47 54 12 53 49 55
46 43 52 20 53 19 47 9 25 34 7 23 45 3 42 28 49 15 50 11 35 55 38 21 36 31 37 51 16 41 26 40 14 5 24 27 17 29 48 39 0 22 12 33 1 44 8 2 4 10 18 13 32 30 54
11 34 10 48 13 46 24 32 4 20 43 45 41 18 26 6 5 9 39 51 16 28 54 42 1 47 19 55 29 37 2 30 25 49 12 17 8 40 52 3 38 35 27 50 21 0 15 33 23 22 14 31 36 44 53
34 3 38 4 51 39 1 15 52 18 26 40 43 25 9 37 11 42 49 55 14 36 13 12 2 44 53 31 46 7 50 23 17 10 54 29 30 41 33 0 27 32 21 19 45 20 35 5 6 48 28 16 24 47 22
31 5 17 0 36 53 51 6 21 46 27 39 3 43 2 7 8 38 26 10 25 37 44 32 45 35 18 54 42 33 16 22 15 48 20 49 4 13 30 11 40 47 19 24 29 28 34 12 1 14 52 23 55 50 41
3 2 29 15 7 35 22 53 25 24 41 43 0 11 52 5 46 37 17 38 26 47 30 20 42 12 51 9 21 49 48 16 31 4 19 44 54 8 28 18 1 40 27 50 39 13 36 34 14 33 6 23 45 55 32
19 7 26 54 2 44 53 20 10 0 5 4 37 43 16 12 1 45 29 33 8 6 41 38 18 21 48 50 15 52 25 51 22 23 32 34 42 47 36 31 55 35 13 27 14 24 9 17 49 46 3 30 39 40 28
43 21 51 34 17 36 13 50 29 18 53 40 28 55 15 39 4 32 45 42 24 11 46 22 10 47 16 8 37 25 7 2 41 3 31 48 0 49 54 35 52 44 33 23 26 20 6 19 27 38 9 14 30 5 1
17 35 40 7 12 55 53 38 45 49 3 52 4 14 28 42 41 50 34 26 36 54 31 8 48 51 32 25 23 19 37 24 21 29 46 22 43 27 33 11 9 15 10 5 18 44 0 39 30 47 20 6 16 1 2
33 27 52 3 51 21 4 28 37 0 5 25 35 2 49 23 39 54 13 19 55 44 22 38 8 31 34 53 48 32 29 45 47 1 42 24 46 40 6 50 17 20 15 16 11 10 41 7 43 9 12 26 18 30 36
40 30 16 10 41 38 42 12 5 45 2 4 8 28 49 23 48 20 51 34 55 6 25 1 44 11 31 22 54 33 27 32 39 9 17 3 24 36 14 19 7 52 46 37 53 13 47 26 21 35 0 50 43 18 29
52 26 17 22 55 15 19 50 33 49 29 5 28 18 40 34 41 51 37 35 27 46 11 24 0 31 7 25 20 12 44 10 43 4 54 47 6 48 21 39 45 42 9 3 14 2 32 53 38 36 23 13 30 8 1
16 28 13 4 9 44 2 12 29 38 36 42 50 3 0 40 43 1 25 10 31 41 35 52 48 32 19 46 18 7 49 30 47 26 24 37 20 51 53 8 14 45 15 34 33 5 27 6 11 23 55 54 21 22 39
46 38 27 52 4 21 1 12 0 16 37 40 51 45 34 28 44 7 39 23 8 41 43 31 24 30 20 26 49 11 50 29 17 47 9 22 19 53 33 48 10 35 3 2 55 5 13 25 6 15 54 36 14 32 42
0 11 16 28 26 33 46 25 6 43 2 30 31 42 27 51 5 55 24 49 50 14 41 20 34 7 54 29 17 35 4 21 22 32 13 1 18 52 45 10 23 53 3 37 48 15 38 8 12 36 9 47 39 40 44
2 26 29 43 38 6 7 32 11 3 40 30 54 33 4 50 42 10 15 45 1 19 16 47 34 25 18 21 36 55 41 0 22 46 53 31 23 49 27 17 5 14 48 51 9 44 28 12 52 35 24 39 8 13 37
52 54 12 1 36 14 18 34 53 9 48 46 2 43 45 20 24 3 44 11 10 25 19 6 49 28 51 16 30 13 47 29 27 22 37 7 55 41 50 32 35 8 26 15 40 5 23 39 17 4 0 38 42 33 31
45 34 16 25 27 10 47 31 52 0 29 4 37 5 42 3 30 39 12 28 55 14 54 26 23 1 19 15 20 18 50 33 11 53 49 21 9 13 44 36 32 51 43 24 7 6 35 46 48 17 40 38 41 2 8
24 26 41 52 48 49 5 42 18 2 15 6 44 14 3 36 55 46 0 28 31 47 43 22 13 30 20 25 19 32 11 34 8 29 50 51 53 39 12 7 37 4 38 45 27 17 21 16 10 9 54 33 40 35 1
23 26 35 10 7 47 52 38 41 55 44 4 29 3 16 5 12 19 33 37 18 21 51 40 28 42 43 30 2 49 14 17 13 46 6 31 15 45 25 22 39 11 48 34 0 20 27 54 9 1 32 36 50 8 53
35 22 27 55 34 10 19 1 38 48 52 6 44 50 49 0 14 29 17 4 8 15 16 54 20 28 9 37 3 21 32 7 42 12 53 13 11 5 43 23 31 33 30 24 51 40 26 46 39 45 41 2 36 18 47
16 0 24 20 11 55 19 31 52 30 53 23 5 29 50 47 32 3 54 2 7 8 10 39 9 33 51 18 13 48 46 42 41 22 45 49 35 6 17 28 37 44 1 25 12 43 21 34 15 27 36 38 40 14 4
18 25 22 14 34 44 52 36 54 1 9 19 4 16 0 35 29 46 43 28 2 3 32 48 15 40 42 7 30 31 51 20 41 21 5 6 13 10 50 17 8 37 11 38 47 49 53 12 24 23 55 26 39 33 45
17 30 42 38 19 55 12 14 16 50 18 15 53 39 5 29 33 31 37 6 2 34 13 7 36 27 43 22 45 25 23 24 40 4 1 21 3 54 0 46 44 26 10 52 35 20 48 47 32 9 8 49 11 51 41
51 10 4 20 17 16 12 34 26 22 1 43 35 41 33 25 28 24 27 52 0 11 30 7 19 3 5 18 14 54 47 45 53 13 42 36 21 23 31 44 8 49 40 38 6 39 55 2 37 46 9 50 48 32 15
15 0 28 26 37 19 53 43 35 36 2 5 20 40 50 10 29 22 41 32 3 1 54 51 18 38 52 4 34 7 45 24 48 42 23 17 21 47 27 31 39 8 25 46 33 55 9 49 44 13 11 6 16 12 14
45 41 9 26 22 48 39 4 19 44 0 51 50 28 36 17 16 18 32 3 13 14 23 15 10 40 6 8 43 37 42 20 33 47 12 27 25 30 29 24 11 2 54 5 52 53 7 46 49 38 55 34 35 21 1
40 7 4 49 20 41 12 48 26 37 35 51 47 42 44 34 55 0 30 3 31 46 45 17 25 14 5 13 9 19 27 15 23 11 36 50 53 54 22 21 8 43 16 28 1 24 52 39 6 2 38 29 10 18 33
14 16 38 19 35 55 51 42 34 29 4 36 43 28 20 49 47 11 24 26 50 41 1 37 54 48 45 3 46 15 0 31 22 9 2 52 5 18 39 53 25 17 8 13 30 7 12 6 40 44 10 27 21 23 32
8 45 42 22 7 2 12 25 21 5 27 29 49 51 4 18 55 16 33 6 0 32 28 15 53 40 13 19 20 35 43 1 37 14 30 39 36 23 11 50 17 44 38 52 3 46 54 24 26 10 47 41 9 48 31
25 47 13 10 24 33 41 55 54 29 30 32 16 44 14 27 49 17 34 6 43 52 19 46 36 40 1 9 26 3 38 7 2 50 28 18 11 12 0 21 45 20 5 42 53 15 8 22 51 48 4 39 37 31 23
0 21 12 17 9 50 41 27 5 30 33 49 31 39 51 2 48 23 28 38 13 44 8 20 6 35 52 34 29 32 54 40 11 22 42 15 53 4 10 37 19 3 43 47 46 7 25 16 45 1 26 24 18 55 14
5 39 50 30 14 18 3 42 32 47 16 10 41 11 22 28 8 45 44 38 51 24 34 40 25 9 43 7 12 33 55 6 31 13 17 26 0 21 19 49 27 15 23 36 29 46 52 48 54 2 4 20 1 35 53
18 28 51 33 8 20 17 5 15 24 13 46 25 4 0 43 10 53 41 47 9 37 44 39 36 14 30 11 6 50 42 40 7 35 2 48 34 29 45 27 3 19 54 23 12 1 16 52 31 49 26 32 21 22 55
40 48 37 42 1 3 31 8 5 12 45 54 43 9 47 28 18 0 7 36 14 26 22 38 49 50 44 34 53 16 2 15 41 46 55 33 30 51 23 10 25 6 24 29 20 13 21 11 32 27 35 4 19 17 52
39 15 47 50 13 32 12 3 54 18 16 17 55 20 0 30 52 8 42 1 53 43 4 34 2 37 24 28 31 35 7 6 38 27 14 51 36 10 29 25 46 9 21 33 49 5 48 44 41 22 26 19 11 23 45
31 44 15 35 10 23 53 43 42 32 36 7 24 29 16 46 37 18 38 17 13 30 48 19 2 11 33 4 26 54 20 3 51 55 50 12 6 5 45 49 39 27 1 8 21 47 0 25 14 52 34 40 22 9 28
34 39 49 48 28 3 4 44 46 17 15 41 55 43 37 33 19 23 54 32 22 12 40 6 20 51 10 13 7 0 8 26 24 52 25 30 47 31 53 38 9 14 27 16 29 1 11 36 50 45 35 5 2 21 18
4 12 54 1 6 20 0 49 10 5 41 7 19 50 29 42 30 48 45 17 39 33 38 9 11 8 47 3 18 2 27 44 40 28 21 34 35 37 23 51 16 24 31 53 25 52 13 46 22 32 55 26 36 15 14
46 54 3 53 42 17 41 48 11 27 18 25 24 50 31 35 32 49 23 43 52 14 37 1 5 38 36 21 15 8 16 9 47 39 51 28 10 29 55 22 26 34 12 20 30 0 45 13 6 33 4 7 40 19 2
22 34 31 48 13 7 18 39 15 43 12 6 51 11 20 54 37 32 21 28 30 50 9 33 26 46 14 29 0 19 16 41 53 17 24 2 38 5 3 4 42 25 35 8 47 23 55 44 49 36 1 10 27 52 40
18 44 6 42 7 19 38 9 10 41 49 2 16 51 54 21 27 52 48 47 12 32 23 0 17 26 35 53 4 50 45 8 33 20 28 14 3 5 39 24 13 30 43 34 25 15 40 55 29 36 31 37 11 22 1
3 0 40 35 22 24 1 54 6 26 4 37 39 32 10 53 43 33 50 38 46 7 20 12 48 23 44 18 29 16 14 42 17 31 30 21 11 41 2 27 28 15 9 45 52 34 51 36 13 19 5 8 25 49 55
39 45 42 7 44 31 23 25 4 32 43 3 5 21 15 2 46 36 1 41 17 47 26 13 11 52 10 14 33 30 0 16 27 12 18 50 55 9 20 51 19 38 6 28 54 24 49 53 8 37 35 22 40 34 29
42 16 43 51 32 34 55 23 15 13 25 1 46 0 14 44 36 6 35 33 19 3 8 39 18 10 4 50 54 21 7 26 17 24 12 20 41 22 52 29 2 9 37 30 53 27 48 11 40 31 45 28 38 5 47
0 40 16 12 37 3 5 17 28 36 26 43 25 44 51 31 30 20 52 47 19 6 13 33 38 18 11 45 39 49 46 41 8 22 1 53 14 32 23 48 35 7 34 42 21 27 10 54 55 2 15 29 4 24 9
29 38 12 14 8 49 18 34 9 33 2 16 32 50 31 19 46 45 52 15 42 36 7 37 30 26 10 24 13 43 3 41 6 44 53 21 4 40 11 27 17 39 23 20 1 55 48 25 22 5 0 47 35 54 28
21 16 18 14 26 6 22 24 23 27 5 10 25 8 3 40 13 29 51 46 50 44 1 17 35 30 48 42 0 11 36 4 7 19 54 33 49 28 43 34 12 15 53 31 20 55 2 47 41 37 38 32 9 39 45
10 44 26 13 41 12 6 11 2 4 21 9 30 28 54 1 38 47 0 40 34 14 46 8 25 42 51 39 20 29 43 3 18 50 22 17 45 33 19 32 23 55 36 52 49 15 27 31 35 48 16 24 7 5 37
1 21 43 44 4 11 3 2 35 47 40 27 39 26 42 53 20 46 14 55 25 45 7 30 19 13 0 41 22 33 29 49 16 28 9 15 52 10 36 8 12 32 50 31 34 38 48 24 37 51 17 18 5 23 6
16 26 28 25 13 12 35 42 33 49 34 24 40 19 32 2 15 54 23 14 22 4 7 8 6 20 1 37 41 0 39 48 53 44 21 51 11 30 43 50 29 46 18 52 45 27 3 17 31 10 9 36 38 5 47
