49 54 8 6 2 1 10 51 17 25 18 11 31 53 12 21 19 38 55 20 42 29 4 40 45 44 15 22 41 50 7 33 47 28 3 37 16 39 26 23 24 34 43 36 9 27 52 35 30 13 46 48 5 32 14
5 23 3 17 42 12 27 32 35 16 0 20 37 13 4 41 52 55 53 30 31 9 40 50 43 25 45 21 6 34 10 49 51 11 24 36 44 46 26 29 8 19 39 38 2 7 48 33 14 15 28 54 22 18 47
16 40 11 32 26 18 0 44 29 24 17 33 6 37 19 4 27 48 54 15 46 34 13 41 42 7 55 12 14 9 51 10 28 21 52 31 38 43 50 22 30 5 23 1 35 8 39 36 53 47 45 25 49 3 20
31 1 25 33 50 12 5 47 39 10 16 8 49 24 43 14 4 34 27 46 17 53 30 44 19 9 15 20 21 55 26 54 7 0 52 40 18 13 42 22 35 45 28 41 51 48 36 38 11 23 6 32 2 37 29
13 41 40 33 12 53 1 55 20 24 52 28 38 35 2 5 3 21 45 0 49 31 6 47 30 54 48 34 9 19 51 39 23 17 11 37 14 7 8 43 16 27 44 26 18 10 15 46 29 32 50 36 22 25 42
38 1 27 25 51 13 50 3 16 20 30 52 24 22 8 39 33 23 4 42 34 53 44 55 36 17 26 11 7 32 28 10 49 43 37 31 18 9 41 40 2 29 54 21 47 14 45 19 48 46 35 0 6 15 12
43 47 21 50 18 0 53 12 30 16 24 2 14 33 51 46 49 9 40 37 55 34 1 41 4 52 26 45 25 10 11 20 19 17 44 23 48 7 13 8 15 39 35 28 32 27 42 38 54 31 29 3 22 5 36
32 14 37 29 44 11 48 34 23 21 46 33 16 18 24 47 15 49 27 2 43 13 10 9 12 45 41 0 5 28 3 52 50 20 19 8 4 31 30 6 40 42 39 1 53 51 36 38 25 22 55 17 26 35 54
31 0 28 25 38 36 22 9 45 37 17 5 43 3 32 14 27 21 11 12 20 42 15 24 10 34 39 26 40 46 13 49 44 30 23 29 51 19 33 7 55 47 1 4 16 18 52 6 35 2 53 48 50 54 41
48 37 27 31 23 8 26 25 43 39 53 40 52 1 6 34 46 3 15 18 20 7 35 2 50 11 24 28 13 4 51 32 41 14 49 19 44 30 5 16 0 17 47 29 45 42 33 55 38 10 12 54 21 36 22
53 19 0 39 36 3 21 13 34 37 22 20 52 17 40 7 41 1 8 47 54 46 16 27 24 6 44 5 2 14 11 48 31 51 55 23 12 45 29 15 4 35 49 25 26 28 43 18 38 42 9 30 33 50 32
40 44 12 22 2 45 37 41 34 7 14 33 30 20 0 53 46 49 32 55 27 13 19 8 48 42 47 28 39 36 9 43 31 5 18 1 6 51 10 4 25 26 15 38 17 21 52 35 50 3 23 24 29 16 54
11 1 36 47 35 3 6 4 52 0 41 31 53 29 54 46 14 25 45 8 50 37 2 42 38 7 27 44 17 16 30 55 23 28 34 15 26 10 20 39 19 24 13 49 22 21 18 43 32 51 9 33 40 48 5
4 31 38 5 22 53 17 1 28 39 30 29 10 35 37 27 11 2 7 32 49 21 26 43 25 23 16 47 9 8 48 20 19 50 3 40 34 24 55 14 18 6 12 51 44 15 52 36 54 33 45 46 0 41 42
7 46 15 52 48 11 55 43 22 6 21 23 45 42 3 27 12 8 17 25 31 2 16 51 40 39 44 47 10 19 35 9 53 32 37 4 28 20 29 18 49 30 38 13 33 26 24 36 1 5 54 50 34 41 0
20 25 14 47 19 50 49 52 38 30 42 29 2 37 7 43 48 22 36 8 34 32 24 9 3 0 35 39 51 31 17 12 11 28 45 27 10 33 41 6 26 4 23 55 21 13 18 1 53 54 44 16 40 46 5
2 48 44 1 35 50 51 5 6 18 25 32 3 7 36 20 53 24 41 38 45 19 40 14 13 43 10 12 30 28 39 46 31 0 37 22 29 54 23 47 8 4 9 26 52 21 27 33 42 49 17 15 34 11 55
21 46 1 20 26 48 53 41 2 0 13 8 50 19 32 18 44 3 45 27 10 14 38 5 22 55 37 52 40 12 35 39 33 54 6 4 28 15 51 29 47 23 25 11 9 30 43 34 49 31 36 7 16 24 42
36 52 2 6 55 23 28 22 41 16 29 39 0 42 26 17 7 54 20 33 30 27 34 9 44 46 53 11 31 50 51 35 3 5 47 19 14 43 8 13 4 24 40 25 21 38 32 48 12 45 15 10 49 37 1
29 10 15 38 45 46 43 32 17 2 48 54 0 33 44 11 3 24 51 31 34 16 36 55 4 49 41 37 53 14 6 27 9 42 13 23 8 7 22 18 1 47 26 12 52 35 30 28 25 5 21 40 39 50 20
24 15 17 50 44 43 1 37 41 5 54 11 25 4 31 16 42 10 0 18 32 34 23 48 45 8 22 27 9 40 3 55 51 6 33 38 39 46 36 13 47 7 14 12 26 29 21 49 53 28 30 35 52 19 2
17 53 6 40 25 37 44 7 43 10 31 14 0 35 4 45 8 47 1 52 13 27 23 30 42 50 3 41 28 24 29 51 26 2 36 39 38 34 48 33 22 11 20 16 55 5 54 49 18 15 12 46 32 19 9
38 26 11 55 8 13 18 5 14 40 32 35 50 30 10 46 42 15 45 20 17 0 39 24 29 44 27 53 41 33 51 16 3 2 19 47 34 48 21 31 12 54 52 36 49 28 7 23 4 43 25 1 9 37 6
1 38 43 18 9 26 35 39 29 33 7 14 32 5 42 30 49 20 54 31 51 28 21 13 27 48 52 4 41 12 8 40 53 25 6 44 19 10 16 47 37 0 2 45 17 24 55 15 34 46 50 22 3 11 36
45 20 33 2 6 5 25 50 4 28 27 3 7 54 30 16 34 19 15 29 31 8 32 44 22 9 10 47 1 38 21 41 36 39 13 46 0 12 53 55 23 26 18 14 49 51 52 40 11 43 17 48 37 35 42
15 46 5 3 21 8 0 9 16 24 20 44 36 37 49 54 26 30 27 55 12 51 38 52 1 14 45 40 50 13 6 53 35 31 41 23 11 34 48 47 28 29 17 18 32 19 10 39 7 43 22 2 42 4 33
33 22 2 17 38 23 9 47 53 18 25 35 37 42 43 36 13 29 5 41 46 6 3 52 8 27 39 50 21 44 11 32 12 1 0 16 19 4 49 20 28 45 15 14 24 55 30 48 54 40 34 10 31 7 51
44 5 9 1 49 40 43 52 35 34 13 24 14 25 2 31 11 8 3 33 17 36 18 7 47 20 37 54 21 46 12 23 10 38 22 26 19 55 53 28 15 4 30 41 39 16 51 45 6 0 42 48 50 32 29
30 45 8 33 18 13 35 4 24 55 53 39 36 37 54 23 43 11 40 46 49 7 9 50 5 47 16 21 0 2 52 48 32 41 17 12 42 31 15 14 27 44 25 3 26 20 6 19 34 22 10 51 38 1 29
19 42 39 7 2 44 23 18 31 41 13 40 50 47 12 15 0 36 48 49 24 26 53 22 30 21 43 45 33 8 16 17 14 1 35 10 5 32 25 34 20 9 46 37 4 52 51 55 28 6 11 38 27 3 54
28 52 37 39 6 5 11 13 54 53 35 1 15 25 22 41 24 23 18 3 32 21 4 16 31 51 29 44 12 40 8 43 55 9 33 2 14 47 27 7 46 19 38 48 50 26 20 17 42 45 36 10 0 49 34
32 3 13 8 9 40 29 48 21 0 20 51 45 12 47 43 44 1 27 42 34 38 4 23 39 19 24 14 36 53 11 18 54 30 37 55 10 16 25 46 15 5 52 2 28 7 33 22 50 49 17 26 6 35 41
7 31 2 1 33 16 22 19 35 11 17 23 42 43 8 36 48 37 52 20 15 13 41 30 40 49 24 5 9 39 46 28 45 44 14 26 54 51 47 29 25 38 55 6 18 21 4 12 53 50 34 27 10 3 0
26 47 36 46 3 28 45 32 24 23 11 2 4 7 6 5 19 34 27 18 54 49 42 0 40 55 17 44 50 20 38 22 29 48 41 53 30 37 35 8 52 51 15 31 21 14 1 9 16 13 39 10 43 12 25
44 40 52 11 7 38 49 35 45 47 27 54 51 10 33 3 2 9 31 5 20 42 24 18 15 6 19 1 8 4 39 46 12 25 55 21 41 13 22 0 29 37 23 28 48 50 53 26 17 43 36 32 30 14 16
54 12 1 23 16 34 41 36 28 22 27 32 13 30 52 4 53 37 49 26 21 45 39 50 47 46 44 38 9 15 17 25 14 18 33 48 42 29 3 40 55 19 2 8 10 6 11 43 20 51 0 31 5 7 24
18 12 33 44 8 52 10 54 47 35 25 41 16 51 32 28 29 27 49 15 48 5 26 55 19 31 11 43 1 46 21 20 53 24 0 37 50 14 22 3 7 42 13 2 40 4 30 39 17 34 38 9 23 45 6
9 7 11 49 50 21 30 44 20 1 8 2 45 25 13 10 35 41 15 32 26 6 51 27 28 55 12 17 47 42 31 19 46 0 5 54 48 16 33 4 14 38 52 43 23 53 36 39 34 29 40 18 22 24 3
22 5 13 23 8 55 26 52 19 42 34 15 4 39 47 0 49 25 31 17 16 35 44 12 27 51 53 24 45 48 20 33 2 21 37 41 14 1 11 54 30 40 32 18 7 10 6 3 28 9 46 36 29 43 50
29 55 30 10 23 3 18 13 46 9 5 42 38 28 49 44 35 45 48 31 40 22 11 15 54 53 8 17 14 34 50 32 16 4 51 20 26 41 0 43 24 21 47 1 12 27 7 6 52 37 2 25 36 33 19
11 2 42 34 45 21 53 4 27 31 49 54 22 29 46 50 9 44 52 1 47 6 10 0 20 32 25 16 39 48 28 17 14 33 8 30 23 3 43 5 13 35 7 41 38 18 37 26 36 24 19 15 55 12 51
4 55 11 17 20 18 35 51 29 46 1 49 12 47 36 48 50 30 37 53 2 16 10 32 6 0 7 26 43 54 21 9 19 22 45 24 28 25 23 42 39 33 5 44 38 34 27 15 40 3 52 14 8 13 31
29 43 1 40 38 45 55 18 39 32 20 14 48 23 15 31 0 5 22 2 34 26 8 11 12 33 21 46 49 37 52 47 41 19 28 3 51 35 7 9 30 16 36 50 27 6 53 10 44 25 13 24 17 54 4
6 42 23 20 50 54 27 21 14 46 9 45 19 8 55 32 31 3 15 1 53 7 26 28 41 13 11 16 44 36 5 29 51 48 30 39 2 40 47 18 4 49 37 0 52 35 12 17 10 34 25 22 33 24 38
27 11 34 20 16 37 2 7 36 29 21 54 25 40 31 49 17 19 39 3 5 0 35 38 18 24 12 22 43 10 33 14 55 30 50 8 1 32 9 26 6 47 23 41 52 46 28 4 53 48 13 45 51 15 42
24 28 11 40 33 34 42 8 19 43 53 37 54 14 31 47 55 17 4 21 12 35 22 20 1 39 0 25 16 7 6 48 38 41 29 32 51 50 15 10 52 49 3 23 26 9 18 27 30 2 5 13 44 46 36
54 17 25 14 33 7 19 43 39 41 11 40 47 6 12 22 2 3 9 49 35 52 27 48 10 28 42 26 18 51 8 34 55 37 36 32 16 31 20 1 44 24 30 29 4 53 21 50 23 13 5 38 0 15 45
52 6 33 53 12 15 3 50 26 34 36 46 41 51 29 45 31 48 38 7 40 21 35 27 37 11 10 4 13 24 42 28 0 14 54 44 20 18 55 16 39 43 8 23 22 30 32 19 25 17 9 5 49 2 1
16 9 17 14 7 31 19 54 47 41 42 2 55 32 29 15 20 11 36 39 51 40 46 4 53 45 23 52 38 10 28 43 13 33 49 37 6 35 21 25 22 30 50 44 1 26 3 18 34 8 27 5 0 12 24
0 50 37 55 52 27 54 34 40 15 11 41 25 3 39 44 35 6 38 7 29 23 36 4 46 13 33 1 32 28 42 19 5 8 9 48 53 51 14 43 45 26 12 10 20 21 24 31 22 47 17 16 18 30 2
6 49 20 37 43 3 5 15 16 47 24 17 22 29 40 41 1 12 35 25 9 21 0 28 39 33 44 18 7 52 55 26 45 13 2 53 51 48 30 31 36 11 34 46 42 4 23 14 8 32 10 27 19 54 38
55 5 16 0 54 41 31 47 34 36 6 25 37 53 23 19 48 14 46 9 30 38 1 20 2 11 4 21 39 43 15 52 10 22 45 18 17 8 49 33 42 32 50 7 13 3 27 28 24 12 35 29 44 26 40
47 18 30 34 49 14 38 36 27 5 12 1 15 35 4 9 53 40 32 25 10 55 21 46 17 6 26 42 48 7 23 50 28 54 51 2 31 3 44 33 37 45 19 8 16 43 39 11 22 13 29 41 20 0 24
10 21 47 40 6 17 13 45 30 11 4 26 0 9 1 55 12 28 35 52 16 41 5 3 43 51 29 31 39 48 18 38 19 25 22 14 23 33 49 36 27 50 54 37 24 44 20 7 8 46 34 2 15 32 42
35 46 0 43 55 49 44 20 36 40 51 30 45 34 48 19 25 12 24 18 2 33 23 28 27 10 4 41 39 3 31 17 52 47 37 16 32 53 38 5 22 21 26 14 13 15 6 1 9 8 50 11 7 42 29
51 41 22 39 49 18 38 54 14 42 4 1 11 53 28 43 45 25 48 0 52 6 5 2 37 17 36 3 20 19 33 31 44 46 50 27 12 30 10 47 34 8 35 13 24 23 21 26 32 15 29 7 9 40 16
