17 27 29 52 13 21 44 34 20 2 28 24 49 33 35 15 8 23 26 47 43 6 25 53 7 3 18 41 5 31 10 36 42 32 45 54 19 12 55 50 4 37 9 30 11 48 39 51 14 46 1 16 40 38 22
43 26 5 48 15 51 40 55 29 36 14 25 3 39 8 33 6 31 20 24 49 23 47 50 32 4 12 52 30 46 22 16 17 2 13 45 34 53 10 9 44 21 41 42 11 54 38 35 7 27 37 19 28 0 18
53 18 44 3 50 38 40 45 0 17 51 12 32 54 24 10 21 35 47 11 13 43 6 30 7 42 23 27 46 36 29 1 14 19 37 33 49 20 28 31 26 5 34 9 16 48 15 25 8 39 4 55 41 52 22
28 25 15 37 29 39 18 2 42 35 21 13 24 12 41 32 27 46 55 1 14 22 0 50 8 4 43 44 17 6 52 36 5 47 19 40 38 11 51 30 10 23 49 48 20 31 9 53 54 34 7 45 16 33 26
12 14 24 13 31 30 26 5 7 46 53 40 48 47 52 54 10 9 21 6 33 35 23 29 41 15 16 43 22 25 36 1 3 38 50 27 19 8 0 18 44 34 17 45 32 28 37 20 2 39 51 11 49 42 55
50 1 4 54 15 18 30 49 33 24 51 52 29 55 17 45 34 41 8 35 47 48 13 11 39 20 0 9 46 22 42 7 3 44 37 19 6 40 14 12 2 36 28 16 31 26 38 43 32 10 21 27 25 23 53
9 10 29 44 49 53 45 50 25 43 12 11 35 22 51 52 16 4 31 1 13 0 20 33 2 28 54 21 18 23 34 15 3 40 39 5 30 26 7 41 32 8 14 19 48 55 24 47 46 36 42 17 37 38 27
38 29 4 17 52 36 37 23 43 42 45 41 44 39 54 24 49 0 55 2 10 25 15 18 46 20 5 35 22 19 30 26 28 32 12 51 6 31 11 34 9 13 1 14 27 48 33 53 16 8 40 3 21 50 47
10 17 18 53 21 45 40 50 19 39 52 22 29 49 0 38 44 1 24 31 48 5 47 33 41 3 15 27 23 28 35 4 55 30 11 12 25 6 34 36 42 9 46 20 13 16 32 7 2 51 43 26 37 54 14
21 6 46 53 24 29 27 36 15 4 42 55 51 23 41 19 49 12 25 50 20 30 43 48 22 45 52 5 17 38 39 44 16 28 26 14 37 1 18 35 32 0 40 2 11 7 54 3 8 47 13 34 33 31 10
43 6 30 8 45 27 28 18 48 21 47 24 4 23 16 19 38 29 44 41 12 2 53 15 51 32 20 7 40 52 31 0 25 35 22 54 46 36 55 1 3 17 26 49 50 39 34 33 5 11 13 14 9 42 37
12 34 47 29 13 30 52 28 17 16 51 6 14 33 21 44 25 36 2 32 5 26 39 31 35 22 54 8 27 40 18 3 20 7 49 9 46 1 45 15 19 43 50 0 48 41 55 42 10 38 23 4 37 53 24
4 11 14 36 40 20 30 39 26 3 2 6 33 47 29 42 18 23 51 9 10 41 37 44 13 28 31 16 55 1 49 22 45 46 0 48 43 7 8 5 15 35 50 53 54 27 17 19 32 25 34 21 24 52 38
52 4 53 28 17 34 18 25 0 11 3 30 40 38 22 48 49 24 33 47 42 6 2 55 44 12 5 31 20 14 50 32 54 29 35 1 41 51 27 26 46 36 39 7 45 15 8 9 16 19 23 10 37 21 43
49 19 4 37 51 12 25 18 31 32 53 40 41 43 50 11 47 30 1 15 52 3 45 34 26 17 33 13 22 55 35 20 16 36 2 9 24 39 5 54 42 6 21 28 23 7 48 44 38 0 27 10 29 46 8
38 18 54 3 52 50 40 49 51 16 5 31 1 9 0 14 34 46 21 33 10 48 4 53 22 19 43 8 47 29 7 23 6 32 36 37 20 17 25 35 27 12 41 24 44 11 28 45 39 13 30 2 42 26 55
27 21 40 35 25 39 24 45 15 34 11 43 50 10 31 44 41 55 6 49 48 4 12 52 47 20 30 23 9 1 53 14 46 22 32 29 18 26 19 36 37 33 5 2 51 28 38 17 8 42 7 13 0 3 54
0 48 13 8 40 18 25 7 2 49 33 42 11 23 54 37 5 22 31 14 35 20 30 26 53 29 27 44 9 34 32 3 41 50 38 1 47 36 46 15 39 4 10 51 52 21 55 16 43 12 6 45 24 28 19
40 15 20 54 3 2 30 13 34 39 55 8 19 17 14 10 5 52 47 24 33 12 46 31 36 25 0 6 29 41 7 42 35 27 44 37 28 49 16 11 50 4 43 9 21 51 22 32 26 45 48 38 1 53 23
14 42 47 28 48 18 20 40 8 53 49 22 10 54 33 9 29 36 50 25 35 21 32 39 31 15 44 34 27 52 7 26 0 3 4 2 5 55 16 24 6 46 11 30 37 1 12 51 38 43 13 41 23 45 17
25 18 21 49 22 47 19 12 0 34 54 37 45 36 39 29 35 1 44 6 38 9 31 10 13 17 5 28 48 16 7 53 32 24 14 43 27 33 2 15 51 41 11 50 3 8 40 4 52 30 46 55 23 42 26
9 31 16 24 20 23 0 3 8 35 10 54 52 11 4 39 15 47 2 37 51 19 46 40 41 50 6 49 45 33 48 26 27 30 38 32 36 18 1 44 14 53 34 17 55 43 29 7 22 12 5 42 13 28 25
30 31 46 45 47 20 13 51 39 19 49 8 37 6 42 29 17 9 24 15 4 3 33 36 32 5 12 14 43 7 1 10 26 50 11 41 16 52 34 48 38 35 23 54 44 55 53 28 18 40 25 21 27 2 0
32 25 47 37 21 54 49 55 26 27 17 7 28 10 0 46 9 12 33 41 4 30 53 1 42 6 15 2 45 8 16 51 48 50 36 40 39 3 22 34 14 52 24 29 35 44 43 13 11 19 20 31 5 18 38
53 4 32 21 27 16 35 46 3 34 9 0 13 5 10 18 41 49 2 33 8 7 1 44 22 39 51 28 25 48 38 20 37 31 50 26 14 40 54 43 19 36 15 45 47 6 23 29 42 30 17 55 12 11 52
30 3 23 20 39 16 13 14 17 54 37 6 1 11 19 9 40 0 42 18 4 52 7 28 24 10 33 27 55 36 32 53 47 34 44 8 46 15 41 38 26 51 48 29 22 45 2 12 5 31 49 43 50 21 35
45 49 39 54 1 4 32 38 40 23 12 36 31 0 43 27 37 14 34 17 11 29 22 35 19 7 42 9 21 6 33 53 24 16 13 50 2 10 41 28 18 25 51 5 44 55 52 15 8 30 46 48 3 20 47
0 30 54 16 24 10 50 36 28 23 34 44 9 3 53 31 42 48 47 35 26 41 32 40 51 46 38 45 17 19 8 33 52 25 2 18 4 20 13 21 11 15 49 29 37 1 39 7 12 14 5 22 43 6 55
3 49 13 19 37 10 51 0 27 11 34 23 32 33 38 48 42 12 6 20 25 24 52 40 39 35 9 8 18 7 41 30 2 55 54 5 46 44 4 22 14 50 15 26 36 31 16 29 47 43 1 17 45 21 53
50 7 0 3 6 43 11 42 34 53 32 9 12 1 8 5 36 45 10 22 40 39 19 20 33 4 55 15 41 17 18 30 26 13 46 51 49 2 48 16 31 35 54 27 44 47 28 38 23 24 25 21 37 52 14
25 22 27 4 10 18 49 48 13 12 11 5 14 31 23 9 32 33 2 52 17 1 29 54 40 53 16 44 36 47 35 7 6 46 21 43 8 51 28 3 41 37 38 42 19 0 50 39 45 55 15 20 24 26 34
21 4 22 35 39 33 52 49 15 14 47 16 27 46 54 26 6 18 30 8 1 40 17 37 19 50 20 13 12 42 0 10 36 32 43 11 48 24 51 38 29 7 2 44 53 34 3 28 5 41 45 25 9 23 55
23 35 53 24 46 37 45 26 52 29 14 43 3 2 38 28 51 42 36 27 11 19 10 30 49 1 22 31 13 17 0 15 20 25 7 47 16 21 40 50 6 9 39 4 34 54 55 18 48 8 5 12 33 41 44
34 35 55 51 31 36 17 5 37 12 0 18 13 38 11 19 28 24 53 4 23 1 15 29 6 8 30 22 14 50 54 45 27 25 49 21 44 46 48 2 52 26 20 41 16 43 7 40 47 10 32 9 39 3 42
33 11 13 54 18 52 0 29 48 16 20 24 46 27 28 15 36 5 39 44 41 14 26 40 19 6 17 55 45 51 35 1 25 49 22 47 43 4 8 2 7 32 23 31 21 37 10 50 3 9 12 53 42 30 38
33 32 31 16 40 3 24 45 51 49 21 50 54 0 6 46 27 4 2 20 53 38 19 5 42 43 17 39 18 7 41 14 10 13 26 47 28 30 48 11 8 34 55 44 22 9 29 15 1 12 36 37 23 52 25
33 12 42 41 40 27 7 39 1 9 20 48 29 26 34 44 32 11 55 19 49 46 18 37 4 22 31 0 53 30 25 3 2 10 15 14 17 38 23 16 21 13 24 8 5 43 35 28 54 47 6 52 51 50 45
14 44 3 49 32 23 40 28 45 7 25 20 33 17 22 46 21 42 26 12 31 36 48 51 50 18 24 52 54 5 2 15 55 9 53 0 16 30 27 19 34 1 4 47 35 6 8 41 29 43 38 11 13 39 10
7 15 47 26 44 2 13 51 48 10 33 32 8 28 39 35 20 27 49 46 9 24 41 17 4 43 3 36 52 21 31 22 54 30 1 25 16 40 29 55 14 5 19 45 18 53 42 11 50 37 6 23 0 12 34
53 26 31 25 16 3 18 49 54 12 36 8 22 48 45 38 1 20 40 29 47 21 34 7 19 46 41 5 55 24 35 9 11 28 6 52 14 23 17 32 43 13 50 51 44 15 10 27 30 0 2 33 42 4 37
41 18 16 35 37 12 15 4 17 36 2 13 19 26 8 1 52 14 43 29 39 31 25 54 27 21 34 42 10 55 30 44 28 49 6 47 3 5 50 23 11 32 24 9 45 48 38 20 33 22 7 0 46 51 53
40 52 36 3 43 14 24 16 45 9 10 7 23 27 12 54 47 34 5 53 4 49 21 39 8 0 29 42 18 44 55 35 46 17 38 13 22 28 6 33 30 20 1 51 15 26 25 48 11 31 37 19 50 2 32
44 19 3 36 29 17 50 53 7 47 43 9 13 22 12 32 27 37 28 25 35 23 40 49 31 2 41 5 18 0 26 48 14 1 54 51 30 46 8 55 52 16 24 15 6 11 38 39 45 21 20 34 33 4 10
1 10 29 32 6 41 16 7 44 14 42 53 40 26 0 2 9 4 35 15 48 3 47 22 55 31 54 49 38 46 12 20 45 30 52 18 24 34 39 36 50 11 33 21 17 5 28 19 23 8 37 13 27 25 51
42 37 2 50 6 38 0 54 27 43 16 51 46 8 11 36 10 52 7 34 20 12 24 13 19 17 9 45 41 40 3 30 18 5 33 49 35 48 25 4 1 31 22 28 21 15 29 53 47 39 14 23 26 32 55
26 22 10 32 16 35 48 6 55 37 2 8 20 39 29 41 5 7 14 54 9 27 23 33 44 12 0 34 21 1 43 4 50 40 24 11 46 15 47 13 49 30 18 25 38 17 31 3 42 19 52 28 53 51 36
9 22 32 48 50 51 24 4 34 3 55 35 44 37 23 31 53 15 18 36 39 21 27 38 5 1 7 41 12 29 2 10 33 16 17 43 54 30 13 25 19 28 11 42 45 47 49 8 6 52 0 20 26 40 14
19 23 38 11 22 20 48 4 50 10 18 12 42 31 14 13 39 27 21 0 54 2 41 5 8 1 15 16 43 53 35 30 40 3 17 25 32 34 52 44 24 29 46 45 6 37 36 28 33 9 55 51 26 49 7
17 19 46 47 30 1 45 4 54 34 10 13 39 38 36 53 27 28 16 8 49 15 9 5 43 20 37 24 51 23 31 35 21 33 12 29 50 44 55 22 42 6 52 41 3 32 40 14 11 7 0 2 25 18 26
14 26 54 28 37 20 31 39 6 30 15 23 35 17 50 5 13 0 19 22 8 24 9 16 36 55 7 1 48 41 32 38 42 12 21 52 51 29 40 33 43 44 18 34 2 27 11 3 10 46 45 53 25 4 47
5 29 46 44 15 2 27 35 49 6 42 47 8 16 14 54 19 9 31 1 53 3 21 33 13 37 22 17 4 0 23 40 48 24 55 18 32 26 45 20 28 39 43 11 12 10 51 30 34 38 41 52 7 25 36
14 33 46 15 35 28 2 1 38 11 22 5 44 6 9 32 12 55 21 10 27 24 54 37 48 49 52 23 29 34 31 13 7 53 30 3 20 41 18 42 39 17 50 16 26 25 0 19 8 47 4 36 40 45 43
13 15 31 0 41 32 34 7 18 11 4 40 8 21 5 14 6 54 44 9 30 25 16 1 10 49 27 28 3 19 51 37 39 22 33 38 43 53 47 23 48 42 17 35 46 26 20 36 29 50 45 55 12 2 24
39 24 2 13 32 9 4 6 8 29 14 42 19 43 27 33 46 48 10 35 41 0 23 15 50 17 36 30 47 55 16 20 1 25 26 51 37 54 52 31 22 44 21 12 3 7 38 18 49 34 11 45 28 5 40
15 26 49 27 18 34 39 23 44 5 48 25 20 35 4 17 21 50 19 2 31 52 47 7 41 40 45 6 51 33 30 13 10 0 43 55 37 11 46 24 14 38 28 53 22 29 42 32 1 9 12 3 36 8 16
33 18 45 23 1 3 46 9 5 16 36 49 51 13 7 39 12 29 40 34 41 14 43 53 25 54 0 35 10 19 8 50 37 48 28 6 22 32 42 21 17 38 30 47 26 11 15 24 2 20 52 31 27 4 44
