55 1 22 16 12 11 49 19 3 54 50 41 8 2 38 57 63 20 17 33 21 10 53 59 42 25 39 47 58 4 7 15 40 37 60 45 44 29 51 18 6 28 31 26 62 23 24 56 34 43 36 61 9 27 52 35 30 13 46 48 5 32 14
55 0 5 45 28 44 12 24 36 47 51 22 33 56 61 9 8 26 3 60 54 43 58 23 27 34 63 41 62 35 17 52 57 13 19 37 4 2 49 32 42 15 29 59 16 38 18 21 11 31 50 53 40 25 6 7 46 14 10 48 39 30 20
17 28 44 10 18 38 24 8 30 50 15 35 48 54 40 0 60 16 3 5 53 63 41 46 25 26 55 45 39 51 57 52 13 1 32 56 22 61 43 12 21 49 27 34 58 6 14 7 19 23 20 37 31 29 47 59 9 42 33 4 11 36 62
39 55 15 10 40 26 44 31 57 0 25 22 62 9 60 46 19 1 2 28 32 50 7 30 38 61 16 36 29 6 20 33 23 47 58 48 51 18 41 34 35 43 11 54 53 21 4 45 37 42 17 27 24 12 56 59 63 14 49 52 8 13 5
49 50 20 7 8 19 45 57 6 61 51 36 38 16 43 29 44 48 31 56 23 26 46 9 41 42 25 40 60 52 0 55 17 28 62 54 15 35 1 22 21 13 34 27 59 5 58 11 12 47 3 39 14 32 18 63 37 53 24 2 33 30 10
12 19 33 1 61 59 55 27 10 28 42 56 25 35 39 30 29 34 2 9 26 21 18 52 20 13 49 46 15 43 58 60 53 32 11 54 62 57 4 16 22 17 24 14 48 44 37 7 41 36 51 47 63 8 40 6 38 0 31 45 3 23 50
24 11 4 61 28 23 20 48 21 33 18 49 14 37 45 46 56 16 9 47 52 29 15 60 59 3 7 27 43 13 10 34 57 12 50 0 32 44 41 19 2 8 63 31 30 40 42 39 53 51 1 36 38 25 22 55 17 5 26 35 54 62 58
63 4 28 15 34 56 16 22 51 25 31 18 30 23 3 27 62 48 50 0 20 6 37 11 33 57 55 12 19 13 35 61 52 21 40 8 29 60 36 42 10 24 46 38 53 2 9 43 26 54 44 5 39 1 47 41 49 58 45 59 32 17 14
9 17 4 32 43 41 35 58 2 34 14 22 33 0 51 31 13 54 1 10 25 61 48 63 21 23 49 44 28 38 26 46 12 47 19 16 30 40 7 50 39 6 56 42 62 29 11 27 24 15 52 53 55 45 37 20 5 57 60 59 36 18 3
8 51 24 27 63 10 47 44 29 28 42 3 32 57 39 56 1 26 60 30 25 4 19 49 61 21 43 31 6 5 58 48 13 36 37 14 17 45 53 50 20 62 54 35 59 18 55 7 34 38 22 0 52 16 11 15 40 41 23 2 46 33 12
9 45 2 3 57 21 36 13 48 53 62 61 5 37 8 22 35 0 51 41 11 34 54 60 38 17 32 59 49 6 23 44 15 30 42 52 24 43 19 33 7 27 46 26 31 63 20 56 29 16 28 25 50 39 58 40 1 47 55 18 4 14 12
18 60 23 53 16 6 47 59 44 0 14 57 50 54 24 45 19 46 61 63 10 17 20 22 32 27 7 29 26 35 40 13 5 28 25 34 36 55 58 56 4 1 37 3 31 21 52 15 62 8 48 41 12 49 33 9 51 30 42 43 38 39 2
5 61 51 59 0 1 14 35 52 33 26 29 44 27 31 40 63 18 58 62 46 39 32 47 19 38 57 56 34 22 7 8 6 30 2 55 15 16 54 36 17 60 25 4 53 20 13 50 23 48 3 11 45 41 37 43 21 28 42 24 49 9 10
59 57 36 47 10 35 27 25 53 54 8 29 44 14 46 61 48 38 34 51 62 60 15 16 5 9 24 52 40 55 6 1 28 56 2 41 7 11 4 20 26 45 39 63 22 42 18 12 37 32 43 49 58 30 31 0 21 33 50 17 23 3 19
26 59 60 23 46 53 44 12 49 11 8 58 37 42 15 50 6 13 25 43 31 55 24 38 62 32 57 9 33 45 51 27 18 56 40 20 21 34 61 2 52 28 30 5 19 63 4 35 48 39 54 3 16 36 41 1 29 0 47 22 17 10 7
35 63 57 24 3 45 59 47 7 27 20 28 23 2 36 44 21 14 17 16 22 25 6 13 54 46 61 38 0 5 4 30 10 62 48 1 49 29 40 41 53 12 52 37 56 11 60 18 34 19 58 32 26 42 55 39 8 9 43 31 50 51 33
11 28 51 63 0 40 20 38 55 36 29 7 61 4 41 17 42 2 15 25 59 6 60 24 45 13 3 32 62 52 19 57 21 37 26 49 50 54 8 31 27 34 56 1 12 30 35 5 18 44 47 39 46 10 48 9 53 14 23 22 33 43 58
32 2 59 8 30 18 43 57 34 23 50 16 36 0 42 26 49 15 33 51 19 11 35 10 1 47 58 4 27 48 31 9 22 29 37 46 63 20 41 53 45 44 40 12 54 39 5 28 21 25 61 60 3 55 52 38 24 62 6 13 56 7 14
32 11 47 54 45 23 52 17 2 33 61 56 39 36 40 29 6 44 51 21 24 7 49 12 20 5 58 53 14 0 59 38 34 55 26 57 35 27 3 1 9 41 63 28 16 42 13 25 50 15 60 46 30 43 22 4 37 19 8 31 62 10 48
57 5 4 36 35 0 25 42 34 24 20 46 11 3 51 49 22 40 9 38 26 12 31 17 33 16 23 44 21 52 63 7 1 60 43 8 30 10 45 47 54 58 6 29 59 27 2 39 14 15 37 62 28 53 18 56 61 50 48 55 41 13 32
4 34 45 51 38 16 24 26 15 58 56 6 19 61 0 55 44 31 18 40 41 5 11 7 3 46 37 53 30 50 52 62 54 9 27 35 17 13 49 14 48 28 23 29 57 10 25 12 32 59 63 2 39 21 43 22 8 60 42 36 33 47 1
29 30 33 23 31 55 10 61 53 45 51 50 40 6 15 18 39 58 52 0 46 9 8 5 24 16 19 43 49 37 34 25 48 22 4 7 2 28 14 62 26 1 59 11 56 36 3 54 32 17 42 35 41 27 60 57 63 20 13 12 47 38 44
0 60 54 55 43 63 32 3 7 8 1 27 51 40 50 38 10 33 19 15 56 34 47 42 53 26 62 37 59 41 58 11 23 17 12 45 28 21 4 2 48 44 13 36 31 57 46 49 5 61 9 35 25 18 52 6 39 20 30 24 16 14 29
49 11 14 53 43 18 58 29 21 55 6 15 17 45 26 35 4 7 31 1 32 63 28 8 36 27 22 56 19 10 52 3 40 60 44 37 47 59 34 51 0 30 50 20 62 12 33 24 2 54 39 57 38 48 16 9 61 25 13 41 5 46 42
44 6 9 15 37 43 39 20 1 2 57 34 19 11 26 49 47 18 31 14 40 28 16 21 13 53 63 55 62 27 41 29 10 36 25 52 61 59 45 42 30 7 60 35 48 33 0 5 56 58 46 3 23 8 17 54 22 32 4 38 12 50 51
46 45 50 58 40 19 29 42 3 27 13 36 51 7 26 8 5 33 63 14 16 9 15 41 4 0 30 2 44 53 62 34 28 60 21 55 48 38 11 24 56 39 31 49 54 12 59 52 20 18 17 57 37 1 10 22 35 6 43 61 32 47 23
14 58 3 48 20 29 54 40 33 12 24 36 23 9 25 1 4 17 44 19 22 5 60 57 30 2 37 47 11 8 16 28 45 35 62 18 27 13 53 39 21 52 0 56 42 46 34 10 63 43 32 51 7 61 15 38 50 41 59 31 6 49 55
54 9 48 40 52 39 47 15 33 5 13 56 28 25 22 12 51 58 60 44 49 7 1 53 59 35 23 41 45 17 6 37 11 32 24 50 34 14 16 20 61 18 26 4 2 38 10 46 55 19 3 8 42 43 21 0 31 30 29 36 63 57 62
2 16 7 1 52 9 6 15 27 38 35 46 5 49 3 24 23 62 53 57 39 36 8 50 4 44 45 47 13 25 58 26 22 55 29 32 42 51 31 0 11 33 30 21 54 40 20 18 14 17 56 10 43 61 48 60 19 59 63 37 12 41 34
21 23 47 58 9 16 26 35 49 25 62 12 44 18 61 4 40 30 52 31 48 13 5 41 57 6 34 3 60 46 32 11 0 51 28 24 33 17 50 1 7 15 38 42 19 56 63 45 20 54 37 8 10 36 53 2 55 27 43 59 14 39 22
41 38 49 21 60 17 31 33 2 50 29 9 7 63 5 3 47 48 34 25 57 42 26 51 35 40 20 15 46 32 10 44 12 19 43 59 8 56 28 52 45 24 55 16 23 6 14 54 18 53 58 39 13 37 11 27 62 0 22 61 4 36 1
63 57 43 30 21 40 3 54 8 50 12 7 29 4 24 45 20 14 60 23 9 19 46 32 36 17 34 47 39 53 16 38 28 33 0 56 62 37 58 25 1 55 35 22 6 11 10 51 42 61 44 49 27 2 26 13 15 52 59 18 5 41 48
17 18 34 55 60 62 49 8 52 22 42 41 48 9 37 39 57 45 3 35 23 12 31 58 51 16 10 11 14 29 27 53 30 33 38 28 5 44 1 61 2 40 6 43 50 63 59 21 26 20 15 13 4 47 46 56 25 24 0 7 54 19 36
21 46 45 5 34 18 27 51 53 30 26 12 8 1 63 6 25 0 56 22 38 58 37 17 52 49 19 55 42 7 3 14 54 57 35 36 29 32 31 43 28 59 10 62 60 24 39 44 23 11 40 47 13 2 16 61 9 4 48 20 15 50 41
44 39 32 48 61 20 33 7 36 58 17 8 19 59 24 40 45 56 42 5 13 22 53 1 10 47 30 29 43 55 31 12 25 27 6 21 52 37 38 18 16 54 35 4 11 63 46 23 2 14 3 49 26 0 9 15 41 51 50 60 62 57 28
15 59 13 53 58 19 39 29 12 8 61 2 40 28 54 23 57 10 5 49 32 51 55 17 27 60 1 30 45 4 36 33 11 26 7 9 41 20 18 34 47 50 42 3 44 24 31 37 48 16 38 21 22 14 52 62 25 43 0 63 56 6 46
45 43 19 62 13 37 10 61 34 56 16 4 47 1 55 25 18 15 26 17 51 63 41 23 28 3 31 9 60 35 59 33 49 40 24 48 42 39 7 11 46 22 12 57 44 21 0 29 53 6 5 50 14 58 8 27 38 30 20 2 52 32 54
24 52 36 48 14 32 10 56 38 6 58 40 43 33 22 9 26 39 27 7 20 0 16 45 21 50 57 34 60 1 17 23 31 49 55 15 63 11 61 35 29 3 51 13 5 19 47 25 42 44 2 59 30 4 12 8 18 28 62 53 41 54 46
30 41 53 20 16 2 54 60 55 51 4 58 28 50 0 37 22 13 33 14 19 3 10 12 15 47 8 42 34 18 32 31 25 45 39 29 27 1 48 7 56 43 9 52 57 35 26 40 63 17 62 6 59 23 5 46 21 44 49 11 24 36 61
3 34 52 42 49 27 57 63 24 44 56 35 41 18 32 9 21 50 53 43 5 46 12 61 0 28 40 37 2 55 31 54 48 38 36 13 8 58 26 25 17 45 33 6 19 16 47 4 60 15 7 23 10 20 30 14 22 29 1 11 51 59 62
46 60 58 50 49 27 3 31 61 16 25 44 56 63 26 35 18 21 48 2 29 34 22 12 45 51 43 19 24 20 37 4 47 59 39 13 0 30 52 23 11 36 32 14 8 7 15 17 28 62 42 55 6 1 38 41 33 9 5 54 10 53 57
30 49 38 57 50 43 8 39 32 0 46 16 58 29 10 4 25 36 2 47 1 20 55 54 59 27 22 48 24 62 13 42 35 44 60 51 17 6 15 3 18 61 56 34 5 11 52 21 26 53 12 40 14 7 9 63 37 23 28 31 19 45 33
63 39 44 32 25 56 19 9 54 51 14 16 5 17 43 34 4 0 22 52 30 33 47 62 55 41 38 10 58 28 1 36 7 24 60 46 29 35 26 45 8 40 13 6 18 31 57 3 53 21 27 49 15 37 59 11 48 2 20 50 61 12 23
23 36 56 61 53 31 63 17 47 24 8 22 41 46 57 4 40 42 39 14 58 1 52 37 9 54 62 55 34 60 6 5 21 19 50 44 30 10 33 2 32 59 3 38 7 0 26 13 27 18 28 35 20 15 25 11 51 12 29 45 16 49 48
24 34 57 63 2 11 42 9 52 3 1 14 39 40 29 46 49 45 15 12 4 18 55 13 51 56 20 26 27 59 54 47 8 25 19 28 10 60 0 50 58 43 30 32 41 23 6 17 22 62 35 36 16 5 33 7 31 37 61 48 38 21 53
36 25 18 15 4 10 33 20 1 21 62 23 47 44 11 40 34 32 6 31 50 61 16 27 57 2 35 28 14 48 37 0 9 49 22 56 26 38 19 54 13 24 30 17 42 59 55 29 39 3 58 53 12 8 46 63 7 43 5 51 60 52 41
25 40 33 14 43 53 61 41 44 19 28 11 3 50 13 6 4 39 12 21 52 2 31 15 5 29 59 20 30 47 8 48 17 62 49 54 60 34 56 42 36 7 26 27 10 63 22 57 16 51 24 18 32 45 1 55 38 0 9 35 58 37 23
18 29 11 53 9 15 13 27 43 52 36 1 50 56 45 24 48 61 49 60 30 22 34 6 12 57 41 0 44 40 17 58 42 26 38 55 28 31 46 3 8 54 23 62 19 35 51 4 16 39 37 32 59 5 7 33 2 25 21 10 63 14 20
59 27 34 37 60 26 10 63 53 32 6 2 40 57 29 4 50 51 47 13 62 7 8 30 55 58 9 17 54 41 45 3 46 39 21 15 25 36 49 22 61 38 24 56 35 20 5 11 16 12 52 14 28 44 23 42 0 1 19 33 18 31 43
41 4 23 30 40 50 39 53 32 0 14 58 29 51 57 44 24 28 63 6 18 19 17 54 35 62 47 27 9 8 33 5 55 10 21 45 60 16 36 46 1 15 48 20 2 37 34 25 22 61 52 56 31 42 11 13 3 7 59 38 26 43 12
4 40 56 49 54 25 62 41 0 2 47 11 30 21 17 53 38 31 14 48 22 39 46 3 7 45 60 51 28 61 20 59 27 37 44 63 9 43 16 29 6 32 8 35 57 1 23 55 18 12 52 26 10 36 34 13 15 58 42 19 24 5 33
9 62 16 12 20 55 33 4 21 38 61 49 1 7 22 25 42 8 57 27 18 63 44 40 48 19 36 10 13 17 35 50 32 30 52 58 2 0 14 54 29 3 28 41 23 47 59 31 26 37 6 46 60 34 5 11 53 43 45 39 15 24 56
39 37 18 27 44 47 28 32 12 58 57 29 21 43 46 6 42 33 5 4 16 1 13 53 40 51 23 19 20 2 61 34 55 10 63 24 7 30 15 26 56 62 14 11 25 49 38 59 60 54 9 41 50 17 35 8 48 22 0 31 3 45 36
61 11 23 43 58 38 47 49 14 35 21 46 10 48 33 63 50 13 56 59 39 0 2 34 28 27 22 54 24 18 25 20 52 32 60 9 62 5 31 57 17 15 55 26 7 3 12 1 6 42 45 30 36 29 41 8 16 51 19 40 4 37 44
27 18 50 22 31 26 38 0 55 2 11 42 13 62 35 8 57 58 49 1 61 43 44 10 41 15 63 53 4 48 33 39 51 20 16 9 46 34 47 45 5 19 28 56 12 17 3 25 21 29 7 52 30 23 14 59 24 40 6 32 37 60 36
1 3 0 58 32 21 51 16 63 22 5 23 38 54 36 59 44 20 14 56 41 43 35 48 34 33 4 49 2 24 13 47 39 7 57 28 42 62 52 25 18 11 53 37 12 30 31 45 27 9 40 50 17 15 8 6 29 46 10 61 60 19 26
62 59 43 50 7 36 39 18 40 27 20 42 47 1 53 37 9 5 60 4 44 33 34 61 22 6 55 23 12 13 45 14 2 16 31 30 46 25 54 11 26 29 8 52 48 38 63 15 21 41 0 10 24 49 28 3 32 58 35 19 17 57 51
13 44 15 19 31 10 39 4 41 17 3 43 11 59 49 24 9 51 0 52 48 35 54 32 60 29 47 28 30 63 26 45 16 12 14 1 7 33 2 37 55 6 53 18 5 50 36 22 62 42 20 46 38 25 58 21 23 8 61 40 27 34 56
55 40 23 26 53 29 25 35 34 59 49 20 38 8 14 41 52 27 12 21 54 37 43 33 1 18 32 0 48 9 22 17 47 60 51 28 5 44 3 42 19 31 2 39 11 4 63 45 15 24 57 61 13 30 10 56 36 7 50 46 62 6 16
14 17 13 48 61 56 35 11 15 12 5 58 57 34 55 53 16 0 44 27 41 22 10 40 6 46 50 36 62 18 30 1 33 9 24 23 4 43 45 21 19 51 25 32 52 20 47 42 3 37 28 38 26 63 54 2 8 49 29 31 7 60 39
14 11 40 30 22 32 48 38 3 2 56 9 57 1 27 47 31 13 50 61 16 10 4 35 6 26 29 43 36 58 0 53 44 49 25 19 37 5 23 41 46 7 42 24 33 12 15 62 52 17 18 51 39 21 28 63 34 20 8 59 55 45 54
59 53 43 12 34 40 36 21 18 4 6 5 51 16 10 46 35 29 20 1 63 11 13 8 47 54 56 9 39 45 60 3 15 50 52 32 7 27 2 24 48 14 37 41 49 22 31 0 26 17 62 58 44 28 25 23 57 55 19 33 30 42 38
56 36 51 50 32 45 10 29 3 54 63 12 49 48 7 13 28 14 43 1 22 16 4 24 25 20 41 42 53 55 59 9 46 15 26 47 31 5 21 40 33 0 44 52 57 60 8 11 23 61 19 38 35 17 30 34 37 18 6 2 39 27 58
7 15 9 44 31 43 42 16 39 55 22 48 40 53 33 0 62 61 51 49 12 25 11 30 36 8 23 2 1 57 54 24 19 50 17 52 34 13 37 6 29 18 56 58 32 26 46 10 14 20 38 21 4 3 60 35 28 59 5 45 41 47 27
