40 44 59 56 3 27 52 1 14 30 12 18 42 33 62 28 8 58 46 17 21 22 23 4 15 34 53 41 51 39 35 5 55 31 50 54 47 16 48 57 45 25 20 60 29 2 26 11 49 13 6 36 10 61 19 43 38 32 24 7 63 37 9
5 23 62 58 56 26 4 0 11 37 51 18 21 41 9 44 55 8 6 20 52 27 48 45 25 59 29 3 35 17 42 32 7 63 30 39 31 57 24 43 14 54 19 53 2 10 60 15 12 22 28 40 49 47 38 34 16 46 36 13 33 61 50
60 11 38 41 5 50 58 44 13 63 14 8 34 42 25 62 20 56 52 55 51 49 3 37 27 35 40 57 17 61 6 7 0 31 24 32 30 22 26 28 39 21 48 54 9 45 1 29 16 19 53 23 43 33 47 4 46 12 59 15 10 36 18
28 51 22 4 0 33 37 10 50 53 21 54 20 56 14 26 63 55 32 48 41 24 47 42 60 18 7 2 1 35 34 62 13 5 16 40 36 39 49 11 30 52 38 8 57 23 43 19 25 29 17 46 12 58 15 31 9 27 45 6 61 44 59
20 9 62 3 1 59 49 39 23 56 19 45 18 31 7 11 14 8 21 48 47 60 57 24 0 40 35 33 38 36 61 63 52 27 5 41 26 43 51 28 50 53 6 42 58 16 55 17 25 15 29 22 10 46 34 37 2 32 30 12 44 54 13
47 36 1 34 2 10 40 21 59 11 22 51 37 53 35 48 63 9 46 44 43 18 14 30 49 19 15 13 61 0 54 3 7 42 4 20 24 31 60 16 39 45 32 8 56 62 33 25 26 38 52 29 6 58 50 27 55 12 41 17 23 28 57
18 26 32 36 42 8 10 39 50 44 29 45 9 43 12 19 61 28 53 30 46 40 1 14 35 15 52 56 57 54 20 34 49 27 38 16 62 25 63 17 2 24 13 4 22 51 0 60 47 23 48 5 33 55 41 37 58 59 3 31 21 11 7
56 14 35 15 38 34 29 20 18 47 62 22 4 44 12 52 61 19 31 26 36 13 8 3 43 46 17 5 10 24 48 30 41 40 1 11 2 33 32 58 59 51 49 54 53 37 39 57 28 42 63 9 60 45 23 0 21 50 16 55 25 27 6
29 32 43 57 31 11 6 20 16 56 2 34 15 46 60 23 44 4 30 0 18 1 9 59 39 55 45 7 61 49 40 21 28 48 42 37 47 12 50 52 53 35 58 41 62 5 3 10 33 38 24 63 25 26 27 54 51 19 13 17 14 36 22
28 45 43 32 4 58 18 59 14 20 56 16 21 55 38 50 6 42 5 1 11 27 31 8 34 46 63 24 62 22 53 54 29 33 47 49 17 36 61 30 13 60 23 19 2 51 15 39 41 12 25 48 7 26 10 52 3 44 57 35 37 0 40
45 53 26 5 16 52 29 3 30 40 6 36 42 51 61 17 12 49 54 21 18 43 39 63 60 48 46 50 35 44 47 62 11 34 7 20 55 14 31 27 8 15 38 22 25 41 23 0 37 28 1 59 33 19 4 9 24 58 56 57 32 2 13
50 60 34 2 47 22 5 8 1 14 61 19 41 52 48 24 58 45 32 13 9 4 35 20 49 53 55 39 15 10 28 63 56 3 40 7 31 36 17 16 0 30 57 25 46 38 26 27 37 59 21 44 29 51 42 54 18 62 23 43 12 33 6
30 53 35 61 43 45 0 57 37 51 10 23 39 6 16 63 7 21 42 27 40 46 60 28 38 36 58 14 25 32 50 33 8 49 31 13 20 34 55 48 56 9 1 3 19 18 17 24 59 5 22 26 47 44 11 2 41 4 29 15 52 62 54
60 21 32 56 63 2 43 16 19 29 11 26 57 47 61 7 44 46 5 51 48 38 62 3 27 28 18 20 59 31 58 33 14 40 6 12 9 0 36 15 22 25 17 55 23 30 39 24 37 50 41 49 45 34 42 35 54 52 8 53 1 4 10
7 57 19 17 58 45 31 40 0 32 11 2 9 16 52 33 55 23 27 3 4 41 20 48 6 5 53 28 47 42 59 12 54 35 50 24 26 60 51 37 22 13 43 39 18 36 25 15 10 34 1 49 46 61 29 62 30 38 56 44 21 63 8
7 21 41 51 27 8 58 63 62 46 25 24 57 6 33 34 32 0 17 5 61 40 31 36 23 35 11 19 56 16 59 55 53 30 18 48 47 20 39 14 45 42 10 49 28 9 13 1 29 4 22 43 38 52 3 50 26 44 37 2 54 12 60
45 52 55 37 33 10 36 8 13 9 14 41 53 17 40 25 23 32 12 50 27 61 44 20 26 58 42 48 22 3 35 15 6 0 39 34 5 57 47 19 11 31 30 4 21 18 43 62 38 54 60 2 63 49 56 46 1 51 7 59 28 29 24
14 34 36 35 19 39 30 27 40 29 50 24 10 16 49 41 28 57 0 20 15 63 18 45 48 46 21 43 1 7 2 53 32 6 54 52 9 11 25 31 22 26 47 51 59 3 55 58 4 13 60 56 37 12 33 61 44 38 23 42 5 8 62
24 59 6 30 58 9 34 63 7 0 44 4 45 52 1 39 10 38 20 36 21 8 50 31 5 23 60 46 35 47 62 3 51 17 43 61 57 13 19 15 55 26 14 56 37 53 22 33 40 27 16 41 25 54 12 48 11 28 42 32 29 2 49
25 61 14 30 36 40 48 38 20 17 4 13 11 43 29 39 31 6 34 7 45 59 32 62 58 5 60 35 54 28 15 24 42 18 41 47 16 26 46 57 23 3 22 9 1 63 44 0 33 52 27 12 2 55 10 50 51 8 37 21 53 56 49
4 62 7 58 21 19 25 42 8 9 34 46 60 33 23 47 2 3 35 18 11 14 53 16 17 1 30 29 39 27 45 57 61 36 6 59 13 49 5 10 26 54 0 15 56 28 12 44 41 38 31 43 40 37 63 32 50 52 55 24 48 51 22
13 50 22 53 15 49 5 20 28 52 27 3 9 42 54 1 45 10 12 4 41 58 18 60 0 40 59 51 26 32 34 33 8 46 36 48 17 23 55 43 57 62 35 24 16 31 2 25 38 11 61 63 47 56 30 39 7 44 19 14 37 6 29
60 3 21 40 44 54 59 24 23 11 48 5 28 7 38 61 25 47 39 62 46 0 50 27 56 49 34 41 36 32 16 37 35 9 14 33 58 53 55 6 29 17 10 18 57 2 31 19 63 42 43 13 1 15 4 52 30 45 12 51 26 20 8
43 31 1 63 22 4 50 28 26 49 55 32 20 36 14 16 12 8 37 42 53 0 33 18 29 51 46 57 39 15 21 35 24 60 48 56 30 25 38 27 44 62 3 41 19 59 9 47 10 52 45 34 13 6 40 61 7 2 11 54 17 58 5
18 45 35 28 29 22 51 36 11 17 31 54 33 58 56 15 4 3 26 53 60 50 9 30 63 46 39 25 14 62 19 27 7 57 5 23 6 41 21 1 2 34 32 8 61 38 49 44 48 42 43 13 52 12 0 55 59 10 37 20 47 40 16
43 55 30 28 59 45 19 35 40 41 20 52 2 57 47 16 63 22 15 33 36 1 48 12 54 24 58 31 6 50 32 0 34 23 14 17 53 46 10 11 3 60 38 27 5 26 21 44 13 8 9 18 61 56 4 29 51 62 39 49 7 42 37
55 30 40 6 59 33 44 56 10 1 54 23 39 38 13 50 3 49 28 16 57 51 7 60 24 42 21 29 58 41 37 36 14 48 20 4 45 0 18 19 27 17 2 32 34 53 11 25 5 62 61 46 8 31 9 43 47 63 15 12 22 35 52
37 61 0 15 21 17 43 63 54 59 14 41 9 16 12 52 48 56 22 1 20 35 2 51 6 46 13 45 34 4 58 24 36 30 29 44 31 23 49 10 60 26 18 40 25 32 11 50 33 53 19 62 8 5 47 39 55 28 3 42 7 38 57
9 3 39 25 29 50 55 36 62 24 22 23 21 33 46 59 30 61 53 51 45 0 6 60 17 26 12 63 14 42 40 48 32 8 19 43 47 13 11 38 52 4 20 57 34 58 35 2 7 15 37 10 49 56 41 1 44 27 18 16 31 54 5
28 8 54 32 50 7 30 36 24 10 13 17 19 6 49 59 53 37 62 56 23 44 1 20 26 42 58 38 45 48 9 0 27 39 43 35 22 40 34 31 3 61 14 63 47 15 33 52 2 5 4 25 11 46 57 18 60 12 21 41 16 55 51
12 63 25 26 62 18 19 34 29 36 37 0 10 38 17 28 45 44 59 50 32 33 8 6 31 61 20 5 46 57 42 24 39 40 7 27 60 3 23 15 52 49 1 47 43 35 9 11 55 16 2 54 13 14 41 48 56 21 22 58 53 51 4
46 23 61 49 8 42 14 33 48 58 57 4 53 24 19 34 55 52 39 59 60 9 30 7 18 51 40 15 0 45 13 25 54 47 38 5 35 11 12 37 63 1 27 2 10 16 32 44 17 21 22 29 50 20 26 62 3 43 56 6 28 41 36
41 9 8 29 6 61 13 38 45 14 50 53 54 48 58 23 30 16 34 11 60 3 19 15 21 44 35 28 33 22 12 55 52 42 40 1 17 25 37 7 5 2 31 24 26 27 47 49 62 39 59 0 46 51 20 43 63 56 4 36 18 10 57
43 36 26 16 54 3 56 31 51 44 28 14 20 45 59 0 24 38 30 53 34 25 23 15 47 4 21 49 32 55 57 60 39 12 63 22 13 48 9 7 41 52 37 8 46 18 40 5 19 27 29 6 10 62 17 42 50 2 35 58 61 11 1
49 11 5 35 60 57 7 30 17 18 46 58 38 59 20 8 36 55 61 2 31 32 40 19 51 33 42 15 45 44 9 0 22 21 39 6 3 10 27 63 62 16 25 53 28 14 52 24 41 12 29 26 56 23 47 43 54 4 1 13 37 50 48
45 7 50 12 34 56 48 25 24 58 44 17 55 39 5 47 63 40 20 11 53 6 36 37 4 10 18 27 32 3 19 62 0 14 42 59 60 2 15 1 23 22 16 38 31 21 8 30 57 49 28 46 29 41 51 54 43 61 13 9 33 26 52
48 37 5 49 33 28 6 19 29 17 30 16 56 24 10 34 23 61 18 53 43 12 25 35 7 41 63 4 20 22 59 21 15 26 46 42 3 51 44 57 27 60 45 47 58 39 11 14 9 52 0 50 13 62 38 40 54 32 1 55 31 8 2
27 36 42 16 40 30 3 1 57 5 52 59 12 23 29 46 47 50 35 48 53 2 49 26 8 22 56 14 32 63 39 31 60 33 62 18 7 58 55 61 10 28 11 20 17 13 45 24 6 4 19 44 43 41 34 15 51 21 0 9 38 54 25
52 51 58 2 42 7 47 32 19 34 61 30 9 26 22 33 18 62 56 49 40 57 44 12 63 4 13 55 6 59 28 53 45 29 31 35 48 50 23 43 3 20 10 8 25 11 46 24 5 16 21 0 36 54 60 15 1 41 14 17 39 37 27
28 42 62 4 17 35 6 54 19 63 55 26 61 18 31 12 51 40 48 10 43 47 22 59 8 34 20 49 30 46 11 0 23 24 56 33 3 60 16 36 52 50 14 41 5 53 37 29 15 1 44 7 2 9 32 13 27 57 58 21 38 45 25
26 0 22 44 25 19 5 37 14 10 49 17 41 16 43 35 47 34 62 39 38 12 6 21 46 51 4 52 57 28 15 8 30 31 2 3 32 11 7 45 13 59 53 56 18 29 63 27 33 20 23 48 42 36 1 54 55 58 61 24 60 50 9
32 2 49 46 25 15 11 16 40 54 47 1 17 27 52 21 14 48 3 36 56 63 62 51 0 22 26 53 60 19 7 4 43 33 39 59 24 58 8 50 20 44 23 34 35 57 10 18 61 9 42 28 30 6 38 13 37 45 5 12 31 55 29
55 37 38 61 39 31 6 58 53 45 20 51 52 10 21 2 0 9 62 23 12 63 3 34 47 26 54 30 28 14 16 50 44 35 29 8 59 49 36 5 57 19 32 1 4 15 60 22 41 24 7 46 40 33 56 11 43 48 13 18 17 27 25
25 23 9 33 8 12 58 63 13 19 27 51 6 40 54 47 10 39 45 5 36 56 49 18 28 7 17 50 21 41 4 14 61 55 30 38 29 53 1 3 52 62 16 22 35 20 48 0 59 24 34 57 15 26 32 42 2 60 31 37 11 46 44
56 52 40 0 22 26 35 2 51 63 33 18 6 30 45 7 5 8 1 38 16 53 34 29 13 10 32 49 42 47 36 57 27 54 20 46 58 23 48 39 31 41 24 25 19 55 11 62 28 61 9 17 37 59 21 12 15 14 60 43 4 50 3
35 9 10 16 25 24 57 14 12 32 42 4 18 62 30 21 6 44 11 33 28 53 63 43 19 58 1 34 8 20 17 31 59 27 49 38 29 51 0 36 47 26 60 40 50 55 5 15 52 54 2 23 61 37 7 56 22 48 13 3 41 39 46
31 56 54 59 41 48 34 28 20 8 5 15 37 63 0 6 12 57 22 40 62 10 58 30 18 9 55 23 13 60 24 39 21 50 27 17 36 7 51 52 44 25 35 19 33 14 53 11 38 26 61 3 32 42 4 49 16 29 43 2 1 45 47
5 11 38 54 7 49 35 56 41 25 20 40 53 22 43 51 39 37 13 52 4 3 42 62 33 57 14 18 55 10 28 8 44 0 31 19 36 45 15 9 30 58 16 60 61 59 17 23 32 6 50 29 34 21 27 26 1 2 48 12 24 46 63
36 61 60 35 63 49 46 19 22 31 57 11 32 54 5 51 39 4 41 27 14 10 3 1 37 25 28 13 16 56 21 8 17 55 26 53 7 0 29 33 38 23 15 52 44 2 12 24 43 9 6 40 30 58 62 18 42 45 59 47 20 50 34
51 34 52 36 41 48 31 21 4 57 40 60 47 23 17 10 29 59 58 38 26 11 5 22 2 39 43 8 44 33 37 6 42 45 55 20 3 61 12 30 7 9 63 27 35 0 15 14 56 24 32 28 62 53 50 16 1 13 46 54 25 19 18
11 56 35 28 21 29 2 51 23 32 3 63 6 17 9 30 26 16 53 18 37 22 10 24 42 14 46 55 0 12 58 8 43 25 39 45 4 38 41 31 36 47 60 27 59 49 5 62 13 20 54 19 15 7 61 33 52 34 57 48 44 1 40
49 3 38 50 15 24 44 33 1 5 42 10 43 48 12 28 39 47 34 26 31 40 2 21 23 41 60 58 18 13 27 0 46 62 36 14 55 45 57 4 7 52 59 6 17 53 35 9 32 61 8 11 25 19 22 16 30 56 54 37 20 63 29
38 16 49 44 10 0 62 42 21 14 11 18 54 37 25 31 2 41 7 27 47 1 59 6 40 32 4 8 39 28 30 33 46 58 17 48 36 51 3 45 34 61 57 43 23 55 29 5 19 60 24 15 56 22 9 53 20 13 50 63 26 12 35
12 10 21 42 63 32 5 3 31 16 28 45 47 29 50 6 33 35 23 20 36 11 14 24 44 0 37 58 41 56 48 38 17 9 15 59 22 39 8 4 62 34 55 25 7 43 54 40 18 46 26 51 1 60 27 49 2 30 52 19 13 61 57
29 46 22 47 33 26 39 32 48 52 21 41 24 3 27 61 10 43 55 42 57 14 6 19 25 5 56 0 59 31 9 20 60 17 44 7 53 30 1 45 2 63 35 16 18 38 8 34 40 36 50 11 13 23 62 49 51 15 37 28 58 4 12
25 26 42 16 28 35 58 34 60 9 23 14 39 31 59 54 63 2 3 1 11 8 46 47 38 33 32 50 0 48 51 61 49 56 10 21 15 43 45 22 18 53 30 12 37 4 52 17 57 44 13 6 19 40 5 24 27 20 7 62 41 36 29
7 50 44 46 35 1 26 0 13 33 4 9 36 59 8 47 62 2 3 38 58 24 27 29 22 43 57 41 6 48 54 39 37 15 63 53 55 11 23 20 18 5 40 49 61 12 34 28 25 17 30 21 52 45 42 10 16 60 31 14 51 32 19
14 34 8 45 49 60 31 48 59 37 12 62 25 38 17 46 13 26 4 15 56 30 47 40 54 6 20 23 18 2 33 44 42 63 36 24 0 51 21 61 16 28 1 35 3 11 19 52 22 41 7 55 43 58 39 29 10 9 50 32 5 27 53
38 1 62 14 35 18 2 9 43 20 42 31 34 55 32 11 15 24 49 56 0 21 61 45 60 12 46 16 19 51 26 63 53 59 29 25 50 27 36 13 22 8 47 7 52 41 44 28 4 37 17 5 48 57 3 10 39 40 30 6 23 33 54
25 18 26 46 0 22 4 5 9 57 56 34 28 37 30 33 55 27 29 49 31 19 39 8 21 52 1 14 60 36 35 42 45 20 58 38 54 13 15 53 41 7 40 51 47 63 61 23 17 11 43 32 50 62 10 24 12 48 44 6 16 2 3
22 11 48 13 2 34 57 62 49 55 20 8 63 31 32 28 21 12 10 4 58 26 18 24 3 46 51 19 59 35 41 14 33 39 36 23 45 54 5 30 0 37 47 27 9 25 42 6 53 50 17 1 16 52 38 7 61 43 56 44 29 40 15
48 12 63 31 19 42 32 27 38 11 10 28 34 39 54 22 6 36 7 16 30 13 58 15 8 5 4 20 18 2 55 49 57 43 9 62 52 47 59 56 24 41 14 37 29 0 26 46 21 25 45 23 51 35 60 44 17 50 40 33 3 1 53
1 58 30 28 4 20 39 52 60 45 7 57 2 42 15 56 0 40 38 29 22 46 19 47 41 18 10 35 13 3 51 9 24 34 6 21 53 8 23 37 61 43 63 5 26 32 16 14 36 49 44 27 31 59 48 50 33 11 25 54 55 17 12
30 61 48 23 13 43 44 53 2 18 50 39 27 5 25 15 60 35 45 12 55 3 46 10 42 28 36 38 41 9 24 17 4 58 34 11 56 33 57 6 1 37 31 49 59 40 62 22 54 8 19 29 21 7 16 20 26 32 0 14 51 52 47
