3 13 6 15 7 8 5 4 10 2 11 12 9 14 1
11 12 4 13 10 14 6 15 9 8 2 3 5 7 0
14 5 10 12 8 9 6 3 1 11 13 4 7 15 0
12 0 14 8 2 5 1 11 9 6 15 4 13 10 7
8 1 14 12 9 7 10 5 13 15 2 3 11 0 6
8 2 15 11 4 13 14 3 7 1 12 0 10 9 6
7 15 8 0 2 14 1 9 10 12 3 13 4 5 11
6 11 15 0 4 10 13 8 9 5 1 2 12 14 3
5 4 13 12 14 6 2 9 15 3 11 1 7 0 10
15 10 2 8 14 4 1 6 7 3 13 11 5 12 0
11 12 14 2 1 9 4 15 7 6 13 8 5 0 3
7 1 14 10 5 8 12 2 3 13 15 9 4 0 6
3 1 10 14 8 2 4 13 11 6 15 5 7 9 0
15 8 1 0 12 4 5 7 14 2 10 11 9 3 6
2 11 15 12 3 10 4 8 9 6 1 5 13 7 0
9 13 7 14 5 6 0 8 4 1 10 12 11 3 2
