4 8 10 15 13 11 2 3 6 9 1 5 14 12 7
15 6 14 2 9 11 12 8 10 13 3 5 0 4 7
12 4 1 10 3 9 15 6 0 13 7 11 14 5 8
9 15 11 6 13 7 2 8 12 0 1 5 4 10 14
0 14 2 9 7 15 10 5 13 11 12 8 6 1 3
13 6 15 11 4 10 8 7 14 1 2 3 12 9 0
15 1 5 3 12 7 10 14 13 2 11 9 0 8 4
14 10 11 4 6 3 9 8 15 12 5 2 13 1 0
0 13 1 14 3 7 9 5 11 10 4 12 6 15 2
3 15 4 13 1 11 2 7 10 8 6 12 0 14 5
7 14 0 6 4 2 1 5 9 8 15 12 11 3 13
7 3 9 1 0 5 6 12 4 8 2 15 14 10 13
2 6 13 15 1 14 3 7 9 11 4 8 10 5 0
5 8 12 9 3 0 6 4 1 2 14 7 11 10 15
7 1 4 10 12 6 8 5 2 13 9 11 15 0 3
6 1 3 9 4 0 12 5 2 7 11 10 14 13 8
