29 23 31 7 16 4 3 8 10 25 28 19 27 11 24 20 15 6 1 2 13 5 9 12 22 21 14 26 30 18 17
26 24 25 14 2 6 27 4 8 15 5 0 29 28 12 16 9 18 30 20 7 17 10 31 23 19 22 3 13 21 11
6 17 9 18 20 1 10 26 22 12 0 4 27 3 5 14 16 15 29 30 23 13 7 28 11 31 24 8 25 21 19
25 22 5 0 19 17 26 21 16 30 7 10 23 2 13 28 9 8 4 15 31 24 6 12 11 1 14 27 20 29 18
30 18 20 0 21 28 29 14 9 16 1 13 19 31 12 2 27 17 22 23 15 3 11 5 24 8 7 26 6 25 10
8 10 21 6 29 3 23 1 28 17 2 26 0 13 15 14 18 27 31 19 12 4 16 9 11 20 30 24 22 7 25
2 21 17 5 9 28 25 1 30 10 14 22 23 27 0 16 11 29 8 18 19 26 15 7 13 3 12 24 4 31 20
14 31 0 27 26 23 15 28 30 10 29 17 22 12 8 3 18 11 20 6 1 21 19 16 24 2 9 4 25 13 5
9 5 29 23 22 0 24 13 15 1 20 31 7 6 28 3 14 10 19 11 25 18 21 4 16 2 27 12 17 26 30
8 2 6 15 14 30 24 4 26 28 21 11 19 31 17 18 1 3 12 20 29 0 22 25 16 7 5 27 13 10 23
21 5 25 22 15 7 20 16 0 2 29 6 23 18 13 3 27 11 24 1 28 8 14 30 26 12 17 31 9 4 19
20 22 0 29 21 19 16 9 28 6 31 7 25 10 18 12 13 26 17 23 8 4 30 3 27 2 24 14 15 1 5
24 15 28 2 4 23 7 31 26 1 9 11 29 18 13 21 14 0 25 3 5 6 30 10 17 20 19 8 27 22 16
16 15 31 26 19 8 4 14 17 10 27 3 28 0 30 23 5 11 20 12 18 21 24 25 6 29 2 1 7 22 9
22 7 25 15 23 9 1 17 24 4 6 13 26 16 19 2 20 8 5 12 21 10 0 27 29 18 28 11 3 30 31
21 13 27 7 9 22 14 10 19 29 18 26 20 12 31 8 16 0 1 30 17 23 6 25 4 5 3 2 28 11 24
13 17 0 25 24 10 22 4 15 11 3 26 30 14 6 1 21 19 23 29 2 9 28 7 20 31 5 18 8 27 12
2 16 20 6 25 14 3 7 21 13 27 5 15 9 4 28 1 29 26 11 22 18 19 12 31 23 10 8 30 24 0
4 22 2 30 26 15 21 31 19 20 10 28 9 7 6 11 1 12 13 24 5 17 29 23 8 16 14 27 0 25 3
15 26 3 13 0 4 25 22 11 18 9 29 14 6 16 20 7 27 8 17 21 1 23 5 30 28 12 31 10 2 24
11 4 27 17 10 2 15 0 8 28 18 22 30 7 29 9 26 1 19 13 14 24 16 21 31 12 23 5 25 3 6
10 6 15 25 5 31 26 18 4 22 28 17 11 3 9 27 29 16 30 7 12 13 14 19 0 20 8 23 1 2 24
14 18 27 26 15 10 8 3 11 30 24 2 21 16 28 19 7 6 20 25 4 29 9 17 23 0 1 13 31 12 5
0 8 7 30 14 5 10 25 6 12 29 3 15 13 16 4 27 11 1 22 18 2 19 24 28 21 26 17 20 31 9
1 16 12 30 9 8 22 14 26 28 0 31 10 20 18 13 3 23 4 29 7 25 6 11 2 15 27 17 21 5 19
3 21 1 16 14 10 17 27 6 0 19 23 30 22 11 31 15 29 9 13 8 12 26 24 7 28 4 2 20 18 5
1 30 7 29 22 21 13 19 18 15 2 9 24 3 14 16 12 27 6 20 5 31 17 11 0 25 10 23 4 8 28
30 29 20 7 22 15 25 1 0 21 6 17 28 13 4 10 26 2 23 19 5 11 14 9 8 18 12 24 3 16 31
31 7 6 4 0 12 21 9 22 24 20 5 18 11 1 27 3 29 13 8 17 30 10 15 16 23 2 19 14 25 26
0 8 27 5 26 15 7 4 10 30 11 21 23 1 6 28 19 20 12 22 9 16 17 25 2 18 13 24 14 31 3
4 27 26 7 23 18 9 24 22 6 29 25 15 3 16 20 31 1 13 21 28 10 2 11 19 12 0 17 14 5 8
0 7 28 21 13 18 15 4 12 8 9 11 24 30 25 26 1 3 16 5 2 20 17 6 29 22 23 10 19 27 14
