15 9 30 1 6 7 21 26 23 4 11 8 12 5 18 17 14 13 22 2 20 16 27 10 25 19 3 24 31 28 29
26 0 8 29 17 21 19 14 11 15 20 3 28 25 7 24 12 9 2 23 18 13 16 5 4 27 10 31 6 22 30
4 24 26 25 12 18 30 14 20 3 7 6 17 28 29 8 16 19 11 0 1 10 9 27 21 22 23 31 15 5 13
13 25 18 27 6 28 16 31 15 24 26 20 14 2 7 19 9 1 12 22 17 21 10 30 8 0 23 4 29 11 5
20 15 2 13 10 25 23 21 11 18 0 16 29 22 19 6 5 24 30 28 31 1 26 8 7 12 9 3 27 14 17
8 14 15 17 13 11 6 16 21 24 29 0 27 4 9 19 30 31 22 18 23 20 12 1 25 2 10 26 7 28 3
27 25 13 23 0 3 19 22 5 24 2 4 21 10 29 8 28 11 26 17 16 15 12 31 9 20 1 30 18 14 7
10 14 0 25 26 22 3 8 2 13 12 19 9 16 18 23 28 1 15 30 20 24 27 17 11 21 31 4 29 5 6
5 25 1 9 22 17 16 26 11 15 0 7 31 23 2 20 18 6 29 19 27 24 28 21 13 4 3 14 10 12 30
20 21 0 12 16 26 28 25 8 13 3 10 7 22 5 24 27 1 18 23 15 2 14 31 11 6 4 30 17 19 29
7 30 27 4 19 12 17 16 24 31 15 9 23 25 6 2 3 14 28 0 20 11 21 26 13 8 1 5 18 29 22
31 27 28 30 16 4 5 14 0 17 8 12 22 24 23 1 20 19 29 2 21 6 15 7 10 9 26 18 13 3 25
15 9 17 27 20 23 2 10 30 11 0 24 7 26 25 16 3 18 1 13 14 5 31 19 6 4 8 28 22 21 29
6 3 24 25 4 20 5 21 22 15 31 9 26 7 0 17 14 28 18 12 1 8 10 23 29 2 19 11 27 30 16
18 5 7 17 20 27 2 11 26 3 1 0 15 25 13 22 28 21 9 12 10 19 24 30 8 29 6 23 4 31 16
12 0 4 26 5 25 3 13 8 30 23 10 1 20 21 14 19 7 22 27 11 24 9 28 6 29 17 16 2 18 31
20 24 9 26 3 11 28 23 5 4 8 10 18 12 7 2 30 22 27 0 19 21 6 31 1 15 29 17 25 14 13
24 14 5 12 22 23 8 1 20 10 28 11 21 25 2 30 26 31 0 27 13 29 19 6 3 7 15 9 16 18 4
14 3 22 29 2 4 24 23 26 30 25 16 0 21 7 27 8 12 13 31 5 19 9 1 28 20 10 6 17 11 15
22 6 21 10 23 31 3 1 4 25 26 7 11 15 28 5 30 2 18 8 17 16 20 29 27 14 12 0 24 13 9
9 4 16 22 25 13 12 14 2 3 17 21 1 29 11 15 24 8 0 7 19 5 10 26 27 23 18 30 6 28 31
9 0 19 4 13 5 1 17 20 23 6 18 15 30 11 29 25 16 14 26 3 8 7 2 24 10 28 22 12 27 31
20 18 19 17 23 6 8 31 13 7 4 11 28 24 9 0 14 15 3 16 5 26 29 30 2 27 25 1 12 21 10
6 4 17 12 22 0 29 24 26 16 18 19 15 21 11 30 28 10 8 7 5 1 9 25 2 13 20 3 14 31 27
13 17 16 25 2 27 23 3 6 18 5 26 12 11 10 22 29 9 4 20 1 7 15 8 30 31 21 14 0 19 28
6 3 8 24 13 20 15 27 4 29 7 2 9 30 28 18 17 19 12 14 1 10 21 23 0 5 31 26 22 16 11
29 15 1 30 9 2 0 16 23 3 7 18 14 24 8 13 28 12 17 19 31 27 6 22 21 4 20 10 25 11 5
6 28 3 10 25 11 12 24 14 5 17 18 15 26 9 16 8 29 7 2 19 0 20 31 1 22 4 30 21 13 23
27 29 9 3 11 16 25 17 22 26 23 2 1 19 7 13 14 4 6 8 15 18 10 21 0 31 12 24 20 5 30
26 28 25 1 18 23 5 4 2 20 24 11 31 17 6 8 21 27 22 19 15 13 30 10 0 16 14 7 3 9 12
0 10 26 11 2 25 18 12 15 23 17 31 5 19 4 21 16 7 24 22 3 9 14 20 29 6 27 8 13 28 1
11 3 22 13 19 10 8 17 26 30 29 5 18 4 16 9 24 12 7 6 27 0 2 25 28 1 21 20 15 23 14
