9 34 22 41 14 2 4 44 17 21 33 5 26 20 28 39 16 27 40 42 31 11 8 24 29 23 45 35 12 30 15 46 1 13 47 6 36 25 7 3 18 10 19 43 38 32 37
41 13 46 4 20 45 9 8 37 47 11 2 33 36 3 25 23 22 21 34 6 16 19 24 0 5 14 39 32 43 10 7 27 29 30 12 42 40 35 15 18 26 31 28 38 17 44
37 28 35 40 26 8 34 15 0 39 11 42 36 1 4 18 3 21 19 14 17 32 45 25 6 7 43 44 33 16 27 20 5 29 30 12 22 38 9 10 46 13 23 47 24 41 31
20 26 6 10 24 34 14 47 37 44 41 39 16 21 29 28 22 5 2 1 30 36 25 18 27 45 12 23 35 11 8 38 7 31 19 9 40 43 15 13 46 0 32 42 33 17 4
46 24 42 15 5 8 1 23 38 36 10 0 21 35 27 39 2 28 11 18 25 16 20 6 37 29 41 44 32 9 40 13 45 7 12 33 26 19 47 30 43 31 34 22 14 17 3
44 30 36 4 22 17 29 3 34 25 0 28 8 38 10 42 23 27 20 18 7 41 43 16 1 21 11 14 35 32 45 46 13 24 2 19 31 6 33 12 15 26 40 39 9 47 37
3 33 16 14 26 35 29 23 43 8 44 4 32 28 41 11 1 37 2 21 27 17 24 22 13 25 9 18 31 42 40 15 0 7 34 46 5 39 47 30 20 12 10 38 19 36 45
17 9 8 22 30 38 23 12 11 39 40 19 10 18 26 15 20 43 34 13 27 14 33 2 5 44 29 31 35 4 45 3 47 42 21 46 16 1 6 41 0 36 32 24 25 37 28
11 21 4 2 19 7 35 13 36 1 14 22 37 46 20 10 32 28 26 25 43 6 5 38 34 30 29 0 24 31 15 44 23 3 9 41 39 47 33 16 45 42 27 17 40 12 18
14 0 39 41 37 7 1 31 38 46 12 17 10 11 47 19 40 24 21 36 43 16 4 22 15 32 30 45 6 8 20 29 23 18 33 3 28 25 13 35 2 34 42 26 27 5 44
11 3 26 18 23 4 9 33 44 8 34 12 46 28 39 29 7 16 15 14 42 35 5 27 41 25 24 13 38 21 47 17 45 31 20 19 37 1 36 32 22 2 6 30 0 40 43
22 38 10 31 8 18 12 41 2 20 1 7 28 45 27 9 23 37 13 4 17 16 26 33 30 0 46 15 6 40 14 35 3 5 24 19 29 39 47 21 32 44 34 36 42 43 25
18 34 27 21 25 9 7 13 32 11 40 15 33 10 26 35 47 37 28 43 19 30 42 39 38 17 44 0 3 23 36 4 24 31 2 14 41 22 46 20 1 5 6 29 16 45 8
34 1 25 40 37 8 29 23 12 36 30 15 11 47 22 16 39 46 45 7 20 28 35 18 32 4 10 44 38 31 33 0 19 6 5 26 24 9 42 3 2 21 17 41 43 14 27
30 9 38 16 0 3 33 8 6 32 31 27 25 26 10 23 44 2 18 36 34 19 37 21 7 15 22 11 43 40 24 39 41 46 5 1 47 28 12 42 29 45 35 20 13 17 4
4 34 46 2 39 12 17 30 42 26 13 45 10 7 16 36 11 35 20 19 32 14 29 23 9 40 8 0 44 47 21 24 41 43 33 6 38 3 22 37 31 5 25 28 27 1 18
14 47 6 29 24 3 22 43 17 10 18 13 4 42 0 27 25 11 15 19 20 9 26 30 1 35 33 46 40 31 34 5 2 36 7 41 8 39 45 28 12 21 23 44 37 38 32
7 35 38 19 34 22 9 5 15 0 27 20 16 45 23 11 31 30 2 32 47 26 29 12 44 39 42 6 21 28 37 10 33 41 46 36 24 13 18 40 8 25 14 43 3 4 1
25 12 21 39 44 11 36 31 26 46 20 10 40 43 29 42 22 16 7 30 32 4 2 14 27 23 35 3 47 13 5 28 24 19 45 6 9 34 33 41 38 0 37 17 15 1 8
43 33 21 8 29 27 17 39 25 7 37 30 28 44 9 20 46 2 12 36 16 32 35 14 45 15 1 18 22 41 38 13 3 10 4 5 24 11 26 34 6 23 31 40 47 0 42
3 1 33 18 37 45 11 39 8 17 46 0 19 4 7 13 16 5 15 40 44 30 43 42 24 32 47 9 10 2 38 31 25 22 41 26 12 36 35 6 27 29 14 34 23 21 28
18 19 12 8 24 37 38 40 31 28 46 4 3 0 29 35 30 39 2 45 9 42 1 14 32 6 47 17 33 10 5 15 34 41 22 7 43 36 11 23 16 44 13 25 27 20 26
11 47 38 32 0 33 5 7 36 17 30 29 24 8 39 16 42 18 3 13 31 28 41 1 40 43 23 45 46 9 37 35 14 6 19 34 27 21 20 15 2 44 12 10 4 25 26
31 43 27 4 42 44 10 7 13 39 47 6 26 11 32 17 41 14 1 5 29 18 22 30 45 36 0 15 28 38 25 3 8 46 12 24 37 9 35 40 21 2 16 33 19 34 20
4 36 46 3 21 39 28 22 16 29 47 38 27 44 40 9 31 41 0 8 10 42 35 1 18 33 20 45 14 32 30 6 23 15 5 12 11 19 37 13 43 17 25 2 7 34 26
18 36 13 12 40 33 35 30 19 31 37 14 8 44 39 5 4 28 32 34 27 16 1 3 29 2 47 10 43 23 6 38 41 46 26 20 42 0 9 15 45 24 7 21 22 17 11
38 3 2 35 37 10 18 29 43 6 44 12 32 15 8 23 41 31 14 0 7 33 30 11 17 16 40 27 28 42 36 46 45 4 47 25 13 19 20 34 5 9 39 1 24 21 22
12 23 19 34 14 11 4 17 37 46 24 39 28 25 16 0 18 5 7 3 10 30 6 26 36 33 38 32 2 22 29 42 45 47 31 1 40 20 8 15 43 35 21 13 9 41 44
34 45 2 38 46 24 21 29 11 8 10 3 19 4 35 33 12 5 36 25 0 27 22 6 13 30 43 31 39 42 44 18 23 17 26 40 32 9 14 41 47 37 15 16 20 1 7
39 33 37 19 41 13 26 22 16 30 28 5 18 6 24 10 3 35 44 21 38 4 43 8 23 34 25 17 0 15 7 32 42 40 36 9 47 2 27 11 31 14 1 12 20 45 46
46 14 5 7 22 25 29 42 13 44 15 19 35 18 26 21 17 3 8 11 38 34 28 12 37 23 39 27 16 20 9 0 24 40 2 41 36 4 1 6 10 47 45 32 31 33 43
47 23 11 35 9 18 21 25 14 26 22 46 44 17 39 24 45 0 42 36 28 8 32 33 16 7 13 43 3 10 6 34 20 12 5 38 27 29 40 37 15 41 4 19 30 2 1
22 12 14 8 26 35 23 18 42 36 25 43 6 33 2 17 47 19 40 21 4 15 13 9 46 37 31 34 24 29 20 45 28 39 5 27 44 1 38 10 11 7 3 30 16 41 0
47 19 29 25 22 20 6 46 41 40 14 10 12 0 28 26 34 1 42 37 32 11 7 39 24 35 27 16 45 31 21 13 17 2 4 9 15 38 18 43 8 5 36 23 3 30 44
28 12 43 13 0 15 39 2 3 17 27 42 10 45 35 41 5 38 47 33 25 8 7 30 29 1 44 14 36 40 32 16 22 21 18 31 6 26 19 9 46 11 4 20 24 23 37
41 2 17 31 39 26 25 8 6 4 34 12 32 29 30 37 28 46 45 21 10 43 15 13 18 19 38 40 0 22 24 16 33 11 3 7 5 23 42 47 9 20 14 1 36 27 44
40 5 24 25 42 41 18 22 8 4 43 13 2 37 32 28 1 19 46 14 9 45 15 31 3 47 23 34 27 26 29 12 38 39 44 16 0 10 21 30 20 33 17 7 11 6 35
2 29 9 13 26 21 45 39 47 3 20 38 1 8 25 36 19 11 27 12 35 46 4 33 30 6 42 14 22 32 17 23 40 10 43 24 44 15 41 31 28 18 16 7 34 5 0
11 26 14 22 17 28 44 9 4 7 21 37 42 24 41 34 8 5 29 30 45 12 47 35 23 10 27 13 19 3 40 25 36 20 33 32 15 31 2 46 43 18 6 39 16 0 1
29 9 35 18 34 37 19 24 15 23 2 3 22 20 7 10 4 25 47 13 27 43 21 0 31 42 40 12 44 30 28 33 17 14 32 36 1 41 8 11 6 16 38 46 26 5 45
36 2 47 44 45 25 13 46 21 33 18 12 7 43 9 24 0 22 39 20 11 32 35 4 26 15 34 14 16 28 30 29 38 37 23 6 41 3 31 27 1 5 42 17 19 8 10
35 1 9 29 36 0 46 33 11 3 44 26 34 38 42 23 22 43 6 24 45 4 10 47 5 19 14 17 25 8 21 15 40 39 20 7 12 16 30 37 28 18 31 2 13 32 27
4 36 23 43 44 47 2 30 34 38 15 18 22 41 32 10 16 0 5 21 33 31 39 12 37 28 24 20 17 26 29 6 7 35 25 46 27 14 13 45 1 8 9 3 40 11 19
19 34 23 42 26 36 18 40 46 6 16 47 8 39 32 12 7 41 35 29 22 9 28 25 20 2 45 14 5 31 15 3 1 37 21 33 24 38 4 44 13 27 0 30 17 11 10
5 40 18 38 23 42 3 10 26 30 0 41 25 19 24 31 29 14 6 47 34 39 4 20 17 28 7 12 45 2 46 13 15 8 32 36 37 22 11 43 21 16 35 33 9 1 27
28 40 47 1 37 20 34 11 17 15 35 46 13 21 31 2 36 38 41 23 19 22 0 3 44 43 33 24 18 4 9 32 7 10 5 26 27 42 8 16 14 25 30 12 29 39 6
30 4 24 1 15 41 9 40 28 18 33 21 8 43 10 20 27 31 35 45 19 37 13 36 11 22 32 44 16 0 23 14 26 5 25 7 42 17 6 12 38 2 34 3 39 47 29
31 33 22 40 16 45 37 3 42 1 23 24 12 43 39 13 9 34 44 17 32 36 18 25 38 21 41 20 10 15 0 29 14 7 26 27 8 4 35 11 6 28 2 30 19 46 5
