37 41 5 36 42 40 9 11 17 20 8 38 2 47 23 19 16 46 24 13 32 28 3 35 10 6 43 31 12 39 15 33 7 45 29 22 25 30 18 1 21 27 34 26 44 14 4
15 9 22 38 10 31 23 26 6 28 32 5 34 29 41 27 36 21 14 17 46 47 12 43 39 3 16 24 2 19 4 7 11 25 8 40 42 37 18 13 35 0 45 20 30 44 33
8 14 26 9 31 21 24 40 41 42 29 37 30 28 11 0 44 3 12 6 33 13 43 22 27 10 7 18 34 19 25 47 23 15 4 1 45 36 20 35 46 5 39 38 32 16 17
18 41 26 42 14 43 19 40 30 29 7 27 37 17 20 2 11 39 25 24 31 0 12 21 32 1 8 22 23 34 38 10 4 6 28 5 36 15 13 33 47 46 16 35 9 45 44
15 23 10 18 46 6 29 17 32 35 5 14 42 30 38 37 19 26 11 34 28 47 7 33 41 16 40 13 36 39 22 2 25 9 1 8 20 44 3 21 27 24 45 12 31 0 43
38 12 0 16 6 46 34 4 9 23 20 43 24 18 37 45 27 32 19 26 13 42 22 1 41 47 36 15 25 8 33 31 28 40 14 7 35 29 10 44 17 30 2 11 3 21 39
27 23 19 7 5 4 46 44 24 17 42 32 25 39 40 28 22 1 47 37 13 20 2 30 41 36 9 34 0 33 26 29 35 21 12 45 43 11 14 10 18 3 38 8 15 31 16
25 22 6 43 19 47 34 12 8 27 46 18 17 3 44 21 16 31 39 9 36 41 40 15 37 20 38 4 2 10 28 5 33 1 23 0 24 29 32 11 45 13 42 30 14 35 26
2 16 34 29 23 44 21 11 7 36 41 0 33 15 43 20 25 35 19 40 37 14 22 3 5 26 27 39 13 46 45 4 28 31 30 1 10 12 18 38 42 17 6 47 24 9 32
1 35 2 38 11 0 26 5 44 25 29 17 40 15 7 13 27 42 41 32 34 43 31 6 33 37 16 22 23 45 39 24 4 20 12 14 28 30 21 19 47 36 18 10 8 46 3
4 1 44 43 22 18 30 13 20 17 40 34 33 38 19 11 37 23 0 27 36 26 2 14 41 31 32 29 39 7 21 12 3 24 35 42 45 16 5 8 6 25 47 46 28 15 9
29 25 17 8 35 9 40 0 44 46 43 13 12 39 32 34 2 23 14 20 30 41 3 10 42 4 22 18 36 37 28 24 31 38 16 26 1 6 21 47 45 5 7 15 33 27 19
5 30 34 24 38 43 22 7 18 16 11 15 25 36 39 47 13 41 2 14 45 3 1 35 37 0 20 26 10 31 23 6 9 29 21 28 19 32 33 27 8 42 44 46 40 4 17
23 47 16 42 36 38 30 19 11 22 25 45 5 9 10 12 43 6 33 0 34 32 20 2 27 44 46 4 41 14 21 18 35 8 39 15 28 7 31 1 3 40 37 17 24 26 29
41 28 22 47 2 3 30 38 40 44 19 27 34 4 11 12 43 29 32 25 16 1 8 10 21 13 18 5 42 36 33 24 35 20 9 46 39 15 26 6 31 17 23 7 37 45 0
4 1 27 24 20 22 34 32 44 47 17 26 12 33 36 21 9 8 18 38 42 46 41 29 7 25 5 23 45 43 2 37 0 28 16 35 39 31 14 30 13 11 19 3 10 6 40
8 5 13 28 19 40 24 17 21 22 26 12 32 42 38 7 33 37 44 0 34 20 41 23 18 45 25 14 46 9 4 43 1 11 47 15 10 29 27 36 39 35 3 30 31 6 2
29 21 41 47 11 4 27 25 16 6 32 33 28 19 15 0 30 7 22 9 37 36 3 46 18 10 23 34 42 20 1 24 44 31 5 14 26 39 8 43 40 13 12 38 45 35 2
3 47 4 24 39 12 10 43 32 7 20 5 15 17 22 31 45 42 37 25 34 27 16 28 19 35 44 11 2 41 26 40 14 13 30 33 38 6 8 1 21 36 0 9 46 29 23
6 40 30 37 16 7 43 38 36 27 13 3 17 14 44 29 5 22 0 34 10 39 31 4 8 18 23 2 47 33 24 1 45 20 21 28 46 12 41 26 35 15 9 32 25 11 42
40 37 35 15 31 34 41 33 36 45 21 18 5 0 29 10 3 23 11 8 24 43 6 16 17 13 25 7 26 12 19 22 2 9 14 4 42 28 27 30 32 39 46 1 38 44 47
27 17 22 8 41 44 24 29 16 20 2 23 45 47 15 32 7 36 34 26 31 42 43 1 3 25 14 13 30 10 6 19 28 33 11 12 40 4 37 9 39 35 5 18 0 38 46
1 25 14 7 15 21 46 23 12 10 37 38 28 40 44 16 43 42 13 17 26 36 47 6 31 19 5 18 33 2 11 8 9 3 27 39 4 20 45 29 32 24 30 0 41 34 35
4 13 6 42 8 22 31 33 37 28 5 1 21 25 39 11 32 0 20 35 27 17 16 47 34 10 43 41 15 19 46 9 29 45 3 2 38 12 36 7 44 24 40 14 26 18 30
38 15 12 18 16 21 6 36 2 5 31 45 44 20 35 0 3 29 43 34 46 47 39 19 17 9 37 1 42 41 11 10 40 26 14 27 30 25 22 23 7 4 28 33 8 32 13
7 30 27 47 22 29 11 36 34 17 35 28 13 12 9 33 23 6 31 26 8 46 18 3 39 45 20 16 14 15 5 21 2 4 37 1 24 43 10 42 41 0 38 19 40 32 44
3 2 42 9 16 15 22 32 1 43 5 39 25 21 33 27 45 34 28 46 4 31 20 10 18 8 6 12 29 41 24 11 36 47 38 14 37 44 19 17 30 35 40 23 0 7 13
21 25 15 6 37 17 7 19 38 14 43 32 41 5 3 9 23 26 46 18 1 13 34 29 10 2 30 39 22 40 33 8 42 24 31 36 4 35 12 20 47 16 44 11 0 45 28
14 16 46 22 42 23 38 25 29 17 44 31 36 2 39 6 1 34 40 26 18 43 0 33 37 4 32 30 5 11 47 7 15 21 45 8 12 9 19 3 41 20 10 13 24 35 27
11 8 31 25 17 4 44 21 28 2 3 9 20 19 30 32 45 33 1 24 41 40 42 15 14 27 23 43 46 10 6 26 36 5 12 22 38 47 37 7 39 35 0 16 18 34 13
25 12 19 14 41 40 13 10 3 17 2 38 35 29 4 47 11 37 6 43 31 39 27 28 21 18 24 8 33 15 36 9 5 22 44 20 26 42 34 7 0 46 16 45 1 32 23
43 29 36 46 20 23 2 1 34 45 40 28 33 24 39 7 22 25 18 21 42 19 3 38 9 41 26 30 47 10 0 5 12 11 17 27 44 8 15 14 13 32 37 35 6 4 16
45 42 4 46 37 15 17 18 39 16 6 27 26 11 21 5 23 1 29 43 36 34 9 47 13 14 0 35 3 28 40 44 10 22 41 12 7 20 19 31 33 38 2 8 24 30 25
43 38 23 20 17 15 25 31 8 45 16 40 26 29 46 22 13 10 35 2 44 41 28 39 9 4 6 19 5 27 36 0 7 47 14 21 18 42 30 34 12 3 11 32 24 37 1
8 12 45 36 25 20 15 43 7 5 41 31 11 14 39 21 44 28 1 32 19 16 10 26 40 17 18 9 13 24 23 27 6 4 47 2 46 37 3 38 33 35 30 22 0 42 29
20 9 38 25 4 11 47 44 40 43 30 23 24 33 8 32 45 0 18 12 42 6 13 5 10 14 15 39 2 27 29 19 34 37 21 1 26 46 16 41 28 3 31 36 22 7 17
0 31 25 34 13 39 20 44 45 24 19 8 15 12 22 28 21 17 40 7 32 37 1 6 5 10 11 47 4 33 2 29 14 23 26 42 27 30 3 38 16 9 18 46 41 35 43
0 20 19 27 22 23 32 45 46 43 5 2 3 17 6 16 47 41 36 18 40 4 10 7 30 8 42 28 9 11 12 24 34 15 25 39 29 1 26 21 35 38 13 14 33 31 44
5 24 35 1 12 33 42 9 22 14 19 13 28 39 27 16 30 0 15 41 10 4 44 47 31 7 23 3 11 34 18 45 29 26 43 8 6 36 37 46 25 2 40 32 21 20 17
41 47 36 43 18 32 11 38 12 34 28 6 23 31 42 7 26 3 25 19 45 33 1 30 24 27 22 0 4 9 10 40 8 37 35 15 14 29 13 2 21 17 16 20 44 5 46
20 19 16 0 30 11 22 2 31 14 3 9 35 6 36 28 33 10 44 7 37 34 29 41 47 8 46 4 18 32 27 43 39 45 5 24 21 1 42 23 13 38 12 26 17 25 15
14 0 47 39 3 46 17 21 20 43 30 34 2 8 27 12 9 37 7 11 29 16 38 1 40 15 5 31 6 44 33 45 23 18 4 10 13 26 24 42 32 19 28 22 25 35 36
23 13 32 38 3 0 28 26 47 6 22 16 2 39 5 4 9 46 15 31 18 21 45 29 17 44 11 37 35 24 14 10 27 41 20 36 33 1 40 12 25 8 30 7 19 43 34
31 33 12 7 10 34 39 41 19 18 3 22 11 5 37 27 44 26 35 8 13 32 20 21 24 14 9 28 2 23 30 1 47 16 29 0 40 15 45 6 38 25 46 17 42 36 4
47 8 10 21 45 36 6 29 22 15 11 14 9 28 35 19 7 43 34 2 16 24 40 38 42 46 41 33 13 18 32 17 31 4 23 5 26 30 12 39 27 37 0 1 20 25 3
34 32 44 37 36 20 31 46 21 13 5 33 24 29 18 26 42 25 12 39 16 35 41 15 23 9 40 43 19 2 6 8 28 22 10 38 11 0 7 47 4 1 27 30 14 3 17
41 31 4 22 28 5 6 32 11 7 45 37 17 42 0 25 33 15 27 26 24 44 1 40 16 13 23 34 29 8 14 19 2 47 10 12 43 35 38 36 20 30 18 3 21 9 39
13 41 25 18 39 44 14 17 7 42 35 15 21 22 6 0 12 30 37 32 40 38 23 5 1 4 34 36 31 24 19 43 2 28 33 16 26 11 29 46 10 27 9 8 45 3 20
