19 16 10 30 8 46 35 17 33 38 48 50 40 9 12 22 51 39 15 42 31 3 45 52 37 47 24 55 25 5 32 28 6 7 2 20 11 54 23 53 29 41 13 36 43 49 18 1 21 27 34 26 44 14 4
27 49 17 55 3 2 9 18 30 16 10 19 44 24 7 33 45 26 29 39 28 20 51 48 21 40 47 38 11 41 5 50 15 31 13 43 32 8 23 42 34 46 52 35 4 14 6 0 37 12 22 36 53 25 54
34 10 3 39 19 1 40 50 45 55 20 5 28 43 7 36 24 30 46 31 48 47 15 4 52 13 14 23 8 41 49 53 42 29 27 33 38 0 26 12 18 9 51 17 32 6 35 21 11 54 25 22 16 44 37
2 17 1 10 41 27 24 4 48 47 44 35 40 33 19 12 38 37 8 54 51 42 49 29 15 45 0 28 55 46 34 14 39 7 9 52 5 25 26 43 18 36 53 30 13 16 6 32 23 22 11 31 50 21 20
26 6 32 19 39 24 52 48 55 3 38 45 15 33 42 23 10 20 44 14 53 27 2 34 29 17 37 22 54 30 46 28 12 8 36 31 51 47 16 25 7 40 9 21 18 43 41 5 1 35 50 13 49 0 11
27 37 36 8 43 39 45 2 42 6 49 29 46 21 23 12 48 9 25 15 52 38 20 41 47 24 44 10 50 13 53 0 34 1 31 3 7 33 51 28 26 54 30 11 18 14 4 22 19 40 35 16 55 32 17
4 43 22 52 12 47 42 45 17 26 5 23 25 54 34 13 51 39 8 44 11 30 19 15 21 32 28 49 46 48 41 20 53 37 14 35 38 10 9 0 24 7 31 29 36 2 50 3 16 33 1 55 40 27 18
51 32 22 23 33 19 2 16 34 44 8 1 48 35 45 29 46 28 53 9 21 25 27 26 37 54 11 13 18 3 40 10 36 50 20 0 5 55 12 4 30 24 42 6 43 49 17 14 38 41 52 47 39 31 15
12 10 15 5 0 38 26 9 25 32 37 50 42 14 16 7 39 53 6 43 54 3 52 55 44 21 2 36 27 35 11 46 41 29 4 28 24 22 48 47 17 34 19 45 18 33 51 31 1 23 30 49 40 13 20
46 36 42 35 37 24 1 30 22 8 54 13 29 52 21 14 0 39 26 12 5 18 16 44 33 7 38 25 48 50 27 41 15 34 6 3 43 31 19 40 2 4 55 51 45 17 47 10 23 49 11 32 28 20 53
2 0 8 13 11 16 3 41 40 30 22 46 20 48 21 36 4 12 1 39 29 19 25 27 33 35 23 18 26 34 44 38 52 5 28 15 6 53 37 7 45 17 24 14 50 9 32 55 47 43 31 42 49 51 54
41 27 42 10 50 20 55 30 43 16 21 14 48 32 15 52 39 47 35 12 36 17 31 6 46 37 23 33 38 26 24 8 1 22 44 7 29 19 28 54 0 49 34 40 13 45 53 5 25 9 2 18 51 3 4
8 45 6 20 40 22 24 32 52 28 10 36 27 29 42 55 5 44 9 0 11 23 48 17 3 26 14 31 35 50 47 33 51 18 19 34 37 13 49 4 53 54 38 21 2 7 39 30 25 41 15 46 1 43 16
39 10 16 14 25 24 28 51 29 48 9 15 52 32 34 6 27 20 21 55 45 38 2 31 19 40 12 53 49 35 5 50 30 7 17 46 43 18 47 1 54 11 33 44 41 0 3 26 36 8 42 37 4 22 23
46 13 30 55 36 41 11 48 42 45 8 4 9 22 25 12 50 47 23 44 2 29 20 37 28 6 31 15 54 17 3 18 53 52 43 35 10 40 7 38 5 34 32 51 27 49 1 24 21 39 0 19 26 33 16
8 48 21 32 13 41 4 33 11 39 47 54 52 43 17 46 2 29 5 20 6 19 0 45 25 3 9 14 22 44 24 10 27 42 35 1 55 49 31 38 18 36 26 28 53 30 37 34 51 50 12 23 16 40 7
43 22 46 0 17 13 41 10 51 18 20 11 21 7 1 23 31 8 26 29 35 28 47 9 38 49 45 34 42 37 39 53 4 44 55 52 36 27 25 40 3 6 48 54 19 5 32 2 15 50 24 12 30 14 33
48 3 16 1 0 23 33 6 25 52 24 27 42 15 21 40 12 11 54 4 50 26 31 44 28 43 32 35 55 38 14 41 37 30 8 13 36 10 39 47 18 19 45 2 51 22 9 7 29 46 49 20 34 5 53
53 44 16 33 1 38 28 45 48 27 9 20 46 55 22 37 50 47 51 54 25 10 23 12 24 36 32 29 49 21 19 14 7 13 35 2 3 39 8 17 15 26 4 52 34 31 43 5 40 30 0 42 11 41 6
0 54 4 28 20 2 7 47 50 1 26 10 43 34 21 3 55 6 23 25 15 44 48 49 13 12 37 41 42 53 40 51 18 30 11 9 29 8 46 17 36 38 32 52 22 45 24 5 31 16 33 35 27 39 14
44 52 19 36 12 11 24 2 16 26 10 28 4 41 40 18 13 38 15 5 51 1 35 6 14 31 39 50 37 27 49 47 25 33 7 0 48 22 53 43 23 30 54 34 32 42 45 55 21 9 46 17 8 29 3
48 36 35 52 24 15 23 42 49 11 29 16 41 46 32 10 27 5 9 55 47 17 19 13 6 43 8 7 1 25 22 28 45 39 33 37 18 12 50 51 31 4 34 26 40 54 30 2 44 0 20 14 38 53 3
16 6 7 31 46 23 12 25 9 10 48 40 47 43 42 14 0 45 27 26 18 4 24 44 29 55 15 21 37 49 11 36 32 8 53 51 28 30 38 50 20 54 17 19 52 35 5 2 34 3 41 39 13 33 1
40 22 55 21 17 7 6 16 4 32 5 12 33 50 43 19 42 47 14 34 2 45 11 52 10 27 18 49 26 51 31 30 39 54 53 0 8 1 35 29 44 28 20 41 24 9 46 37 48 36 3 15 25 38 13
29 37 44 13 9 21 20 45 12 4 3 42 48 28 17 2 1 50 33 27 22 52 32 53 30 46 5 38 11 41 18 15 51 0 34 8 54 6 36 7 55 10 23 35 39 19 40 43 26 14 25 16 47 31 49
55 35 13 22 8 17 6 39 50 34 42 14 43 27 5 47 36 10 54 19 26 41 9 33 18 32 15 7 21 0 37 28 29 44 20 3 4 31 38 11 12 16 45 52 46 51 2 48 23 40 24 53 30 49 1
4 40 8 20 46 6 29 54 49 55 16 19 52 27 28 9 1 12 22 35 33 51 25 17 50 10 53 43 48 7 11 23 30 47 44 45 32 2 3 37 34 5 42 18 15 38 21 31 13 39 41 24 36 0 14
5 1 30 37 40 51 11 52 55 3 32 36 21 53 17 12 43 26 24 18 41 25 4 13 34 22 10 49 23 47 48 28 7 9 8 39 20 2 15 54 31 35 46 16 38 33 14 44 0 29 50 19 6 42 45
19 13 2 12 46 18 24 20 48 53 26 16 33 42 36 39 1 7 6 17 30 14 52 4 27 43 31 10 51 3 21 35 38 8 45 54 25 29 22 47 0 11 5 49 32 15 55 23 44 37 50 34 9 40 41
37 55 31 24 48 21 13 9 46 52 5 49 30 26 39 10 12 16 53 42 40 1 15 4 7 22 54 45 14 34 3 44 32 43 8 50 18 2 33 28 35 25 11 19 51 36 6 23 0 38 17 47 41 27 20
48 27 0 14 11 9 10 53 33 1 29 54 49 2 51 41 50 6 35 52 24 4 34 28 42 32 31 43 38 40 26 44 23 46 13 19 17 22 36 7 8 3 5 21 12 55 20 15 47 45 18 37 25 16 39
29 49 22 43 52 50 47 44 54 38 32 51 42 16 34 2 12 48 11 33 17 13 41 55 37 20 35 14 30 53 0 28 46 23 36 4 5 9 15 1 27 21 8 45 25 6 26 18 40 19 10 7 24 39 3
35 4 7 15 37 47 34 12 38 31 27 39 44 21 11 8 49 23 43 13 48 52 40 6 24 53 41 45 25 50 42 30 29 17 18 36 22 0 26 46 28 1 19 2 51 10 3 14 20 54 9 33 16 55 5
41 44 18 17 7 0 30 4 15 3 35 1 24 28 23 9 26 31 52 10 12 25 11 48 46 42 43 34 21 40 51 50 29 53 2 20 5 8 39 13 38 27 6 36 49 47 19 32 45 37 54 55 22 14 16
2 54 32 52 7 40 53 31 25 38 13 6 19 35 4 27 46 23 29 30 43 10 36 12 16 50 9 39 33 37 3 55 45 24 44 5 8 26 42 11 21 41 48 18 1 51 15 14 28 20 22 0 47 49 17
41 45 32 50 51 25 21 9 0 55 3 36 33 47 16 34 11 40 7 26 30 12 10 20 46 31 6 37 8 13 17 28 48 29 38 15 42 18 14 39 54 27 23 2 43 44 52 22 1 24 4 49 5 53 19
9 47 21 5 20 38 14 2 27 40 54 10 37 12 35 41 11 39 28 45 25 48 8 34 43 18 46 50 32 22 31 4 7 17 3 30 29 19 15 24 55 49 6 44 51 16 42 0 13 23 33 26 52 53 1
29 5 54 24 27 42 45 9 50 32 46 49 40 8 36 44 3 4 18 51 11 53 31 43 14 55 6 12 22 35 19 7 0 41 34 21 25 20 52 16 17 10 47 39 26 48 28 15 23 13 1 33 38 30 2
55 43 8 36 31 18 4 32 0 48 40 34 47 3 20 5 16 50 53 13 42 9 24 51 11 10 30 46 1 45 39 17 44 6 28 49 35 22 12 2 15 41 52 19 26 25 33 27 7 14 29 23 37 54 21
50 13 2 55 51 5 4 49 32 54 29 25 15 11 10 8 9 6 47 36 1 28 0 43 42 20 53 34 38 21 27 23 48 40 3 16 17 37 18 41 44 35 33 12 45 46 52 26 24 7 22 31 14 30 19
26 27 23 2 52 12 10 43 50 51 37 36 34 3 22 38 20 0 54 29 17 45 42 32 35 55 46 13 1 30 41 33 19 53 39 7 49 48 9 47 4 44 11 21 14 16 8 31 24 5 18 25 15 28 6
35 11 33 16 50 3 10 14 21 15 48 20 36 53 30 27 43 5 25 6 31 32 55 9 2 24 49 19 40 8 37 54 17 1 46 39 42 38 34 52 0 13 23 4 47 7 12 45 26 51 29 22 18 28 44
9 11 37 6 51 44 21 5 55 24 4 14 31 8 22 25 12 17 29 28 40 23 3 38 45 0 39 32 30 33 2 19 16 46 49 15 35 47 34 41 26 7 1 53 43 36 52 13 20 48 54 50 18 10 27
16 46 6 31 53 5 38 51 11 40 49 2 45 52 44 32 22 27 19 15 48 25 41 23 8 21 39 37 34 26 17 36 28 30 29 33 9 13 14 3 1 55 7 50 4 20 42 35 18 0 24 54 10 47 12
47 20 24 18 52 33 42 49 31 32 43 3 7 4 1 46 12 37 55 6 9 48 22 8 19 14 17 10 29 5 15 30 26 38 11 34 25 16 39 40 36 23 13 28 35 45 53 54 27 21 51 50 2 0 41
35 12 5 37 2 24 6 51 48 4 43 55 18 14 46 1 40 36 22 52 13 7 29 42 23 32 15 16 3 0 38 21 34 28 26 10 8 31 17 9 11 39 19 50 44 25 30 47 54 53 41 33 20 49 27
9 14 16 43 48 22 0 26 10 28 37 29 21 5 50 45 2 44 15 18 34 11 7 6 40 24 35 4 33 36 31 38 8 3 30 47 42 13 32 53 19 41 52 1 27 39 49 55 23 25 12 17 54 20 51
52 44 36 6 31 32 3 19 15 22 11 38 35 2 21 39 16 25 14 5 12 23 18 50 27 26 51 1 0 48 8 46 20 28 4 13 37 40 17 42 53 9 54 49 55 30 41 45 7 10 29 33 43 34 24
55 17 21 46 30 52 15 4 45 29 13 3 11 22 10 14 24 41 18 28 0 38 32 2 54 7 5 43 12 49 31 44 53 6 36 19 9 50 27 33 1 26 47 39 8 35 40 20 37 34 23 16 42 51 25
1 31 21 39 44 43 37 5 29 53 32 26 30 48 27 6 3 16 19 51 23 41 13 2 12 54 22 18 38 20 42 40 15 52 11 28 36 7 8 47 46 9 35 50 33 0 14 45 17 55 34 24 10 4 25
39 35 31 2 41 11 37 40 8 19 25 0 46 24 55 30 23 14 38 17 18 12 47 26 52 48 9 32 34 5 53 36 29 20 33 13 51 1 22 7 21 43 10 6 45 54 28 4 15 49 42 44 16 27 3
55 7 35 27 43 39 16 42 13 45 40 31 54 6 30 0 3 52 26 20 37 18 1 38 12 49 47 28 24 23 19 33 22 4 50 5 29 21 2 8 9 17 36 34 32 15 14 25 48 44 41 53 11 46 10
47 48 20 6 31 21 40 27 44 4 12 34 29 17 13 9 43 11 26 15 32 54 2 5 45 8 51 24 33 30 50 55 23 28 10 0 37 3 14 49 46 38 19 41 18 53 16 1 35 22 25 42 7 39 36
18 43 30 49 27 34 4 28 41 29 8 38 48 7 32 24 6 37 26 31 13 50 39 2 19 5 55 54 22 40 12 10 33 16 14 46 23 20 0 47 3 11 15 42 52 44 45 51 35 25 21 36 9 1 17
19 37 34 9 31 36 39 26 30 6 15 51 48 40 52 17 8 3 25 4 29 18 49 14 7 41 53 24 28 12 23 11 27 13 5 0 35 22 21 47 20 55 50 44 45 16 32 2 43 42 46 33 38 10 1
25 48 51 29 38 1 39 23 14 11 2 42 27 4 45 35 26 12 21 50 44 19 18 40 13 8 22 52 31 37 41 3 17 34 0 53 15 7 16 36 9 43 24 28 30 47 54 46 10 20 5 6 32 49 33
