10 26 9 43 22 17 50 62 25 40 49 38 31 39 16 59 29 61 56 23 52 20 28 33 12 4 8 51 6 3 24 1 2 57 15 60 13 58 14 19 63 11 21 27 36 5 37 44 35 42 53 18 46 34 47 55 45 32 41 48 30 54 7
31 13 10 39 21 56 17 55 48 60 19 49 3 9 41 45 59 32 40 44 12 22 36 26 7 53 52 47 34 20 6 42 33 43 18 2 61 0 30 16 37 28 24 38 4 29 5 58 8 15 23 14 62 35 57 63 46 51 25 27 11 50 54
3 46 18 50 4 44 38 37 53 35 62 41 14 10 7 58 60 32 49 5 59 20 25 8 11 63 43 17 19 23 55 51 22 1 33 54 52 15 29 31 0 13 9 34 26 6 40 28 24 57 36 56 16 12 39 27 47 30 48 21 61 42 45
2 16 34 23 45 20 15 58 56 59 41 61 32 49 42 24 38 1 28 54 51 52 47 19 25 8 6 7 5 17 43 55 27 9 37 11 29 10 36 63 21 14 50 0 12 31 62 48 53 13 33 30 60 57 18 35 44 39 4 26 46 22 40
22 52 34 2 56 10 44 55 11 57 29 15 6 41 32 48 40 46 37 42 16 21 25 27 8 62 23 9 17 20 24 51 61 38 45 0 35 63 13 49 53 31 60 36 58 18 7 5 30 1 54 28 12 33 14 50 19 43 26 47 59 3 39
12 10 55 56 52 8 62 16 32 54 58 37 2 24 59 20 3 47 30 45 40 46 60 25 50 35 49 6 23 43 33 36 11 26 57 48 31 21 42 53 17 19 27 41 39 4 1 9 15 63 13 14 18 0 29 7 22 34 38 44 61 28 51
62 48 13 24 11 41 45 26 46 20 4 34 18 9 39 43 56 51 28 58 3 42 19 55 61 7 60 59 37 25 49 12 17 1 8 40 52 38 35 5 27 57 50 21 15 33 0 14 31 36 44 2 53 32 63 16 47 30 23 29 10 22 54
30 17 31 29 53 58 54 2 16 28 3 33 47 46 6 27 1 62 35 44 22 55 37 41 63 59 52 20 32 57 18 50 48 12 36 56 39 61 19 49 4 51 15 38 60 13 21 11 10 8 42 5 9 34 26 45 25 40 23 43 24 0 14
52 35 25 47 53 49 51 28 5 56 21 18 38 33 13 62 42 4 3 20 39 48 19 43 26 58 2 17 6 15 9 30 54 0 31 12 22 63 61 41 60 11 10 50 37 1 44 34 59 24 14 23 46 7 27 36 29 16 32 57 40 45 55
0 50 14 37 60 25 19 54 26 61 36 11 1 6 16 33 20 15 29 58 55 38 4 22 21 32 3 42 39 40 43 8 49 51 59 53 48 13 52 30 31 41 2 63 47 28 57 5 44 35 45 24 27 17 23 7 62 10 56 46 34 12 18
53 0 24 5 63 4 31 49 52 1 57 20 39 41 50 17 58 2 47 46 28 60 35 43 36 62 29 23 12 14 44 16 48 38 15 55 56 32 18 11 19 42 59 3 51 40 30 27 26 8 21 37 34 45 13 61 22 7 25 33 9 6 54
42 60 35 4 6 14 31 46 39 32 25 9 63 50 57 59 49 38 23 33 28 45 48 29 20 16 2 34 3 62 21 18 55 19 10 40 24 30 53 5 54 12 15 41 36 27 44 8 17 13 56 51 58 0 7 47 26 22 52 37 1 61 43
5 41 20 43 42 57 25 36 31 52 61 26 24 38 39 1 10 21 47 40 35 19 6 34 49 29 33 27 0 37 50 44 51 46 8 11 7 53 48 62 28 3 30 45 56 55 63 18 54 59 15 23 2 16 13 14 4 22 32 58 9 60 17
44 47 62 6 1 53 34 32 33 19 26 41 51 56 8 43 38 45 35 28 22 59 15 36 50 63 31 37 55 61 16 9 29 4 14 48 30 24 2 0 54 20 52 39 11 46 7 57 3 5 10 40 60 17 25 12 21 23 42 18 27 49 58
18 9 53 11 51 22 33 2 40 57 34 17 62 48 41 47 37 43 36 49 63 10 46 21 23 61 54 52 29 42 25 56 50 39 38 32 3 13 20 28 6 60 59 44 16 0 45 1 19 35 5 8 31 55 27 26 30 12 58 15 4 24 7
22 57 31 32 56 3 20 35 34 4 44 62 55 38 63 9 28 54 25 24 23 58 60 18 13 39 17 43 37 61 16 8 10 47 53 42 29 6 2 49 11 0 19 7 26 5 1 36 50 21 27 40 48 12 14 41 30 33 45 59 46 52 51
3 32 61 51 49 43 24 58 5 25 9 7 54 60 0 4 59 47 39 37 18 40 17 50 33 29 10 11 63 15 44 35 52 41 45 13 56 36 20 46 21 53 42 57 19 1 30 23 55 27 14 48 34 2 12 22 6 62 8 31 28 38 26
62 34 7 1 31 0 10 22 49 54 25 52 14 27 58 40 16 19 15 4 3 28 35 42 50 8 6 30 26 18 60 2 21 55 36 43 20 23 38 41 63 24 32 5 45 11 44 48 39 37 59 29 46 47 13 9 61 53 56 57 51 33 12
2 56 36 14 22 39 60 33 8 6 31 58 43 50 47 27 16 48 15 62 57 49 44 52 17 11 10 55 1 26 45 7 37 63 53 29 40 42 4 34 32 59 54 46 19 24 5 21 28 12 35 51 25 20 61 3 0 38 30 13 23 9 41
50 42 43 25 29 54 41 9 56 62 1 13 3 34 23 51 30 31 6 17 8 26 48 12 46 59 2 39 32 44 33 11 35 21 10 58 38 52 61 47 20 27 16 40 15 7 5 45 49 63 36 60 0 18 53 22 14 55 24 4 28 37 57
32 12 3 15 10 28 49 6 25 35 34 60 9 22 2 52 55 8 5 44 43 61 21 54 53 1 58 0 11 62 4 48 31 29 42 7 16 17 30 57 51 26 46 45 19 41 14 13 36 56 47 27 40 38 24 39 33 59 18 50 63 37 23
28 46 49 1 43 34 44 37 55 61 63 8 36 58 59 26 45 4 33 42 22 32 56 12 20 9 57 24 14 31 41 11 29 38 50 17 40 47 51 6 19 52 53 3 62 16 30 5 54 25 48 27 10 7 23 15 0 39 18 13 60 2 35
15 4 32 55 18 44 0 35 14 51 43 17 41 47 39 46 60 56 58 20 1 13 21 45 9 57 24 31 7 28 38 63 54 36 2 49 8 23 27 29 50 59 52 42 33 26 19 10 62 30 53 11 5 34 16 12 25 48 40 37 61 6 3
51 3 60 31 29 47 46 63 54 57 25 45 52 19 36 27 15 4 55 11 0 10 59 62 14 43 61 5 2 34 39 17 28 50 26 42 22 56 24 33 37 35 16 1 32 58 21 8 41 49 12 9 40 6 13 30 48 44 20 38 7 18 53
48 10 6 63 25 45 37 41 16 60 3 47 12 5 15 26 56 54 29 22 62 21 27 30 4 42 40 33 39 11 55 57 36 34 17 13 50 0 23 43 46 1 59 52 32 53 2 44 51 8 18 9 20 19 61 49 38 58 14 31 35 7 28
51 42 50 19 63 8 53 57 24 12 9 20 11 0 30 16 23 17 32 59 39 4 61 3 15 2 43 45 35 28 6 27 33 5 14 40 58 52 60 54 62 44 48 34 21 56 49 37 38 55 10 36 18 46 47 13 22 41 1 7 29 26 31
0 28 38 58 6 53 9 31 13 48 12 21 40 57 32 42 1 24 46 63 19 8 27 60 17 41 49 51 61 39 18 20 5 23 30 10 44 52 55 59 29 56 2 47 15 45 22 50 11 34 14 37 7 35 36 62 4 25 54 43 3 33 16
29 28 63 54 40 31 48 58 32 51 4 17 61 18 44 53 52 37 23 35 49 45 7 34 43 3 26 25 47 42 24 12 6 39 50 33 10 59 22 19 60 41 11 36 5 21 62 16 20 38 15 0 46 57 9 8 14 2 30 1 13 56 55
21 26 54 58 27 31 20 57 8 60 3 45 33 32 29 52 10 6 15 62 7 13 11 25 55 42 38 36 30 17 22 34 0 53 37 61 35 23 47 44 12 14 50 1 40 63 59 9 2 43 39 18 51 46 56 4 49 41 19 5 16 48 24
27 58 19 59 37 41 54 23 36 7 4 50 28 56 0 9 49 44 10 24 11 16 31 30 40 46 12 20 14 21 34 3 57 55 43 15 51 2 13 60 61 22 18 26 1 35 17 39 63 33 5 62 47 42 52 32 8 38 45 25 6 53 48
50 7 44 36 54 53 33 51 25 62 19 47 37 49 43 5 28 32 52 29 17 41 56 24 60 39 31 38 8 20 11 9 10 26 13 21 57 40 48 61 1 42 16 12 45 4 3 22 59 14 27 35 46 18 63 6 15 58 2 34 23 55 0
15 1 63 10 23 28 17 7 11 61 27 12 58 51 26 42 0 18 36 45 46 60 62 19 22 40 44 29 52 13 21 20 32 48 41 49 30 39 59 8 56 2 9 43 50 5 57 4 37 6 3 53 55 34 14 33 35 47 38 16 24 54 25
55 37 42 20 22 39 16 15 51 35 13 3 11 4 28 34 5 44 27 50 2 25 1 40 26 21 46 9 38 30 36 31 10 58 47 19 63 7 14 61 17 59 53 18 49 24 23 41 6 48 56 43 45 57 54 29 60 52 8 12 0 62 33
49 35 44 18 30 13 14 48 63 28 8 59 9 21 61 7 11 52 16 39 25 55 0 12 45 24 5 36 19 1 60 2 6 51 27 43 57 47 41 23 50 62 38 53 22 3 46 29 20 42 31 58 10 34 4 37 15 56 40 26 17 32 54
4 3 48 17 13 21 45 15 20 6 32 14 19 54 53 37 40 27 1 46 28 12 62 11 63 43 60 56 29 50 23 58 24 52 2 49 25 18 59 57 42 44 10 31 8 16 47 26 33 39 22 35 55 41 7 61 38 5 0 36 30 51 9
61 40 8 62 11 58 22 63 33 32 43 47 15 2 46 20 44 52 60 59 48 36 51 10 13 27 25 53 7 12 55 38 17 54 5 16 6 19 28 4 50 23 49 42 57 29 9 14 1 18 31 0 45 34 3 30 41 26 37 24 39 56 21
42 51 18 30 29 62 12 45 9 48 21 35 49 55 31 23 10 1 14 47 58 13 28 32 44 57 41 43 17 16 33 5 22 40 3 38 52 24 7 56 4 37 11 6 20 61 27 63 53 19 15 2 60 0 25 8 59 26 34 39 50 46 54
50 51 32 47 43 42 29 61 9 44 2 24 21 52 4 5 57 16 27 30 62 34 14 38 46 6 3 15 7 13 49 55 41 12 60 28 53 18 59 31 36 1 23 48 10 8 54 17 40 25 56 0 39 26 33 22 11 58 20 35 19 63 45
26 63 2 3 0 8 15 45 61 12 13 11 37 9 32 28 35 44 54 22 6 56 10 21 42 4 46 30 14 53 19 36 17 51 57 1 7 33 47 41 27 39 25 20 43 50 59 18 31 58 34 55 24 5 29 23 60 52 49 62 16 48 40
55 52 32 59 49 18 1 48 10 45 11 53 22 0 6 25 44 16 12 8 62 15 47 33 54 50 9 30 61 19 24 31 23 14 26 42 46 27 58 7 13 5 57 51 17 43 28 29 38 21 40 20 41 63 2 37 34 60 36 56 3 35 4
35 47 59 27 0 4 14 58 49 26 1 16 48 56 32 17 34 12 31 5 43 29 6 9 21 24 25 11 52 36 10 30 19 50 18 61 62 28 44 2 37 20 13 41 15 39 53 51 45 42 22 55 60 23 57 33 7 8 46 63 54 3 38
44 50 12 52 59 29 49 6 47 58 19 24 10 3 2 4 22 1 13 63 60 48 14 53 42 57 7 54 16 30 21 37 36 31 45 26 17 9 62 61 20 8 11 33 27 5 46 38 32 43 40 55 51 23 39 56 34 15 25 35 28 0 18
19 25 11 36 32 37 12 45 3 62 31 51 43 4 8 21 6 58 26 53 28 41 48 17 9 57 27 1 14 20 38 24 55 54 47 15 50 10 39 60 23 5 16 59 30 56 18 61 35 49 52 22 34 33 7 0 40 29 46 13 63 44 2
19 47 0 37 12 21 59 16 54 61 35 52 22 18 42 6 13 10 14 25 20 27 63 8 48 15 30 60 3 40 23 57 53 34 2 62 9 36 5 17 1 29 31 33 24 46 45 55 58 28 39 41 38 50 49 44 32 51 4 56 26 7 11
13 41 50 2 4 22 30 37 21 33 35 15 49 54 32 53 55 39 27 1 29 20 10 58 7 31 38 47 18 45 62 16 36 46 52 19 12 57 28 26 48 25 60 11 6 61 40 14 17 34 8 63 24 9 43 0 51 3 56 59 23 5 42
48 3 39 6 34 49 24 42 36 59 28 1 23 38 21 13 31 52 27 25 11 22 5 44 33 61 16 55 41 47 4 18 57 20 53 58 17 43 19 12 30 26 56 62 10 14 9 60 40 46 32 35 50 7 29 15 0 54 8 63 51 37 2
2 21 55 6 23 11 57 35 47 4 10 22 31 7 61 26 32 37 14 59 60 34 5 29 19 44 38 48 50 12 39 20 16 56 49 43 24 13 41 54 52 18 17 33 27 25 28 8 62 45 1 30 0 42 53 36 63 9 58 15 40 3 51
13 43 37 8 40 41 23 35 46 24 10 22 3 56 18 62 16 61 55 30 14 63 7 36 5 12 50 1 60 39 44 53 57 52 27 15 58 21 42 45 32 59 49 28 19 54 33 9 26 20 38 34 17 11 25 31 29 2 6 0 48 4 51
45 24 61 6 57 34 39 1 50 36 33 4 27 26 35 41 14 40 18 63 8 42 43 19 52 59 11 10 20 31 51 46 9 5 60 13 7 12 30 44 25 21 37 3 17 56 16 32 54 15 58 55 22 62 53 47 23 2 28 0 49 29 38
33 21 39 10 41 8 16 45 20 3 55 44 1 17 0 62 40 2 36 51 29 30 11 27 61 14 56 6 18 12 5 37 52 54 9 31 26 47 22 4 15 46 63 34 7 50 19 35 42 32 57 25 53 43 59 24 23 28 58 13 38 48 60
19 37 41 25 44 2 55 30 9 53 58 0 10 60 48 29 32 18 61 11 54 52 47 16 13 17 5 39 62 21 34 12 14 6 42 46 7 23 27 31 3 35 24 57 28 33 40 22 49 59 8 56 15 26 43 38 51 45 4 20 36 63 1
25 37 23 36 55 32 16 8 14 22 59 31 57 30 3 42 13 27 35 6 49 19 62 4 48 9 21 2 12 26 29 10 20 33 0 58 61 38 53 56 7 39 11 24 41 28 60 18 40 54 50 44 43 1 52 63 34 47 17 5 45 15 46
8 4 39 41 10 55 43 5 12 37 35 28 3 23 17 20 27 45 33 50 63 1 53 48 0 30 31 47 6 14 18 16 62 49 44 7 40 9 25 2 54 36 21 60 19 57 56 34 26 13 24 42 46 22 58 59 61 29 11 51 32 38 15
10 25 56 13 8 50 14 57 2 63 26 7 30 39 55 44 27 34 42 41 35 1 52 20 47 43 15 58 28 9 59 38 11 37 21 16 4 45 12 32 18 5 51 31 36 3 33 24 6 19 49 60 40 22 0 48 62 17 46 54 23 29 61
59 28 29 19 27 43 9 30 23 7 3 44 17 5 60 16 55 15 50 34 57 58 24 20 63 35 38 39 14 41 49 42 22 62 61 8 2 52 11 25 47 13 21 46 37 56 18 12 48 51 4 32 53 26 31 6 36 45 10 1 0 40 33
39 32 50 22 51 56 52 4 46 5 1 60 21 49 53 15 58 54 44 36 20 47 6 23 63 9 28 61 35 3 7 33 13 10 37 45 57 17 42 18 11 2 24 29 26 43 16 31 12 41 25 19 59 14 62 48 34 40 38 0 30 27 8
18 4 15 63 53 55 1 5 3 19 58 8 29 62 13 47 22 6 40 0 24 21 49 38 30 34 10 61 14 16 59 31 46 52 23 36 7 26 20 42 51 60 50 48 11 12 54 25 2 45 37 32 28 41 44 33 43 39 9 57 17 35 27
15 48 63 10 12 25 53 28 4 46 51 23 14 61 37 11 26 54 22 18 41 21 47 43 42 36 55 6 29 44 20 7 24 59 45 5 52 30 31 16 0 33 50 38 39 9 34 62 35 13 2 49 58 27 3 1 32 60 40 56 8 17 19
63 29 28 35 26 3 60 41 50 59 56 31 10 7 16 18 21 55 2 5 27 40 22 17 6 42 15 54 9 36 8 44 61 20 47 53 32 25 34 19 62 39 51 45 4 43 0 1 23 11 52 57 33 48 14 38 30 24 49 37 12 46 13
54 29 39 41 43 40 3 58 45 51 35 21 1 33 0 16 25 60 62 2 5 11 13 61 6 48 23 46 19 7 56 9 31 63 53 47 10 57 27 32 37 42 26 14 24 50 34 28 22 18 17 8 52 38 49 12 20 55 30 36 44 15 4
11 23 18 58 9 55 24 28 1 50 35 2 54 20 16 22 10 59 41 31 15 6 43 47 46 26 5 34 17 30 61 37 62 33 25 52 48 29 42 4 27 0 44 8 14 56 7 63 19 53 36 13 45 51 3 39 57 40 32 21 38 49 12
48 35 16 62 37 31 63 43 3 9 21 12 57 50 38 47 27 25 33 0 49 59 20 46 6 55 58 15 14 45 13 23 56 60 4 39 54 26 28 32 1 51 41 19 8 29 30 7 36 40 42 44 10 24 18 52 34 17 22 5 11 2 53
6 17 35 13 61 36 0 19 2 5 42 63 15 49 56 8 14 47 59 30 28 4 37 10 31 39 7 18 24 23 20 34 44 51 50 11 43 52 60 54 58 21 41 25 12 3 40 33 57 27 45 1 22 46 29 55 9 48 53 16 26 38 32
58 25 31 10 57 56 38 27 24 35 61 53 21 33 23 62 11 15 41 47 55 48 26 14 43 52 54 13 16 2 22 34 7 32 59 3 17 4 18 8 49 9 28 19 36 60 5 44 12 0 29 6 1 39 30 51 50 20 42 46 37 45 40
