9 7 6 3 14 4 2 5 11 15 1 12 8 10 13
15 7 11 14 5 6 12 8 9 13 10 0 3 2 4
11 15 3 5 9 12 14 0 4 13 10 7 6 1 8
6 13 2 0 10 9 5 12 15 7 11 4 14 1 8
14 15 10 12 9 13 5 11 0 8 6 2 7 3 1
15 14 10 12 4 2 1 6 8 3 0 13 9 11 7
12 7 3 0 15 5 1 4 10 8 14 13 11 2 9
6 1 11 0 10 13 12 3 14 4 8 9 5 2 15
13 12 9 10 5 4 11 1 14 15 6 7 0 3 2
11 0 12 13 4 2 3 8 1 14 15 10 5 7 6
11 5 7 4 12 3 14 8 6 13 1 2 9 15 0
9 10 1 7 2 14 4 8 12 0 3 15 5 6 13
6 9 5 4 10 8 2 1 3 11 13 15 7 14 0
8 9 3 4 15 14 5 12 7 1 10 2 6 11 0
4 5 0 1 10 11 2 13 8 6 7 12 9 3 15
1 5 4 2 6 13 8 12 3 0 9 11 10 14 7
