13 14 3 6 10 15 11 5 2 12 9 8 7 1 4
5 12 13 8 4 7 6 9 10 11 14 2 0 3 15
4 13 8 9 12 5 0 10 3 15 11 7 14 1 6
13 0 11 4 6 14 2 9 10 7 15 8 1 5 12
2 7 10 3 6 5 1 12 11 8 9 14 15 13 0
10 1 7 0 2 11 4 6 8 13 9 12 15 3 14
14 0 15 12 3 4 5 1 7 11 9 8 13 10 2
14 4 10 5 8 1 6 2 11 3 9 0 12 13 15
2 13 7 15 1 5 9 12 11 0 14 4 3 6 10
12 15 2 8 5 13 14 0 3 11 1 7 4 6 10
5 4 0 7 15 13 2 11 3 1 14 6 12 9 8
0 3 5 13 14 4 8 2 9 10 6 7 1 12 15
9 1 2 6 0 14 4 15 8 5 13 7 11 10 3
3 0 2 1 8 10 11 14 5 9 12 7 6 15 4
7 6 0 12 3 13 11 15 9 8 1 2 10 4 5
9 0 6 8 10 14 12 2 3 5 4 1 13 11 7
