11 7 1 13 3 4 10 5 8 15 9 14 12 6 2
3 0 9 10 7 5 2 13 14 4 6 15 11 12 8
7 11 13 14 3 6 1 15 5 4 9 10 12 8 0
11 10 1 15 9 5 2 4 6 8 0 13 7 14 12
9 12 13 15 3 5 11 0 2 1 6 8 7 10 14
14 9 3 11 6 1 15 4 2 0 13 7 12 10 8
11 8 15 7 12 2 5 3 1 14 4 13 10 0 9
2 0 14 12 6 13 9 1 8 11 3 15 5 4 10
10 6 12 15 7 13 3 9 0 4 11 14 5 2 1
4 5 12 1 3 13 7 10 14 11 8 15 0 2 6
3 8 14 11 1 9 15 0 12 5 6 13 2 4 7
3 0 2 6 12 15 14 10 5 4 9 7 1 13 8
11 7 9 4 13 8 6 15 3 10 5 0 2 14 1
2 9 4 0 12 7 8 15 3 1 5 6 10 14 11
5 7 10 15 2 11 9 1 6 3 0 13 8 12 4
3 11 14 6 8 4 5 12 10 2 13 9 7 0 1
