16 21 9 5 3 4 18 10 11 23 20 13 12 6 14 17 22 1 15 19 8 7 2
8 14 11 3 5 17 6 21 18 16 22 23 0 7 9 2 12 10 13 4 20 15 19
21 8 20 3 15 17 16 10 13 14 12 9 6 19 4 18 1 22 23 5 7 11 0
19 13 9 18 23 2 1 0 14 15 8 5 12 20 10 17 6 16 11 22 7 4 21
22 23 7 14 8 0 15 16 9 6 21 5 19 2 10 18 11 1 12 3 17 20 13
18 22 17 21 0 16 1 19 11 3 20 23 14 12 15 9 10 4 8 7 13 2 6
13 19 15 10 12 8 7 17 14 18 1 4 22 9 11 0 2 23 3 21 20 16 5
12 23 4 10 6 21 16 15 19 14 11 17 8 20 5 1 9 3 22 2 0 13 18
1 2 20 6 14 10 4 12 3 22 9 17 15 7 18 5 21 16 23 11 13 0 19
3 17 23 0 13 10 4 8 19 14 6 15 5 2 16 12 20 1 7 21 11 22 18
13 6 7 8 14 17 9 11 20 2 0 15 5 3 18 16 23 4 22 1 21 12 19
1 23 5 10 22 7 17 15 14 0 6 21 20 19 3 16 8 4 13 9 12 18 2
23 18 7 20 6 16 8 3 17 14 22 19 5 0 2 13 9 15 1 4 10 11 21
6 3 19 10 14 9 15 18 22 2 0 12 16 17 5 21 1 11 8 23 7 20 4
1 23 13 4 8 19 10 3 16 6 22 7 21 12 5 9 11 2 0 18 20 15 17
21 6 2 17 7 13 3 4 23 19 11 20 10 18 5 8 9 12 14 0 16 22 1
21 18 0 17 5 12 7 2 14 4 20 9 1 23 10 13 3 19 8 11 6 22 15
23 9 5 16 6 2 15 19 10 1 11 12 7 8 18 3 20 0 21 13 14 4 22
5 16 3 12 13 21 20 23 0 6 17 15 1 8 14 10 4 2 22 19 11 7 9
3 13 23 6 5 14 17 7 15 9 12 22 4 2 20 21 16 11 18 0 8 10 1
22 2 12 8 5 18 10 3 15 16 0 23 7 9 17 21 19 11 14 6 1 4 13
15 16 2 0 5 7 18 14 1 4 11 6 20 19 17 22 8 23 13 9 10 3 12
5 20 4 13 14 11 8 6 12 19 23 1 0 10 21 18 3 16 2 7 15 9 17
12 17 19 7 3 4 14 9 11 5 18 15 0 20 22 6 16 1 10 21 8 2 13
