7 13 15 14 11 21 8 17 3 16 23 5 19 22 9 4 10 6 12 2 18 1 20
14 19 8 7 10 3 12 4 20 17 16 9 21 6 13 18 22 11 15 2 0 23 5
8 9 20 18 19 21 14 22 12 15 5 11 23 7 3 17 16 6 4 10 1 0 13
8 1 22 17 10 14 15 13 6 4 9 20 0 2 11 23 16 5 12 18 21 7 19
21 17 1 11 7 8 13 23 3 16 10 15 22 9 12 18 19 5 2 14 20 0 6
7 6 16 9 13 18 22 10 2 20 19 14 0 17 4 8 12 21 3 23 11 15 1
13 5 22 11 19 3 16 1 23 10 12 2 14 8 15 18 7 17 4 0 9 20 21
0 5 21 1 10 13 11 19 4 16 22 15 8 17 2 18 9 20 12 23 6 14 3
2 1 3 17 10 15 12 4 22 20 7 11 19 9 0 14 13 21 5 6 18 16 23
2 5 17 16 21 1 19 8 12 3 18 23 15 20 22 4 7 0 10 14 6 11 13
12 1 8 21 7 3 17 18 15 5 14 4 16 23 6 11 9 2 22 0 13 19 20
7 4 6 8 0 14 12 2 20 13 15 23 3 18 10 17 21 19 5 16 1 9 22
10 1 8 2 23 15 18 20 22 11 9 21 14 6 19 4 16 5 7 13 17 3 0
22 17 6 7 0 21 5 4 3 15 19 11 1 18 8 20 14 23 12 10 16 9 2
23 1 2 3 0 11 10 19 22 21 12 5 8 20 18 6 4 13 9 7 17 16 15
17 22 8 19 20 0 7 3 2 18 12 10 13 9 11 16 23 4 21 6 1 14 5
17 18 19 5 22 9 7 23 1 4 6 10 15 0 2 20 12 21 8 3 14 11 13
20 15 16 8 13 23 4 9 3 10 1 22 7 19 0 21 2 5 18 11 6 12 14
16 2 10 5 15 12 22 9 21 20 1 13 7 4 14 11 17 8 6 19 23 3 0
23 1 16 7 2 15 20 22 6 8 9 14 17 13 5 12 0 4 11 18 10 21 3
17 2 15 19 1 21 8 12 5 3 11 9 18 23 22 16 14 13 7 4 10 0 6
7 4 10 2 13 20 9 0 1 12 14 17 18 8 15 23 16 11 5 22 3 19 6
13 15 16 3 2 6 7 5 8 19 17 12 18 14 9 20 4 1 0 10 21 23 11
14 19 17 12 16 4 9 10 2 15 11 6 20 0 3 21 13 7 5 18 22 8 1
