1 10 5 6 16 12 2 15 18 21 7 14 11 22 23 17 3 13 19 4 9 20 8
12 19 22 0 15 14 2 6 10 7 20 16 21 4 18 17 23 5 8 9 11 3 13
12 1 20 0 22 21 7 13 18 14 11 23 8 16 4 6 10 9 5 17 19 15 3
13 7 9 8 12 4 15 5 10 16 21 19 18 11 23 14 22 0 17 6 20 2 1
17 14 23 9 3 16 5 22 1 18 11 19 13 15 20 2 21 7 10 8 0 6 12
0 6 20 18 19 11 13 4 23 3 17 14 12 9 1 7 8 10 21 15 2 22 16
1 5 0 22 18 10 7 20 17 19 21 12 13 14 9 2 11 15 8 16 23 3 4
20 14 17 3 1 13 23 19 2 22 6 16 15 12 0 5 21 10 4 18 11 8 9
14 10 15 22 13 3 17 12 11 9 21 18 2 1 5 6 19 4 23 7 0 20 16
22 23 3 21 13 4 15 8 10 14 20 5 6 17 1 12 2 0 11 16 19 18 7
11 23 0 8 17 1 19 13 6 15 3 16 9 18 14 21 20 7 2 4 5 22 12
10 15 19 23 5 14 12 18 2 4 20 3 8 0 21 6 17 22 1 7 9 13 16
2 1 20 14 0 18 3 11 8 7 6 5 19 15 23 17 9 13 10 4 16 22 21
22 3 15 14 7 5 10 8 9 16 21 2 18 6 23 4 0 19 12 11 20 1 17
8 1 7 12 13 4 22 23 11 20 2 18 5 17 9 3 0 10 15 6 16 19 21
1 11 13 8 20 0 3 10 18 7 21 19 16 9 14 4 12 6 22 5 23 2 17
19 23 0 21 13 4 3 7 18 1 20 10 15 22 2 6 14 9 17 12 8 11 5
4 10 7 19 22 23 8 6 5 20 1 14 9 0 18 11 3 12 2 16 15 13 21
20 5 12 21 0 6 22 15 16 2 4 11 1 13 3 14 10 23 8 17 19 7 9
16 1 11 10 5 17 7 22 21 6 15 3 4 12 23 0 8 13 20 18 14 2 9
18 7 12 5 23 2 15 22 1 6 21 14 16 17 11 9 10 4 19 3 0 13 8
2 9 18 16 22 19 13 3 20 1 15 0 6 8 10 11 4 7 5 23 14 12 17
1 13 6 8 2 9 20 17 14 18 19 7 21 4 23 16 0 3 15 11 10 5 12
10 16 11 20 9 7 4 14 5 17 22 3 18 13 1 0 2 12 19 6 8 15 21
