5 2 22 23 15 21 1 14 20 8 3 7 19 10 16 18 12 17 4 9 11 6 13
11 9 16 17 19 23 4 8 0 3 20 13 18 2 21 22 15 12 6 5 7 14 10
10 6 0 9 3 18 13 17 23 5 11 19 12 1 15 7 8 22 16 14 4 21 20
7 5 17 18 19 13 4 16 2 1 22 23 12 0 9 15 10 20 11 8 6 21 14
6 16 20 15 9 1 21 3 12 14 22 23 19 10 0 13 2 5 7 18 8 11 17
16 0 3 8 22 18 2 6 12 11 14 9 7 19 21 23 10 4 17 13 15 20 1
4 14 7 9 2 15 8 21 5 10 16 17 23 18 13 22 20 11 0 12 3 1 19
3 17 6 22 8 11 9 20 0 13 10 2 23 5 16 21 15 4 12 14 18 1 19
10 5 7 6 1 21 14 11 13 16 20 12 23 19 0 15 9 2 22 3 18 17 4
10 1 6 2 23 18 4 12 17 20 21 7 13 3 8 16 22 11 5 0 15 19 14
9 17 8 2 15 23 0 6 16 22 7 19 11 4 3 12 13 5 20 14 18 1 21
1 18 21 23 17 19 20 22 8 16 7 13 14 2 5 10 9 15 3 12 0 6 4
23 16 9 22 14 4 19 8 21 17 3 20 2 5 0 10 11 13 1 6 7 18 15
17 19 22 16 3 21 23 14 8 18 2 9 20 11 1 7 15 12 6 4 10 0 5
6 22 15 16 20 23 8 17 12 13 0 21 4 19 11 5 18 2 7 3 1 10 9
14 6 10 4 0 19 16 20 8 18 2 3 17 13 11 23 21 1 7 9 5 22 12
5 21 12 1 4 14 22 13 15 23 3 17 11 8 20 10 6 0 9 19 2 7 18
10 7 13 1 3 21 11 9 14 16 2 12 22 6 18 23 15 0 5 8 20 19 4
23 21 11 9 3 5 2 13 20 1 15 0 17 6 22 14 16 12 8 19 4 7 10
13 22 20 1 15 11 3 12 8 14 0 2 4 10 16 5 18 9 21 7 23 6 17
19 4 14 9 21 11 18 8 0 13 16 1 7 12 15 3 6 22 23 5 10 17 2
16 18 11 17 4 0 20 8 13 6 22 14 9 12 1 23 7 15 5 2 3 19 10
14 19 7 13 0 16 12 11 5 21 3 23 4 17 10 9 18 1 2 6 8 20 15
18 12 9 0 11 1 14 16 13 10 2 8 3 22 4 6 17 7 21 15 5 20 19
