9 4 22 21 13 14 23 26 27 31 5 7 25 24 16 17 11 1 15 2 18 28 6 29 8 3 19 12 30 10 20
24 13 9 5 4 23 15 25 16 2 20 0 28 31 12 21 18 7 10 17 22 11 30 14 8 26 29 6 19 3 27
31 19 11 10 3 23 5 27 24 30 14 22 29 1 18 21 17 16 0 7 28 6 4 8 20 13 15 26 12 9 25
19 4 2 6 16 23 20 13 10 30 9 12 31 22 7 27 26 5 17 24 15 18 14 21 0 28 25 11 1 8 29
25 20 26 22 3 0 1 29 24 16 11 6 28 15 31 2 21 27 19 30 9 18 7 23 12 14 5 8 13 10 17
10 9 25 18 1 7 2 13 30 24 16 28 0 23 31 3 6 21 14 11 12 26 22 8 27 19 15 20 17 4 29
12 30 11 17 3 27 16 14 29 23 18 20 4 31 28 22 5 25 8 2 9 13 0 24 21 26 15 1 7 10 19
8 18 26 24 5 21 10 25 19 23 0 16 15 27 3 30 9 20 29 13 31 2 11 1 22 12 14 4 28 6 17
7 29 16 9 24 10 18 11 14 28 20 22 6 13 30 21 5 26 17 2 31 27 0 19 1 25 4 15 23 12 3
5 1 8 0 19 24 25 13 22 28 3 27 17 20 18 7 14 29 16 10 6 23 15 31 30 4 12 11 26 2 21
5 22 18 2 23 7 26 8 25 21 31 3 29 11 24 15 9 14 16 1 27 17 13 12 30 19 28 4 0 6 20
6 2 31 14 26 8 27 4 15 10 0 12 19 17 5 18 21 29 28 7 20 13 30 22 16 1 25 23 9 3 24
18 13 6 31 27 21 14 19 17 20 3 29 16 11 15 1 28 5 24 30 22 7 23 10 4 25 9 2 0 26 8
12 24 1 19 25 0 9 15 5 3 14 30 31 7 23 8 21 18 11 29 17 6 28 10 22 2 27 26 4 20 16
21 6 12 11 0 16 2 13 8 25 23 18 28 22 9 5 10 17 19 24 29 30 3 7 31 1 4 15 26 27 20
21 24 13 23 17 31 29 25 27 1 16 11 7 30 20 0 12 4 10 28 19 3 5 9 18 2 6 14 8 22 26
8 6 3 28 22 31 24 5 14 4 15 23 0 7 1 27 12 9 2 18 10 26 30 11 19 21 20 17 25 13 29
6 22 28 21 25 15 12 9 31 0 30 29 2 26 3 11 18 14 20 1 8 23 13 10 5 19 16 4 7 27 24
12 7 10 20 5 29 6 22 23 8 24 14 27 9 2 25 0 17 16 28 11 26 13 21 19 1 31 3 30 15 4
30 13 27 2 31 3 9 24 28 12 7 26 11 21 14 15 18 20 25 5 4 29 23 16 17 22 10 8 0 1 6
28 4 27 31 18 3 26 12 6 9 15 1 8 7 21 22 24 19 11 17 29 2 25 30 23 5 16 13 0 14 10
15 14 12 25 29 0 7 17 10 30 2 5 23 20 1 11 22 19 13 18 8 24 28 4 3 27 6 26 16 31 9
10 28 4 26 0 17 30 27 9 16 18 24 31 2 25 14 3 6 23 8 29 20 21 5 12 7 11 1 13 19 15
26 25 10 2 6 0 3 28 18 15 1 7 5 14 16 30 22 21 13 9 17 19 12 29 20 24 31 4 11 27 8
1 13 15 29 25 9 7 19 8 5 16 2 22 28 30 18 4 0 10 3 12 20 14 21 26 6 23 31 27 17 11
4 5 23 24 9 13 21 10 17 7 22 15 1 14 0 31 29 18 6 19 26 20 11 8 12 27 3 16 30 2 28
23 27 28 4 7 22 29 10 0 11 20 19 3 17 30 18 5 16 8 25 24 31 6 21 13 1 2 14 9 12 15
26 20 12 19 28 6 22 2 0 15 11 9 18 16 7 3 29 5 4 10 30 8 21 31 13 24 25 23 14 1 17
20 26 22 27 17 19 16 29 9 23 24 5 31 14 8 4 1 6 12 0 18 15 11 2 21 13 3 7 10 25 30
8 24 21 26 28 6 18 4 15 10 2 12 17 9 25 31 27 7 22 11 30 13 20 14 0 19 23 1 5 16 3
19 6 31 22 5 2 3 24 21 15 17 7 13 23 26 8 12 11 29 16 14 27 18 20 4 9 1 10 25 0 28
2 12 30 19 20 11 16 10 0 22 15 28 17 25 3 6 5 29 1 13 4 7 18 8 26 9 14 27 23 24 21
