8 47 5 12 46 31 42 30 1 34 29 40 36 20 33 41 35 7 32 6 38 14 19 22 44 45 17 28 37 23 16 21 24 15 27 4 3 26 13 25 9 43 39 18 10 11 2
6 41 5 15 27 20 9 2 42 23 0 43 47 25 18 36 19 32 33 30 28 34 44 16 3 24 14 22 17 29 39 8 11 10 40 46 37 12 38 45 4 21 13 7 35 26 31
9 45 33 26 32 1 46 4 38 15 42 19 6 30 39 25 35 22 34 7 16 29 44 18 47 23 40 43 20 3 14 24 12 21 8 31 37 28 27 5 13 17 11 36 10 0 41
4 40 28 44 21 9 45 17 15 27 20 31 33 12 25 42 14 18 38 36 39 47 1 22 24 13 19 32 8 34 10 37 2 6 29 41 7 46 0 16 26 35 23 5 11 43 30
38 44 30 3 25 8 20 43 37 2 47 21 19 26 5 7 45 22 18 11 31 23 35 27 17 39 34 9 24 16 46 42 15 6 12 28 40 41 0 36 33 10 13 1 29 14 32
24 40 1 33 10 25 0 35 14 27 11 19 38 15 45 4 13 39 17 6 12 36 21 28 32 9 29 30 7 47 34 8 37 42 23 20 41 31 44 3 22 26 2 18 43 16 46
40 1 21 45 15 47 46 25 30 2 11 16 42 35 5 24 27 37 36 44 33 22 0 38 39 14 12 43 31 28 4 3 17 9 34 10 23 8 32 41 29 7 26 20 19 13 18
23 29 37 12 19 8 18 41 16 4 21 13 44 28 35 30 20 11 33 2 38 42 0 17 36 26 46 24 45 39 31 5 43 14 34 47 9 3 15 32 27 25 40 6 1 22 10
0 32 34 4 40 47 24 22 9 19 7 46 13 25 18 23 20 42 16 39 27 31 44 26 11 37 1 10 35 3 15 45 33 38 5 29 2 12 14 6 28 41 43 36 30 21 17
2 31 14 35 32 30 22 25 1 3 8 13 12 41 10 21 17 42 37 44 39 36 34 47 43 27 29 19 33 20 45 28 16 38 26 40 4 18 5 23 11 15 6 7 0 24 46
30 28 12 5 39 42 25 47 36 33 43 46 9 31 19 17 44 26 15 16 45 38 11 32 8 18 13 14 3 20 1 27 35 21 24 40 23 34 6 4 29 22 41 0 2 7 37
13 17 29 19 47 5 22 28 20 24 26 18 30 21 4 14 6 7 15 33 12 38 40 23 31 32 10 45 43 8 41 46 1 16 39 36 9 42 37 35 34 44 27 3 25 2 0
10 0 17 41 47 7 43 33 27 9 35 18 3 5 37 38 11 40 25 19 29 45 30 21 26 6 32 4 36 46 1 2 16 20 42 39 23 8 15 24 34 13 28 31 22 44 14
43 11 26 15 45 32 29 33 39 9 23 36 28 42 5 8 16 7 40 21 34 47 20 27 14 19 46 25 22 35 3 10 30 24 44 0 4 18 17 38 12 1 6 31 2 41 37
37 28 9 42 20 17 5 16 41 36 33 43 11 46 21 27 3 19 35 13 47 39 18 0 6 45 1 29 40 31 26 38 34 32 10 44 23 2 7 8 24 25 22 15 12 4 30
31 13 1 29 27 6 23 5 20 19 3 2 47 41 32 33 36 11 10 43 16 45 44 42 38 46 22 40 8 4 17 26 24 39 21 9 0 28 35 7 12 30 37 25 18 14 34
43 38 14 29 20 7 34 21 13 36 41 6 47 8 18 31 28 15 39 10 35 1 37 17 40 9 2 33 4 11 30 45 46 19 24 0 44 25 12 32 22 27 3 23 42 5 26
23 11 46 20 18 12 14 40 33 35 24 3 36 39 9 26 5 42 34 30 10 21 41 4 7 45 32 16 28 22 27 38 1 47 31 0 29 15 25 19 6 44 43 37 13 2 8
36 26 27 17 39 24 7 23 35 12 11 4 21 1 41 8 33 30 32 38 16 43 46 3 47 22 14 19 42 20 2 9 10 44 25 28 45 40 13 31 37 15 5 0 29 6 34
30 33 11 41 46 43 5 28 47 7 15 4 8 32 34 2 42 10 45 1 14 24 38 9 12 13 21 35 18 23 0 3 16 17 20 25 27 39 29 40 44 26 22 6 31 36 37
14 17 35 1 4 42 15 16 22 21 11 3 46 0 7 8 25 37 23 38 13 27 41 34 9 28 44 30 33 18 39 36 40 10 26 2 19 31 12 45 5 24 32 43 47 6 29
6 41 47 3 45 29 26 4 20 46 37 31 43 25 7 9 16 11 18 13 38 14 33 32 17 22 24 36 28 42 5 19 12 40 34 27 15 0 10 30 2 23 39 35 1 8 44
45 43 9 8 20 11 4 27 2 21 34 18 28 30 40 6 3 17 44 42 13 1 0 37 29 46 32 15 41 26 47 35 16 33 24 38 14 36 39 5 19 10 12 25 7 23 31
7 17 34 44 40 38 15 43 28 13 18 1 30 8 4 36 25 20 39 11 26 19 35 37 2 33 9 0 14 41 10 32 42 31 5 6 21 12 16 3 29 46 47 24 22 45 27
5 44 40 28 42 39 45 8 18 17 25 11 36 29 38 6 46 19 21 37 33 1 3 41 47 30 34 7 4 35 31 32 16 13 15 10 0 2 22 26 20 12 43 14 27 23 9
5 4 31 9 10 43 39 33 24 6 41 21 1 46 34 8 3 20 23 2 47 42 28 12 36 45 13 26 40 37 35 44 18 17 16 32 19 29 27 30 0 14 7 11 15 22 38
43 18 13 36 2 39 31 21 4 47 42 11 27 41 17 38 34 10 30 29 44 33 37 32 23 7 28 8 12 25 9 14 15 20 22 45 46 35 0 24 3 40 19 6 5 1 16
43 18 1 5 15 3 12 26 31 40 37 14 22 6 30 9 20 42 34 44 13 8 4 17 29 47 39 38 21 41 45 36 10 35 0 32 19 16 25 7 24 2 11 33 28 46 23
14 24 10 30 3 19 29 40 44 23 11 37 13 32 7 41 25 47 22 16 1 31 21 9 17 34 20 26 5 38 0 36 6 35 4 18 15 46 8 42 45 2 43 33 27 12 39
11 7 30 15 36 37 28 35 16 13 21 32 47 24 0 43 26 9 46 33 12 41 39 2 14 40 22 1 31 27 17 5 44 3 8 25 42 19 10 38 23 4 45 6 34 20 18
19 10 38 44 47 4 28 29 45 9 33 32 36 0 35 11 6 23 18 17 2 7 39 27 26 41 22 43 1 37 12 20 24 31 16 13 34 5 21 25 40 15 46 3 8 42 14
9 15 40 34 25 43 26 0 41 21 3 10 32 27 4 35 37 33 45 16 28 11 8 47 17 29 14 6 42 30 24 7 39 20 36 23 5 2 18 38 12 46 13 22 44 19 1
41 8 47 13 9 42 30 2 29 19 34 40 33 28 15 31 18 44 21 1 43 36 26 0 11 17 5 35 10 22 14 39 3 24 37 12 45 46 25 23 27 16 7 20 6 38 4
19 43 5 2 30 40 41 42 17 36 13 12 25 10 34 46 14 32 15 3 18 21 7 31 44 11 0 47 1 26 37 29 6 9 24 16 20 39 23 38 8 4 22 27 28 35 45
31 45 8 23 46 33 32 19 0 16 43 25 26 17 13 44 9 22 47 2 27 1 20 40 38 4 28 39 24 14 30 21 3 35 37 5 36 7 10 6 11 41 12 42 29 18 15
9 5 20 37 44 29 17 36 30 18 12 41 7 6 31 42 39 2 45 47 4 0 46 14 16 19 38 13 23 32 8 25 24 34 28 27 10 22 40 15 43 11 26 3 21 33 1
41 18 26 37 44 30 29 33 14 17 13 10 35 45 24 16 0 15 1 47 9 23 21 3 6 32 25 5 40 7 46 20 38 28 11 27 12 42 34 31 4 39 22 8 2 43 19
14 36 35 7 29 4 40 28 21 45 46 9 27 31 20 47 6 38 12 26 33 42 24 30 41 16 22 8 23 25 32 43 0 34 3 11 1 5 17 2 39 44 18 15 19 10 13
4 30 23 39 16 5 2 43 26 24 21 42 18 19 37 20 3 12 11 7 46 10 0 15 6 34 35 45 17 9 40 28 14 36 27 41 33 8 1 47 44 22 29 32 31 13 25
44 24 10 38 26 18 13 25 41 5 17 46 9 30 2 35 8 45 3 23 16 14 4 6 29 34 20 40 47 1 33 7 32 27 11 31 15 36 12 19 21 37 43 22 28 0 42
6 24 5 31 3 33 8 23 17 28 37 45 32 0 13 27 41 12 22 11 34 43 42 36 16 14 38 29 39 47 25 9 21 2 15 20 1 4 10 35 18 46 19 30 7 26 44
36 1 32 21 12 19 33 43 45 14 39 31 47 7 9 25 26 15 35 16 18 28 42 17 40 30 0 44 20 37 29 24 11 46 27 22 38 23 4 3 5 34 8 6 10 13 2
14 24 45 10 32 20 33 0 1 13 26 2 19 17 9 6 38 41 3 8 35 46 25 27 47 7 37 15 40 21 44 22 18 31 4 36 11 23 5 12 29 16 28 34 39 43 30
16 27 13 26 33 45 22 31 12 19 4 23 41 25 10 21 38 34 1 14 18 29 9 15 32 30 40 11 6 44 2 37 7 47 17 35 24 8 28 0 39 20 3 46 42 5 36
24 4 30 39 23 36 35 3 28 46 7 10 9 32 34 47 33 26 27 41 6 1 15 8 42 20 22 2 0 43 18 25 14 29 16 17 13 45 38 5 37 11 19 12 40 31 21
22 2 34 13 43 42 30 24 6 21 41 3 40 5 36 37 4 19 35 31 39 46 15 10 9 17 25 12 11 38 14 7 0 16 47 27 8 32 18 26 44 20 1 28 29 33 23
17 19 0 34 6 2 21 33 8 10 37 39 44 25 20 14 42 24 18 45 29 35 38 13 15 7 36 41 22 11 4 16 1 12 32 26 3 47 28 40 23 27 30 43 31 9 5
0 32 30 21 12 11 8 19 6 4 10 41 26 29 15 1 16 36 37 25 13 44 9 28 18 34 33 42 35 3 14 31 24 17 39 40 27 2 45 43 5 22 7 38 46 23 20
