9 26 14 24 32 44 3 11 15 31 23 28 20 36 19 29 10 18 42 6 17 30 41 12 43 35 34 37 33 21 38 40 22 16 27 25 45 39 13 2 5 47 8 46 4 7 1
40 9 20 30 16 43 42 8 25 29 2 46 5 19 7 47 12 13 37 21 4 33 18 27 39 23 34 41 3 35 15 44 31 11 10 28 24 22 26 45 38 14 32 6 36 17 0
46 45 4 37 26 21 15 27 1 14 17 34 24 18 16 25 40 7 35 41 44 8 38 22 9 28 11 43 31 19 6 30 42 39 29 36 20 47 5 3 13 23 32 0 12 33 10
15 27 5 0 30 37 4 42 47 19 34 11 32 38 33 17 6 23 31 29 18 44 36 1 7 41 45 10 35 22 46 40 43 9 13 24 28 21 16 20 26 2 12 39 25 8 14
8 36 47 11 24 42 33 2 14 37 3 35 9 5 21 46 23 34 39 1 27 30 22 13 28 10 40 7 16 17 32 20 29 41 15 44 12 18 6 45 25 43 0 31 19 26 38
3 12 17 36 27 32 6 43 44 4 1 34 16 26 46 31 21 42 22 41 19 25 33 7 15 13 38 39 10 18 40 29 30 37 11 28 14 20 23 2 47 9 0 35 45 24 8
10 25 16 46 20 38 5 34 43 23 26 44 12 36 3 37 11 39 45 41 22 30 0 17 27 19 13 9 42 33 2 21 31 47 29 35 24 4 32 8 40 14 15 18 1 28 7
35 38 39 30 8 19 23 43 28 16 10 18 1 29 32 2 42 40 47 46 27 3 33 5 9 4 14 44 37 13 17 45 15 31 20 11 21 41 25 12 22 36 24 34 0 26 6
18 4 7 1 38 45 27 30 14 13 35 25 34 23 17 19 32 2 20 36 39 40 21 46 9 28 47 33 42 37 24 26 41 11 29 6 44 10 31 0 12 16 5 15 22 43 3
0 1 22 12 4 17 41 35 44 43 30 34 47 36 42 27 38 21 37 39 7 16 14 2 29 6 11 18 33 10 8 24 19 3 28 31 46 25 5 23 26 13 32 40 20 15 45
25 6 33 22 30 27 32 45 19 24 17 16 21 14 43 7 38 0 46 36 15 26 20 13 4 44 42 34 18 23 35 3 29 41 5 39 9 1 11 40 37 12 8 28 31 2 47
4 0 25 36 42 44 3 14 34 6 47 27 41 37 20 18 22 30 46 17 2 9 40 12 15 28 38 1 43 29 10 26 45 7 23 5 8 21 13 39 33 35 24 16 19 31 32
37 5 36 31 24 9 23 29 32 6 28 38 1 19 20 22 40 34 41 47 14 39 42 45 0 13 11 15 43 30 18 4 26 27 25 7 10 17 21 16 35 44 46 3 8 33 2
24 23 14 31 26 45 40 46 19 43 35 16 8 1 41 27 21 36 20 10 39 38 4 44 22 29 47 37 28 6 12 25 7 18 5 42 33 32 3 15 11 2 0 9 30 34 17
22 0 17 13 4 15 34 24 10 46 2 37 27 36 11 8 30 21 45 25 31 35 32 43 12 39 9 7 41 26 47 38 29 33 44 19 18 28 40 5 20 6 1 16 23 42 3
3 26 28 30 20 0 39 31 14 35 42 2 25 41 27 40 10 24 21 19 36 1 5 11 37 29 7 12 4 43 17 47 13 33 23 44 6 22 18 32 45 16 8 38 34 9 46
46 6 20 1 10 18 42 26 7 17 2 28 39 13 41 5 38 19 32 24 22 37 9 4 35 40 25 45 29 30 33 27 44 47 0 34 23 3 21 12 43 14 8 11 31 15 36
25 27 31 14 5 24 40 10 20 9 21 2 33 16 36 19 3 30 8 39 22 42 41 34 6 38 0 18 11 47 4 7 35 37 32 26 46 45 15 23 29 12 44 28 1 13 43
8 34 44 16 28 26 42 2 7 45 3 0 1 39 11 38 40 33 22 17 10 20 31 29 25 23 19 32 13 9 5 41 14 12 4 35 47 43 15 6 46 37 27 30 21 24 36
36 30 28 10 7 13 39 35 25 3 33 47 0 17 1 42 16 12 32 23 20 41 8 34 5 15 27 44 6 18 38 24 2 46 37 14 9 26 45 21 43 29 11 4 31 22 40
36 21 1 6 15 16 17 44 0 40 39 31 43 46 12 10 38 19 37 13 26 11 29 8 24 30 18 47 32 25 4 27 42 35 7 34 45 23 22 14 2 5 28 3 33 41 9
20 33 37 10 2 4 46 17 47 32 24 43 14 5 1 15 13 28 9 35 34 44 31 45 40 8 36 25 6 27 7 0 29 26 11 22 23 19 3 38 30 16 39 12 41 18 42
24 14 10 9 37 45 39 29 36 12 5 17 6 27 4 32 13 16 18 11 2 38 47 43 42 35 23 33 31 3 40 28 30 20 21 1 26 41 0 34 7 46 15 44 25 8 19
29 13 42 7 36 12 24 6 0 4 45 32 37 3 8 19 27 1 28 33 30 26 40 31 38 35 10 18 43 39 44 22 41 47 20 11 17 21 16 46 5 34 15 2 25 9 14
43 13 22 4 0 17 31 12 10 14 23 41 25 33 44 42 2 47 36 21 34 15 37 16 20 19 9 27 46 39 8 38 28 1 40 35 3 32 6 29 45 7 30 11 26 5 18
17 47 35 10 6 44 29 31 11 1 24 19 15 27 38 2 30 8 14 46 37 5 32 36 18 13 20 45 34 16 28 21 41 26 33 39 7 42 43 12 0 9 40 4 23 3 22
39 0 15 32 13 27 2 35 16 6 18 28 37 5 38 10 20 23 36 31 14 40 43 11 46 25 17 42 8 21 19 45 12 22 30 44 1 41 33 3 9 24 29 7 4 34 47
17 40 3 41 10 5 26 34 31 2 8 43 25 39 38 15 14 35 45 47 11 1 13 4 23 9 33 22 7 19 36 6 32 37 20 24 30 21 44 46 16 28 12 0 18 42 29
15 40 36 30 19 38 43 35 7 0 18 47 37 26 41 16 46 12 44 23 21 4 13 2 45 39 32 11 1 8 25 33 42 22 14 24 5 9 27 3 29 31 34 20 6 10 17
23 25 42 40 44 12 45 1 43 46 22 41 0 47 3 7 32 31 36 20 13 39 30 9 18 14 10 4 15 11 38 5 34 16 33 37 21 6 2 28 8 24 17 19 26 35 27
33 15 1 10 28 35 19 7 3 8 17 9 25 14 47 39 4 42 6 23 31 0 11 20 34 29 44 46 45 37 12 2 32 40 27 5 16 22 26 43 38 21 36 41 24 18 13
17 37 46 25 13 43 12 24 15 39 0 27 38 20 40 5 47 3 29 34 14 30 41 33 23 26 18 21 1 44 2 22 7 6 32 35 42 9 45 28 8 10 36 4 16 19 11
43 0 26 10 5 37 42 47 12 3 21 23 19 16 7 29 39 14 45 22 33 8 35 25 36 20 44 34 18 4 28 27 38 30 41 13 17 31 24 6 46 1 2 15 9 40 11
10 30 4 21 41 37 24 19 17 3 1 23 27 32 31 18 39 43 7 5 44 14 35 42 45 22 9 6 47 13 38 28 0 8 25 16 29 40 46 15 26 11 20 12 34 2 36
39 18 45 27 14 6 5 3 2 4 11 9 24 8 31 1 42 12 17 19 36 46 44 10 30 21 41 37 32 0 25 29 20 38 47 35 43 22 16 23 40 28 7 33 13 15 26
25 46 7 30 15 4 40 28 19 26 13 9 27 38 8 2 14 44 21 32 23 1 16 39 10 47 0 43 22 33 17 3 41 37 20 45 31 34 6 24 18 42 11 12 5 29 36
4 43 20 12 19 5 28 38 23 46 11 37 0 17 14 6 24 47 10 22 9 13 3 29 34 26 27 15 8 25 32 44 39 21 42 2 41 40 30 7 45 1 31 35 33 18 16
39 12 31 4 3 32 21 22 2 36 33 44 28 14 45 6 26 23 1 20 24 11 42 25 9 16 13 41 47 7 34 43 27 40 15 0 35 46 30 19 17 10 38 8 5 29 18
40 7 6 36 46 28 41 8 27 25 10 43 31 3 35 16 12 47 45 26 20 18 9 13 17 2 23 44 22 14 5 19 11 29 32 34 33 37 24 39 0 30 21 1 4 15 42
26 34 37 7 15 40 31 19 27 22 20 16 4 6 30 17 18 42 32 1 13 9 33 12 14 43 29 8 28 35 23 44 5 46 36 10 45 24 25 38 2 47 41 0 21 11 3
38 27 1 28 47 17 29 13 39 35 46 20 31 15 2 12 7 18 43 23 4 8 26 16 42 11 21 37 45 5 10 30 22 3 41 14 24 33 0 6 44 34 36 25 9 32 19
27 42 38 24 33 43 15 9 28 29 16 13 6 11 19 5 17 12 47 1 31 2 3 37 0 14 34 45 10 23 35 4 18 32 25 40 7 8 22 26 44 39 36 30 46 21 20
4 29 23 41 1 46 32 15 3 11 16 24 18 44 19 5 9 39 45 7 0 30 17 37 34 10 12 40 6 22 13 33 20 43 28 8 2 26 31 36 25 47 35 14 38 27 21
24 32 36 31 1 28 13 6 5 7 41 27 29 10 38 9 21 20 44 14 40 33 39 46 47 2 0 22 35 37 23 26 11 42 12 3 15 34 19 30 25 45 18 16 4 8 17
25 18 0 29 20 5 24 11 37 6 9 42 45 46 28 3 43 35 13 10 2 34 19 38 7 33 30 21 32 1 36 23 39 31 14 4 27 16 26 41 40 8 47 15 17 22 12
2 13 34 10 22 8 29 37 23 44 27 18 6 14 38 42 47 32 12 28 3 21 25 7 41 40 33 30 39 16 35 11 20 17 19 26 1 43 0 31 4 24 46 36 5 15 9
35 16 31 6 2 38 13 42 36 14 1 21 4 40 29 28 44 10 5 20 25 7 34 43 11 30 39 8 37 19 3 26 24 27 17 47 33 23 9 32 22 45 18 41 0 12 15
25 4 40 3 32 28 19 21 24 30 27 11 36 1 29 31 38 9 45 7 41 13 12 37 43 17 20 14 22 35 23 8 33 34 6 46 16 15 39 2 18 42 44 5 0 26 10
