8 23 4 26 20 16 1 30 19 22 32 31 25 10 14 33 7 35 17 18 38 21 29 12 2 3 13 37 5 9 24 27 36 28 11 34 39 15 6
39 18 8 0 34 24 19 20 7 16 25 6 33 30 32 10 26 22 35 12 9 2 23 37 14 5 3 13 21 27 15 29 38 28 36 11 31 4 17
15 21 6 32 29 36 33 38 9 34 13 18 37 4 25 35 39 14 19 0 5 8 31 20 23 3 1 12 27 24 11 28 26 7 22 10 17 16 30
6 35 15 30 29 38 23 24 17 34 16 36 39 12 32 31 11 5 0 14 25 2 26 27 8 7 20 1 28 22 13 9 21 10 18 19 4 33 37
36 0 30 16 23 11 24 6 39 18 28 15 22 12 37 2 25 32 7 9 8 29 31 33 20 17 13 27 19 21 10 34 3 14 38 26 5 1 35
37 36 25 29 18 27 32 9 24 20 38 39 7 34 35 26 2 3 23 14 19 12 11 0 1 6 17 16 22 33 30 15 21 13 31 28 10 8 4
16 3 24 2 38 23 4 21 35 36 29 10 1 12 39 20 15 7 17 33 11 9 13 30 8 37 5 25 31 26 14 34 19 22 27 32 18 0 28
13 26 8 15 23 16 24 22 1 33 0 12 37 28 5 20 10 17 21 29 6 36 25 9 34 18 4 38 27 14 3 30 35 2 32 19 31 39 11
0 20 7 10 27 37 14 1 34 9 21 29 23 26 35 33 24 19 15 17 11 30 13 38 2 12 3 4 16 32 39 6 28 36 22 25 18 31 5
17 15 26 34 8 20 2 5 38 10 25 19 32 29 27 7 1 6 12 37 0 16 4 39 28 11 14 33 22 18 24 36 35 3 31 13 23 30 21
8 12 29 19 0 26 32 6 9 16 7 36 28 14 38 17 11 1 30 34 25 13 37 21 18 35 4 2 33 23 3 20 31 22 5 15 39 27 24
20 36 34 37 4 35 26 31 16 25 13 8 33 38 17 3 24 10 28 5 12 21 27 6 30 19 18 2 9 32 29 39 14 23 22 0 1 7 15
32 10 18 31 30 34 28 29 7 33 22 4 23 24 25 3 27 6 0 17 21 39 5 11 26 1 8 9 2 15 36 38 14 13 35 20 37 16 19
7 18 35 16 37 2 33 19 25 21 11 20 8 14 36 38 26 0 29 10 6 27 28 30 1 4 31 12 32 17 3 5 15 9 23 39 24 22 34
38 23 35 8 30 16 20 0 26 24 33 2 13 10 31 22 5 3 27 29 39 7 28 21 1 32 25 36 37 12 17 9 6 15 11 18 19 34 4
2 28 3 7 9 20 30 32 31 4 8 38 26 24 25 6 39 37 34 27 22 21 12 35 29 18 14 1 5 36 13 16 10 23 0 19 17 33 11
6 28 4 0 26 7 13 37 14 20 23 1 11 19 36 3 10 22 17 39 35 18 31 38 27 29 9 21 8 5 32 34 24 15 2 12 30 25 33
21 33 36 9 27 29 0 3 30 22 26 25 35 8 7 16 24 11 31 10 12 6 32 28 39 37 4 5 23 34 14 38 13 2 18 20 15 19 1
24 13 1 5 32 12 29 21 35 2 4 39 28 19 38 0 22 23 20 37 34 33 26 16 25 7 11 36 10 30 15 9 8 14 17 27 3 31 6
37 23 0 28 1 10 32 36 30 13 20 16 38 18 35 8 26 9 2 34 5 39 24 33 11 22 31 4 27 29 6 7 14 3 25 15 21 12 17
22 8 11 15 0 26 9 28 16 1 14 29 34 5 37 19 30 21 27 38 7 36 13 35 18 6 23 32 2 31 25 24 3 4 39 12 17 10 33
17 24 36 26 2 18 8 34 6 28 20 13 39 7 0 22 12 29 30 35 11 38 15 16 31 14 25 10 1 23 4 32 37 33 5 27 3 9 19
20 38 26 0 7 37 30 36 29 17 12 24 4 16 18 34 21 25 35 27 33 39 14 28 1 15 19 31 32 8 3 23 5 9 2 11 6 10 13
14 0 19 32 7 6 39 4 27 3 8 16 30 12 18 31 5 20 38 29 25 2 1 26 24 28 36 17 35 22 21 37 11 10 34 13 15 9 33
21 6 18 7 1 35 33 4 5 3 8 14 27 22 39 32 12 30 36 17 15 38 11 19 31 2 20 0 26 23 25 28 9 37 16 13 10 34 29
29 5 0 27 13 11 30 1 17 39 9 2 33 12 22 15 34 4 23 7 18 26 3 31 37 38 10 20 28 21 24 6 14 8 36 32 19 35 16
7 21 0 22 20 16 9 11 8 14 10 17 38 37 19 15 33 5 18 32 1 36 13 12 25 3 34 35 29 23 24 6 2 28 31 27 30 39 4
8 5 17 23 38 25 24 20 12 22 9 36 14 11 29 3 16 15 30 7 2 13 0 4 19 35 34 1 32 31 21 18 6 26 37 10 39 28 33
15 16 36 31 19 20 38 37 12 34 35 4 18 7 21 10 39 11 22 17 14 13 25 2 9 23 8 3 24 29 30 0 1 26 5 33 32 27 6
25 5 31 3 2 18 10 17 8 20 12 37 6 22 35 30 0 9 7 21 23 27 39 13 14 16 36 26 4 38 19 11 28 15 1 32 24 33 34
3 15 4 39 0 14 12 22 19 17 25 20 23 1 8 24 29 37 36 21 38 10 33 27 11 6 13 7 18 31 28 35 5 34 32 9 16 26 2
36 28 29 12 15 0 11 38 39 23 3 14 17 33 2 16 25 20 35 24 21 4 22 19 30 6 13 37 8 27 9 5 10 7 26 18 32 1 34
12 2 23 18 15 0 5 19 38 10 24 3 1 9 4 26 20 17 39 8 14 33 22 11 7 21 34 16 27 13 36 35 30 29 37 25 28 6 31
17 2 24 7 13 0 8 12 14 38 1 26 25 11 18 22 36 31 35 6 39 19 37 30 4 32 9 5 21 10 34 28 20 23 15 16 3 29 27
1 9 8 11 12 2 20 21 28 36 3 22 5 18 25 19 15 7 26 10 37 17 6 32 27 38 4 39 16 30 33 35 23 0 14 13 24 29 31
3 14 13 39 36 18 24 11 8 38 6 28 0 29 19 17 2 20 22 5 16 21 33 1 26 31 15 23 7 37 10 30 27 9 12 32 34 25 4
31 21 4 17 5 28 35 2 11 6 19 22 34 16 37 3 20 24 10 30 33 7 13 26 27 29 39 18 12 8 14 23 38 25 0 9 15 32 1
5 19 8 16 13 28 11 22 29 20 2 7 4 26 36 18 30 15 0 33 25 9 17 1 10 6 34 39 14 35 31 21 23 24 38 32 27 12 3
14 39 22 6 3 2 28 27 31 35 32 19 9 5 26 33 18 15 20 0 11 10 8 24 23 13 30 21 16 7 25 12 36 29 17 34 37 1 4
38 1 35 30 23 4 18 25 31 24 5 3 21 2 16 6 15 22 28 12 19 33 29 17 14 32 9 36 8 37 20 11 34 10 0 13 27 7 26
