2 39 12 36 21 30 15 22 35 47 1 54 20 51 23 48 55 26 46 8 37 13 19 14 42 18 17 4 53 38 24 52 27 28 25 5 6 3 31 49 16 44 50 34 40 33 41 43 11 45 7 32 29 10 9
5 43 45 17 42 28 4 26 15 29 37 33 0 11 16 55 8 35 7 32 19 25 12 50 40 6 49 31 47 46 14 51 9 22 20 48 18 30 36 34 54 21 27 24 39 2 38 53 23 3 10 44 41 13 52
13 0 15 18 32 53 35 48 37 20 6 38 8 5 7 30 50 34 4 51 52 22 27 26 55 40 3 23 44 29 43 11 54 21 19 47 10 12 39 49 16 24 45 42 14 25 31 17 1 9 41 33 28 46 36
44 16 6 39 35 5 34 19 31 15 51 9 12 46 40 10 29 2 36 26 17 30 20 11 37 48 38 47 13 50 55 28 53 21 24 7 23 43 0 25 33 52 49 42 27 8 4 45 41 18 1 54 32 14 22
21 8 23 39 42 16 1 41 48 12 20 46 7 22 50 25 45 40 17 52 2 53 44 15 55 29 51 13 38 34 26 14 28 5 54 9 0 36 43 30 37 33 19 6 11 24 35 31 49 27 3 18 10 32 47
1 45 3 43 53 48 41 55 16 29 31 11 20 35 18 25 38 50 33 28 12 13 37 47 36 2 15 6 21 34 44 52 8 10 24 54 7 26 9 42 17 4 40 14 32 0 19 23 30 49 22 39 27 51 46
21 12 3 13 42 9 36 51 26 30 40 2 47 18 24 49 53 5 31 25 11 45 19 17 27 1 32 14 54 43 50 37 15 0 34 44 10 20 33 52 4 48 41 55 39 46 16 29 7 22 8 23 28 38 35
34 12 52 28 47 18 50 17 23 15 25 30 40 4 53 49 51 26 9 45 14 38 20 2 10 37 55 1 42 24 16 35 27 5 29 11 39 31 13 41 3 22 8 48 36 32 33 6 43 19 21 44 0 46 54
4 27 37 49 9 41 13 18 11 42 21 33 43 17 1 15 2 39 31 20 23 30 12 48 35 0 5 24 55 28 34 50 40 54 45 19 36 29 25 16 22 32 7 52 14 53 47 3 26 51 44 6 10 38 46
46 51 6 40 32 47 8 14 50 38 45 24 48 15 17 23 43 3 52 7 44 18 11 21 39 28 37 54 20 22 25 29 53 5 55 1 4 42 33 16 13 34 27 49 41 26 2 19 36 12 30 10 35 31 0
12 35 40 28 34 26 18 50 20 32 15 43 37 41 21 45 27 47 7 3 51 44 38 30 42 25 17 5 55 14 23 52 24 2 49 53 22 29 6 33 11 16 39 13 31 48 46 19 36 8 9 4 1 0 54
50 23 20 8 27 5 42 1 16 49 18 30 32 9 19 6 35 22 28 13 55 44 21 2 25 36 53 3 17 47 15 34 46 48 38 29 41 7 31 54 43 26 51 45 52 10 4 12 40 39 37 0 24 33 14
10 7 6 0 19 33 13 14 49 50 55 25 4 45 37 20 23 26 39 28 38 5 3 36 8 30 42 29 1 53 15 40 51 27 44 32 2 52 18 43 17 35 48 24 21 11 34 54 9 22 31 46 16 41 47
2 32 6 28 48 12 8 51 25 49 21 34 46 39 40 43 19 26 55 5 18 27 52 17 20 45 50 30 11 4 16 0 42 47 15 3 33 44 22 54 9 23 7 36 24 37 10 38 53 41 29 35 14 1 31
52 46 43 27 12 9 24 38 41 53 45 44 55 29 48 40 17 51 7 26 30 47 25 49 22 36 42 33 54 18 6 10 15 0 4 1 5 34 16 39 31 28 35 2 37 23 50 8 20 21 19 32 3 11 13
2 46 35 22 17 55 48 50 40 1 0 10 26 54 28 9 7 42 37 3 8 19 33 27 5 4 25 18 16 29 12 34 49 45 21 52 31 14 24 39 44 11 23 13 6 51 20 53 32 47 36 38 43 41 30
3 23 36 4 34 5 44 17 43 1 24 31 11 27 22 48 47 51 55 33 42 15 7 20 21 37 13 30 25 46 49 14 28 45 53 2 9 32 8 41 54 39 10 6 0 26 29 52 35 38 50 12 40 18 19
38 1 29 34 43 15 7 20 22 52 16 42 28 9 19 8 48 45 14 54 32 4 13 18 27 35 46 26 44 24 6 10 50 47 30 25 3 11 5 0 21 31 51 12 55 2 53 37 41 23 49 33 39 36 40
43 21 2 47 49 7 10 8 53 39 45 6 42 5 28 35 11 13 41 51 36 9 24 17 30 54 15 34 14 37 33 0 46 1 38 55 12 40 50 29 25 31 20 44 23 27 52 4 3 48 19 16 32 26 22
48 20 12 41 28 39 43 54 35 25 32 30 3 51 17 22 13 27 45 36 38 31 46 15 21 11 44 49 34 1 6 47 29 26 37 40 2 0 8 24 55 4 5 9 53 7 33 10 14 50 23 52 42 18 16
34 19 27 22 17 23 10 11 32 2 48 4 5 12 0 43 39 31 47 7 8 13 21 45 50 36 42 35 9 38 44 16 55 3 25 46 1 51 30 41 15 6 24 29 54 52 40 33 18 14 49 53 26 37 28
6 4 18 0 55 50 48 35 13 28 33 8 10 42 31 34 32 19 39 53 5 20 9 43 38 46 16 25 11 15 44 2 40 51 26 52 17 49 27 41 22 23 45 3 1 36 12 29 24 37 14 47 7 30 54
40 44 15 54 49 20 30 17 23 0 27 51 52 19 46 4 41 42 35 16 29 2 31 14 37 11 47 43 9 25 34 26 32 55 1 38 33 24 10 13 50 48 21 36 8 7 28 53 45 39 5 6 12 3 18
30 16 4 11 43 51 20 47 22 44 7 41 12 39 25 54 46 9 36 40 0 8 2 28 45 50 49 38 33 10 29 53 15 52 32 13 21 35 42 3 5 31 14 34 18 17 55 27 1 6 48 19 24 26 37
41 36 25 28 47 29 9 14 48 27 50 35 16 49 30 6 43 38 18 39 42 17 7 46 51 32 8 5 15 55 34 45 52 10 0 19 22 2 53 44 20 3 13 12 1 21 4 33 40 23 11 26 37 31 54
43 24 26 34 32 38 13 12 44 37 50 35 7 19 23 48 33 29 55 42 5 49 4 46 52 6 15 14 40 1 10 36 21 9 17 22 11 47 28 16 20 30 0 54 8 2 27 39 3 18 31 45 51 53 41
41 31 30 10 52 25 6 54 1 15 12 38 29 40 13 50 7 47 48 53 42 55 14 46 34 2 17 0 3 19 43 51 44 27 5 22 4 21 45 28 11 36 35 49 16 9 39 8 37 32 20 24 23 18 33
8 20 14 53 29 48 36 11 22 49 39 24 19 10 47 54 44 38 16 13 52 15 2 17 40 45 6 12 55 42 7 26 33 0 21 43 46 31 37 32 25 9 1 50 51 18 3 23 35 30 4 34 5 28 41
31 13 7 24 19 10 1 50 21 45 15 38 17 33 41 18 52 12 42 5 34 9 23 49 11 48 8 39 40 4 25 36 53 16 43 3 14 0 30 44 37 54 26 32 46 22 51 47 29 55 2 6 27 20 35
17 52 24 27 5 1 34 51 55 25 26 14 49 35 39 22 48 3 46 4 42 12 19 15 2 36 9 7 23 45 50 40 11 43 53 30 8 31 10 38 41 20 37 47 18 21 33 54 32 16 6 28 13 44 0
23 26 0 39 22 50 6 34 38 7 19 47 51 24 32 11 37 2 14 18 8 12 10 13 54 17 40 3 16 44 25 55 29 41 20 28 4 1 36 48 49 5 31 43 42 33 46 45 53 21 27 9 35 52 15
28 54 26 37 32 53 42 5 45 46 34 3 16 20 39 43 19 21 8 44 6 22 41 35 55 52 1 48 15 47 49 51 14 11 7 29 17 38 27 50 23 30 2 0 18 10 25 4 36 12 33 24 40 9 13
13 2 9 55 25 35 31 54 46 10 50 20 19 34 49 30 38 21 11 17 1 45 47 33 24 6 22 12 36 44 5 40 41 23 39 16 28 53 51 27 48 8 15 7 29 43 37 26 0 14 3 52 18 4 42
12 37 51 43 52 50 21 1 25 8 36 28 49 5 15 45 38 16 32 39 14 46 41 23 27 44 48 18 13 55 22 40 9 34 4 54 10 6 47 35 53 30 3 7 29 20 0 19 2 24 31 17 42 11 26
7 20 44 17 49 42 45 10 25 16 30 3 13 29 31 50 37 52 32 21 51 38 28 46 2 26 5 40 19 36 55 39 15 18 4 8 22 53 24 11 14 35 43 33 48 6 9 1 23 47 54 0 12 27 41
10 15 3 32 21 2 55 49 47 0 42 25 19 38 43 5 37 24 18 29 22 1 36 17 11 20 31 8 7 54 50 39 53 48 34 40 14 41 23 46 12 26 52 33 51 16 45 4 27 13 30 9 44 28 6
16 0 24 46 6 49 27 33 19 5 23 18 41 12 35 53 20 3 44 34 14 54 25 29 11 55 32 47 40 28 37 4 8 43 39 30 1 13 22 52 26 21 7 51 42 9 38 31 15 45 10 50 48 2 17
52 31 49 47 38 8 33 41 25 1 2 12 10 35 34 15 50 5 30 7 44 45 54 22 9 19 51 40 0 16 18 3 36 43 6 4 28 46 42 27 29 14 13 48 17 21 55 32 11 26 39 53 24 20 23
17 37 9 25 14 54 30 2 28 35 50 39 26 5 19 27 12 32 34 7 24 40 33 10 20 21 49 23 4 42 3 47 53 11 22 44 0 52 18 29 31 51 46 48 13 43 1 36 16 55 41 8 15 6 45
0 3 48 4 30 19 49 18 13 23 27 38 20 12 31 54 29 8 41 21 24 47 9 50 34 33 55 46 28 45 15 40 35 14 2 7 44 36 32 51 25 16 6 10 22 1 52 26 5 11 53 37 17 42 43
22 41 42 9 10 15 6 55 13 44 7 46 26 14 48 4 3 23 38 45 27 34 2 25 12 43 1 37 19 30 28 50 54 21 8 39 5 29 36 32 33 49 35 53 52 18 51 20 11 0 16 47 24 31 17
26 24 40 47 19 45 44 53 5 8 4 43 37 14 23 10 50 49 28 46 22 18 51 39 36 48 31 55 33 11 54 52 30 32 20 21 29 35 7 16 6 17 9 2 13 42 0 38 34 3 1 12 27 25 15
50 6 34 1 40 51 4 31 47 35 8 15 53 11 17 21 18 25 22 28 44 26 24 16 7 20 29 12 10 14 27 48 5 13 0 38 49 54 9 46 37 2 23 30 55 36 3 41 43 45 33 39 19 52 32
50 1 14 18 52 25 17 5 53 23 33 41 19 10 16 35 54 13 8 20 9 31 24 49 51 46 48 21 40 22 26 2 55 6 37 29 4 28 36 34 27 45 11 12 3 30 32 38 7 47 42 0 39 44 15
3 47 53 52 34 22 41 45 16 25 23 51 46 14 40 54 27 42 9 48 31 10 50 4 37 19 17 55 5 36 20 2 26 11 12 21 33 15 30 32 13 38 39 28 24 6 49 18 0 8 7 29 1 43 35
1 5 46 41 34 52 9 44 28 31 12 14 47 10 18 19 54 17 7 4 50 33 13 40 20 37 27 32 6 23 48 51 15 39 49 29 24 8 16 26 43 2 21 11 22 30 25 35 55 36 42 0 3 38 53
9 14 15 48 36 45 49 32 31 55 44 13 4 23 40 22 41 52 19 3 34 25 26 29 17 0 43 21 24 54 39 33 1 11 16 50 18 20 53 42 27 37 28 35 38 6 30 10 47 12 51 8 2 7 5
44 18 41 37 7 9 24 23 35 42 0 45 30 6 10 27 26 5 20 16 48 52 39 14 32 19 22 17 54 49 1 25 11 31 13 38 2 36 3 50 29 33 15 28 34 8 55 51 43 21 46 40 53 4 12
19 54 46 13 39 5 21 15 9 27 4 24 2 20 49 25 17 14 40 16 29 26 44 47 53 0 41 8 55 43 45 51 28 42 31 3 33 52 11 35 1 22 34 30 32 12 6 7 38 37 10 23 50 36 18
34 18 37 8 12 22 46 50 36 13 35 39 27 48 41 33 24 25 32 7 29 6 11 43 19 55 14 28 38 15 23 1 47 45 52 31 16 42 10 21 2 40 53 30 44 5 54 26 9 3 0 17 20 4 51
43 42 11 54 7 30 12 49 9 21 10 33 15 28 25 32 41 34 38 24 4 26 5 37 52 45 2 44 13 20 23 39 1 17 40 55 8 35 29 6 46 3 22 47 31 18 51 27 14 0 16 19 53 36 48
9 54 42 6 33 13 23 55 29 44 22 30 19 7 3 0 14 18 34 41 16 10 2 43 12 37 24 26 48 4 45 21 1 20 31 17 15 38 32 11 40 50 28 39 27 36 47 35 53 25 8 46 49 52 5
14 43 44 37 7 53 45 26 29 33 17 22 28 34 9 46 50 13 27 47 4 25 2 5 54 31 15 49 10 55 48 21 24 23 0 41 38 40 12 6 36 20 35 11 3 8 39 16 18 19 32 42 51 30 1
44 54 52 43 5 41 2 27 31 18 14 42 7 26 6 48 4 21 36 12 9 11 23 34 38 35 29 0 28 10 16 46 49 40 24 3 32 15 55 22 33 17 8 30 13 19 51 1 39 50 37 47 20 45 25
31 53 48 51 22 50 26 32 38 19 15 43 23 0 44 45 27 39 17 37 18 9 36 52 30 55 46 14 47 5 35 2 6 40 8 4 42 41 13 25 11 28 33 16 1 20 49 29 34 12 3 24 10 21 7
21 32 15 5 12 35 51 46 40 29 14 25 1 13 16 26 7 2 4 0 48 49 44 34 27 11 54 8 39 20 31 50 43 10 41 24 22 36 9 52 33 30 3 19 18 53 17 6 42 47 23 45 37 38 28
