15 32 50 35 31 45 16 46 12 28 48 37 63 40 8 3 33 38 19 39 22 57 42 25 10 17 24 52 51 59 56 30 61 5 47 9 55 6 7 2 20 11 54 62 23 53 29 41 13 36 58 43 49 60 18 1 21 27 34 26 44 14 4
8 32 19 30 52 50 49 40 25 22 59 53 10 36 13 33 58 37 12 18 60 43 41 3 39 9 16 21 47 20 42 11 31 48 55 2 7 57 63 23 54 5 35 24 15 62 34 26 38 44 51 27 56 6 0 29 61 4 14 28 45 17 46
20 17 48 15 26 23 31 4 39 51 3 13 45 53 34 18 29 55 60 32 33 25 8 37 43 40 63 36 50 44 7 11 46 24 14 27 30 12 1 22 41 0 10 61 62 54 35 16 19 49 52 42 5 38 9 59 6 58 28 47 21 57 56
39 33 22 31 11 23 44 47 35 37 42 17 28 41 0 2 63 50 51 4 53 54 20 15 60 14 13 18 55 1 61 58 56 10 57 59 46 27 21 16 5 30 49 9 25 24 43 52 19 12 34 36 48 45 29 6 8 32 62 40 7 26 38
28 39 54 14 21 2 61 55 49 26 13 41 20 27 47 10 12 52 45 57 43 42 3 23 5 19 30 31 63 16 62 33 59 22 60 56 24 6 7 38 25 15 51 46 8 44 48 29 11 9 36 32 40 37 18 58 53 34 1 17 50 0 35
26 28 21 8 6 13 52 22 9 23 54 51 61 32 24 57 55 44 46 50 37 48 29 41 4 60 18 10 7 56 34 17 53 30 39 19 43 62 63 47 0 3 12 20 58 31 35 11 1 33 14 16 40 38 45 59 25 2 42 15 49 36 27
5 61 62 56 59 51 9 28 8 57 16 37 46 44 26 34 54 48 40 27 11 25 21 35 63 23 33 45 19 58 22 18 10 32 53 29 13 4 36 50 20 0 55 12 30 24 42 43 3 49 17 14 38 41 52 47 60 1 2 39 7 31 15
27 23 50 44 52 16 55 29 18 28 32 20 19 58 59 25 38 61 37 35 63 26 39 5 49 12 33 46 53 15 34 45 41 13 51 2 62 30 43 17 4 8 0 1 56 10 36 9 24 42 22 14 21 54 40 31 47 60 48 6 57 11 3
46 12 52 15 5 53 1 34 17 57 23 6 16 60 28 0 38 40 47 48 56 45 42 30 62 61 55 63 25 18 36 19 39 50 32 2 9 20 26 11 21 43 24 49 54 7 13 44 22 4 37 33 27 51 41 29 59 31 3 14 58 10 35
14 17 5 47 41 13 6 52 50 63 49 46 37 60 10 43 38 19 33 34 31 53 29 55 40 36 54 44 21 48 8 39 56 58 1 45 26 61 25 0 3 11 32 12 59 18 7 51 57 30 62 42 23 4 28 20 2 16 35 15 22 24 27
30 25 19 49 55 33 42 36 31 20 26 14 54 59 24 16 9 40 43 11 35 1 45 29 4 60 52 39 12 0 58 5 27 41 56 21 34 47 38 3 62 6 44 63 61 51 57 28 18 2 7 13 46 17 37 32 48 22 53 8 15 50 23
24 12 3 35 13 18 22 37 61 36 53 31 63 10 45 14 48 52 25 29 43 42 6 27 58 16 17 46 55 50 28 21 32 56 2 47 8 26 60 1 49 9 40 15 44 5 51 0 30 41 4 38 23 33 39 34 62 59 19 7 20 57 54
8 11 34 49 41 0 24 23 44 17 60 47 48 32 52 28 4 29 54 46 10 1 51 42 18 7 33 35 59 37 31 16 5 2 15 62 9 56 40 39 30 22 58 6 3 45 63 53 55 27 25 57 61 21 19 38 14 36 50 43 26 13 20
16 55 33 5 31 11 53 9 62 18 23 29 45 61 47 4 2 19 50 1 38 54 25 36 44 24 22 39 51 57 63 59 3 7 42 58 37 34 20 6 21 32 26 8 60 15 10 30 52 43 41 56 14 0 28 27 35 48 17 40 46 12 49
57 9 49 63 47 48 59 37 10 18 38 4 40 20 45 46 55 53 62 36 11 61 29 43 33 3 60 32 16 31 26 28 42 35 2 30 41 44 52 23 22 24 5 50 7 56 27 19 6 13 34 15 12 21 8 51 54 17 25 39 1 0 58
0 8 58 32 60 31 2 16 18 22 56 21 49 43 27 39 44 48 42 47 23 3 7 45 40 55 53 19 41 50 12 38 30 26 17 51 11 29 4 59 33 13 20 1 62 46 28 52 25 37 54 61 14 34 24 63 36 5 10 9 6 35 57
13 42 43 7 30 26 33 55 0 15 8 10 44 6 24 53 38 54 31 56 25 20 51 62 36 49 34 4 11 46 59 14 57 45 23 1 37 27 3 12 58 17 32 29 40 19 5 21 2 35 61 28 41 48 52 50 60 9 63 39 18 47 22
61 35 9 2 54 63 8 19 34 62 41 3 24 55 12 28 51 52 42 38 53 30 45 33 39 21 31 23 22 0 11 48 5 29 47 49 43 58 16 7 15 20 56 25 57 37 40 10 32 46 60 6 36 26 50 27 13 14 18 44 59 4 1
40 45 7 14 44 11 52 39 26 15 13 47 23 34 32 60 53 59 20 58 2 49 30 8 24 36 21 5 1 42 41 12 31 3 25 57 38 6 37 43 19 56 22 10 9 48 61 55 54 50 46 29 63 62 4 0 28 51 17 35 33 16 27
45 10 54 59 51 46 1 17 55 7 9 41 24 27 0 61 36 13 47 29 43 42 34 40 8 25 4 22 21 63 5 32 33 37 6 50 18 58 15 57 31 3 35 16 49 26 14 23 2 28 30 12 48 52 53 56 39 20 38 60 44 11 62
2 58 10 62 59 7 29 14 41 56 47 4 18 23 16 50 42 55 24 32 35 37 22 54 57 28 61 3 39 36 8 21 33 27 1 34 43 26 5 13 44 6 63 0 17 15 31 38 25 60 45 52 9 46 51 48 19 40 53 30 11 12 49
5 31 63 4 32 38 15 27 45 17 18 62 42 49 47 58 9 10 36 19 6 51 11 54 20 55 40 33 8 52 1 3 37 34 30 22 43 13 24 41 46 35 39 56 29 7 16 50 25 61 53 12 26 48 14 59 28 0 23 44 2 57 60
3 31 5 59 57 11 46 26 37 23 1 15 39 60 50 0 28 30 55 47 36 27 17 20 13 54 53 49 19 25 62 44 61 58 40 29 4 6 48 43 63 34 52 21 32 33 18 2 12 8 14 7 56 45 38 51 35 10 41 24 9 42 16
31 29 7 44 39 61 55 3 8 5 38 2 12 22 13 18 27 37 41 48 50 24 43 20 45 32 60 17 4 46 26 15 40 54 56 30 53 33 35 6 16 47 58 63 36 62 1 42 14 0 52 9 19 25 59 11 57 34 21 28 49 10 51
11 50 45 46 39 26 58 12 10 35 34 5 17 16 52 23 19 20 55 54 48 18 49 43 13 30 25 56 61 0 33 42 62 63 31 2 51 59 29 40 41 4 8 57 60 3 21 38 27 7 47 14 6 1 44 32 28 37 15 53 22 36 9
10 62 27 34 55 28 56 7 1 26 48 60 43 46 16 35 11 29 8 13 54 50 44 19 38 6 0 24 47 2 22 39 18 42 61 32 45 30 9 57 3 31 4 33 63 17 52 21 20 15 12 23 5 40 36 53 51 49 41 37 14 58 59
5 29 48 28 16 50 40 24 10 54 2 36 18 22 25 4 60 47 41 32 6 34 39 7 46 62 23 44 63 43 42 49 56 8 14 11 31 9 27 55 59 45 20 33 15 58 51 52 13 30 53 19 1 38 17 21 57 61 35 37 0 12 3
7 29 25 63 39 23 41 40 21 19 4 15 22 6 33 42 11 10 54 55 62 50 61 49 35 16 59 3 37 26 20 58 2 45 36 51 28 56 31 24 60 53 32 38 34 52 8 14 57 30 12 48 1 46 13 17 0 47 43 18 44 5 9
46 34 5 30 26 4 39 62 43 60 36 7 48 42 25 6 40 0 29 3 8 59 17 51 47 54 12 22 63 31 20 11 35 14 53 44 56 38 37 27 61 55 50 49 32 41 10 15 52 57 16 24 58 9 19 13 33 21 18 23 2 45 1
23 27 62 26 56 41 61 7 38 63 39 45 20 48 34 28 13 42 53 49 10 19 9 11 25 2 52 58 12 5 14 50 31 51 43 17 37 44 22 36 24 60 47 6 59 32 35 15 16 40 21 3 0 54 4 8 55 33 18 30 57 1 46
10 31 44 46 28 16 48 54 36 35 1 60 49 41 52 8 17 22 57 43 18 4 24 38 39 23 5 59 33 34 47 0 40 3 25 7 2 42 21 14 55 15 61 12 53 6 26 9 11 13 27 37 19 63 32 50 45 29 51 58 56 62 20
23 32 3 30 22 13 21 10 0 57 15 45 2 36 44 35 63 37 11 9 16 54 28 39 17 53 34 55 29 4 41 61 18 24 58 14 47 12 42 50 26 60 1 48 33 27 51 5 25 19 49 20 52 38 46 7 40 8 59 56 62 6 43
31 0 60 15 1 35 37 7 45 63 59 47 43 5 21 18 41 55 44 12 23 26 20 42 2 33 58 53 8 61 34 14 38 19 11 25 49 54 40 6 48 22 16 29 28 39 9 13 46 27 62 51 24 17 10 56 4 3 30 36 50 52 57
3 34 41 13 10 61 16 54 43 44 63 51 40 55 0 9 56 36 38 49 62 17 39 32 1 27 52 2 14 46 7 37 24 59 4 12 23 19 20 6 45 30 53 21 26 22 31 25 5 15 42 8 47 50 60 29 11 35 28 48 18 58 57
28 33 58 25 8 12 41 17 56 40 59 24 29 42 18 55 9 53 2 19 26 50 6 57 31 51 16 5 10 32 7 44 30 52 60 54 13 46 21 20 47 22 49 37 36 62 3 61 27 1 14 45 63 39 23 43 35 15 11 4 0 48 38
11 37 17 47 0 32 30 39 59 24 52 3 63 31 53 10 56 7 42 25 20 40 45 60 48 41 12 6 23 38 49 28 27 61 50 14 54 43 36 29 5 58 21 19 1 2 16 51 22 46 34 33 13 55 9 62 18 26 15 57 44 8 4
54 10 61 30 39 28 51 26 31 63 11 47 43 1 44 33 14 19 22 13 8 18 16 9 41 62 21 38 58 2 20 48 53 52 29 59 57 23 46 37 50 27 34 35 6 7 3 45 17 49 60 4 55 0 42 25 32 12 15 56 24 40 5
43 41 35 63 59 32 58 14 50 61 11 3 9 0 22 55 31 6 23 7 49 46 5 39 57 20 40 1 44 2 33 53 29 51 19 12 16 27 18 13 36 21 28 42 34 45 38 47 48 56 17 8 10 15 24 30 4 62 60 25 52 26 54
62 53 29 23 14 56 7 9 52 21 16 47 8 49 0 45 17 57 33 13 58 25 61 30 36 32 35 10 60 40 50 48 18 46 28 15 4 37 39 24 27 41 54 43 20 5 31 1 42 22 26 11 6 44 12 59 2 51 19 55 63 34 3
3 61 43 23 28 60 4 24 51 47 36 29 35 58 27 42 18 2 22 0 15 37 26 63 17 31 10 33 62 8 13 30 7 44 45 25 20 9 54 1 53 5 55 46 40 52 32 38 12 50 49 21 48 56 57 11 34 19 6 16 59 14 41
60 18 47 57 26 34 61 28 14 1 10 0 53 51 56 33 41 8 27 42 52 63 19 35 9 6 54 37 23 2 22 15 38 21 39 30 45 24 32 48 11 12 16 44 55 62 29 43 17 5 59 7 49 50 58 31 4 25 3 20 13 36 46
37 33 47 53 46 55 29 34 9 12 17 20 3 23 32 40 27 19 4 26 30 57 44 5 31 18 36 10 49 1 35 59 45 51 7 48 58 63 52 43 24 15 61 28 21 14 2 50 42 38 62 56 11 0 8 16 13 54 6 60 25 22 39
16 10 59 63 54 60 56 28 39 62 3 46 34 29 40 17 8 35 20 19 61 47 0 32 4 11 15 27 48 21 18 12 24 26 53 25 13 14 44 31 50 1 37 30 55 52 41 23 7 33 51 6 43 9 38 45 2 36 5 58 22 57 49
37 16 52 39 28 33 32 9 10 36 49 25 23 54 15 56 61 53 19 30 4 11 24 55 14 29 50 26 1 2 63 51 62 58 17 8 5 22 46 18 47 20 35 41 7 57 21 3 44 59 40 6 38 42 13 45 0 34 12 48 60 27 31
51 23 30 7 18 33 3 52 58 46 31 12 16 48 63 5 36 32 6 41 15 25 13 26 9 61 37 39 62 22 49 59 2 29 28 42 34 10 45 56 55 20 8 14 11 43 60 4 40 53 24 1 50 38 57 54 21 19 47 17 0 35 27
19 24 18 0 31 32 29 61 53 48 14 13 60 59 11 8 49 38 2 23 10 4 17 52 21 35 58 51 39 41 7 15 16 6 33 63 9 40 25 27 26 44 50 37 12 36 3 5 47 22 42 34 20 54 43 30 62 28 57 55 56 1 46
8 28 47 60 30 41 24 19 54 0 44 9 22 42 49 14 25 37 5 6 56 61 12 23 26 16 53 11 33 52 7 59 57 39 2 3 38 36 43 34 51 21 62 32 48 4 58 10 15 17 31 18 35 27 20 63 55 50 13 29 40 45 1
46 41 35 9 14 40 60 39 3 59 32 18 54 36 26 38 20 13 8 28 12 55 19 4 53 22 42 61 57 25 15 21 10 17 11 23 31 51 30 62 1 5 43 29 34 0 37 48 24 49 33 58 45 50 63 52 7 6 56 2 27 44 16
50 26 30 2 14 28 29 59 0 45 25 23 44 8 53 12 49 11 5 24 15 6 42 35 51 17 9 36 55 41 38 22 63 32 31 1 40 37 46 47 56 52 3 18 39 4 61 16 27 60 7 21 19 10 54 58 62 57 20 13 33 34 43
10 14 12 9 1 30 4 57 46 43 37 38 45 29 15 48 53 33 18 52 24 16 21 22 7 50 41 51 44 26 35 17 58 27 59 32 55 63 62 56 34 28 3 11 8 31 39 19 47 6 61 60 40 36 2 0 54 25 5 23 20 13 42
7 24 48 0 26 55 37 59 9 1 60 23 5 3 22 20 13 34 56 25 58 51 29 8 43 49 2 27 11 38 35 31 19 42 61 36 28 15 45 6 57 39 41 14 53 21 47 33 40 18 44 54 30 16 52 32 17 12 63 62 10 46 4
44 19 39 6 55 36 52 5 2 33 40 28 17 3 57 16 34 50 13 12 29 45 61 48 0 49 41 21 7 37 53 43 47 24 58 27 10 26 31 15 46 4 11 54 32 42 9 8 1 59 63 35 22 60 56 20 14 25 30 18 62 38 23
8 7 5 43 18 61 54 9 1 51 44 35 55 38 24 17 40 12 30 11 4 45 29 49 10 60 63 62 33 0 46 59 36 34 39 21 41 22 56 26 3 14 42 48 27 25 31 28 23 15 13 53 47 20 2 6 58 19 57 16 50 32 37
8 38 41 55 13 61 45 35 11 40 16 18 1 29 14 48 34 49 9 17 47 2 43 3 31 22 32 46 7 23 5 37 42 39 36 51 28 33 15 6 58 59 27 57 30 0 44 12 26 50 56 52 21 54 62 63 19 10 4 25 24 60 20
19 36 55 30 17 42 33 5 46 4 10 52 26 59 47 16 28 43 60 31 24 13 25 6 12 20 40 22 9 3 27 23 62 39 21 32 56 34 35 58 57 8 1 2 51 0 38 61 7 29 18 53 41 63 50 45 15 48 49 14 44 37 11
56 10 13 54 7 62 41 23 25 63 53 50 16 19 51 52 37 17 4 33 32 14 5 34 47 20 22 8 24 9 2 31 43 11 3 57 27 61 48 39 21 15 49 26 28 59 30 44 1 0 42 6 40 18 12 29 36 60 58 35 46 38 45
55 63 29 6 42 34 25 60 38 20 40 61 35 15 8 33 43 16 46 57 50 58 24 10 23 5 3 9 26 0 11 54 28 62 49 44 27 18 4 52 12 7 37 17 48 21 14 39 41 22 53 13 32 51 31 19 1 59 47 30 36 45 2
14 61 8 40 22 31 62 60 6 5 49 51 38 41 56 30 4 0 47 34 37 20 13 55 18 16 46 59 3 36 43 24 10 25 19 54 50 1 53 17 9 27 28 12 63 39 23 52 26 48 44 29 7 58 32 35 15 45 42 2 11 21 33
20 34 15 37 39 24 44 7 62 60 18 63 29 38 56 50 32 1 45 10 11 21 36 3 9 31 22 49 59 41 43 23 6 17 51 27 13 16 19 54 5 26 53 35 12 46 47 28 40 52 0 4 42 48 55 8 61 30 2 57 25 33 14
42 19 37 22 20 6 14 10 34 35 32 50 47 7 48 54 28 1 18 45 41 33 13 16 52 0 46 44 4 12 57 30 58 49 36 3 24 27 26 55 62 29 9 53 15 61 43 60 40 63 51 5 23 8 31 38 56 21 2 11 39 25 17
46 40 32 15 39 47 42 28 30 57 56 50 9 8 25 18 26 45 12 58 22 54 23 10 62 52 35 2 5 1 3 14 38 34 4 29 11 31 61 24 27 13 44 59 20 17 49 36 33 48 7 51 55 6 16 41 0 53 37 19 43 63 21
17 63 39 23 6 57 29 33 36 52 37 45 40 53 5 11 4 13 7 56 19 43 46 8 42 14 47 38 20 44 51 24 31 32 3 55 22 27 25 35 50 9 0 62 28 10 60 30 41 2 34 59 54 18 49 48 16 21 12 15 58 1 26
29 25 38 55 6 28 20 17 42 57 13 58 14 8 33 16 60 39 21 26 52 54 36 44 4 24 22 27 43 10 47 5 7 49 61 56 59 34 12 23 46 2 32 40 0 41 15 1 9 63 53 18 31 3 37 48 50 35 51 45 11 30 19
61 56 14 37 42 21 27 17 55 29 32 9 35 33 36 31 0 11 44 3 40 28 58 8 7 39 52 4 26 13 2 19 24 6 43 45 23 41 5 49 22 48 10 20 25 1 12 59 47 54 62 51 53 57 34 18 30 46 15 50 16 60 38
